"Date","P1","E1","P2","E2","P3","E3","Q"
2005-01-01,1.25,1.2985,0,1.325,0,1.5554,3.0279254033
2005-01-02,8.23,0.995,0,1.4176,0,1.5933,3.4285239464
2005-01-03,0,1.2932,0,1.4599,0,1.6536,3.6944539678
2005-01-04,0,1.4628,0,1.4087,0,1.6307,3.6321331185
2005-01-05,2.94,1.1834,0,1.356,0,1.6612,3.6621207848
2005-01-06,0.14,1.3756,0.79,1.3761,1.97,1.6926,3.8640565745
2005-01-07,9.77,0.7718,7.1,1.1249,0,1.6479,4.8468930357
2005-01-08,30.93,0.9157,19.2,1.2354,27.74,1.4598,12.5762955886
2005-01-09,0,1.1734,0,1.1877,0,1.6336,13.7213241304
2005-01-10,0,1.3317,0,1.3309,0,1.5516,10.2734417664
2005-01-11,2.46,1.2798,0,1.5022,0,1.7179,8.05549991
2005-01-12,6.94,1.387,0,1.4074,0,1.7231,6.5900378796
2005-01-13,29.01,1.4303,11.7,1.3005,0,1.6077,7.5491034317
2005-01-14,0,1.192,25.03,1.1483,39.66,1.4329,19.4533029148
2005-01-15,0,1.1441,0,1.1324,0,1.3628,17.6760841555
2005-01-16,0,1.1173,0,1.1905,0,1.4,11.3743706556
2005-01-17,0,1.076,0,1.0822,0,1.3098,8.7863589344
2005-01-18,0,1.0136,0,1.0009,0,1.1689,6.7902146935
2005-01-19,0,1.1439,0,1.0937,0,1.2748,5.4546250248
2005-01-20,0,1.4304,0,1.2613,0,1.421,4.6400130835
2005-01-21,0,1.6754,0,1.5285,0,1.6525,4.1713606027
2005-01-22,0,1.7227,0,1.6287,0,1.9242,3.9118025942
2005-01-23,0,1.3546,0,1.2994,0,1.5305,3.7713817321
2005-01-24,0,1.0771,0,1.0347,0,1.1721,3.6961956337
2005-01-25,0,1.3655,0,1.2766,0,1.4216,3.6557393111
2005-01-26,0,1.7684,0,1.5753,0,1.7308,3.6333667035
2005-01-27,0,1.7368,0,1.6149,0,1.9497,3.6202210801
2005-01-28,4.12,0.9955,0,1.2551,0,1.5749,3.7429890229
2005-01-29,13.92,0.8191,9.4,0.9971,6.56,1.1159,5.55911304
2005-01-30,0,0.9129,0,1.1107,7.48,0.9932,7.3256409388
2005-01-31,11.79,0.9815,0,1.2008,0,1.5729,6.6235873815
2005-02-01,19.83,0.7665,38.11,0.7909,15.38,1.28,12.1186355913
2005-02-02,22.83,0.7689,34.89,0.9488,17.84,1.1679,21.8204615671
2005-02-03,0,0.8664,3.09,0.9169,12.51,1.1708,24.6628216066
2005-02-04,0,1.0639,0,1.2518,0,1.6646,18.1654149574
2005-02-05,0,1.6048,0,1.6468,0,1.9421,12.4042187176
2005-02-06,0,1.8181,0,1.7365,0,2.0836,8.9417547028
2005-02-07,0,1.7606,0,1.8422,0,2.2076,6.6647061062
2005-02-08,18.18,1.255,3.95,1.413,0,2.3873,6.1472619083
2005-02-09,36.04,1.2499,14.3,1.4707,12.18,1.9117,10.2275212595
2005-02-10,0,1.8265,6.61,1.5874,7.96,1.9912,12.5775633238
2005-02-11,0,1.8593,0,1.6585,0,1.8827,10.0162000638
2005-02-12,0,2.0721,0,1.8489,0,2.1319,7.5308052277
2005-02-13,7.6,1.6804,0,2.0183,0,2.3245,6.2409690377
2005-02-14,29.46,1.7374,9.66,1.7102,14.83,2.0919,9.552126618
2005-02-15,0,2.5478,0,2.2625,0,2.6142,9.0312260373
2005-02-16,0,2.5947,0,2.3265,0,2.6168,6.6645467005
2005-02-17,0,2.2488,0,2.2165,0,2.6645,5.3914926389
2005-02-18,0,1.9065,0,1.9427,0,2.3222,4.5782312877
2005-02-19,0,2.1254,0,2.0115,0,2.319,4.1038145059
2005-02-20,0,2.4505,0,2.3752,0,2.5767,3.8390998705
2005-02-21,0,2.5182,0,2.3217,0,2.8374,3.6943481041
2005-02-22,0,2.6753,0,2.5896,0,3.0055,3.6151250155
2005-02-23,0,2.91,0,2.516,0,2.7476,3.5707276315
2005-02-24,22,1.775,5.94,1.7053,4.01,1.8376,4.8164667429
2005-02-25,16.32,1.5992,7.51,1.7122,4.99,2.0637,6.7829771022
2005-02-26,0,2.3614,0,2.3156,0,2.7316,6.8482199347
2005-02-27,0.01,2.3677,5,1.7565,7.16,2.05,6.8351186836
2005-02-28,0,2.3627,3,1.5763,0.46,1.901,5.9882548192
2005-03-01,0,2.6233,0,2.3845,0,2.6253,5.256528565
2005-03-02,3.9,1.9523,0,2.2593,0,2.5969,4.8011981577
2005-03-03,4,1.4244,14.54,1.717,8,2.0774,6.1082023469
2005-03-04,0,2.6644,2.94,1.763,8.19,1.6913,7.5710939596
2005-03-05,0,2.9649,0,2.7548,0,3.0684,6.4073950522
2005-03-06,0,2.9572,0,2.8332,0,3.3105,5.2503431559
2005-03-07,13.43,2.354,0,2.8182,0,3.2769,5.0014401267
2005-03-08,16.19,2.4129,5,2.3013,7.09,2.8309,6.2860762082
2005-03-09,0,2.7197,0,2.434,0,2.8817,5.8998539448
2005-03-10,0,2.9253,0,2.5147,0,2.6904,4.9542356461
2005-03-11,0,3.1102,0,2.7513,0,3.0859,4.288450101
2005-03-12,0,3.3125,0,3.0734,0,3.4855,3.8921474244
2005-03-13,0,3.7583,0,3.3817,0,3.8142,3.6756707433
2005-03-14,7.97,2.9568,0,3.1998,0,3.7258,3.8140679187
2005-03-15,0,2.5076,0,2.6475,0,3.5959,3.9072203589
2005-03-16,6.12,1.5985,21.73,1.8461,24.68,2.5698,8.0807519088
2005-03-17,0,1.9424,0,1.4723,4.42,2.2966,8.0311298821
2005-03-18,0,3.0969,0,2.3132,0,2.0995,5.8903294141
2005-03-19,0,3.4214,0,3.0209,0,3.2326,4.9226031135
2005-03-20,23.64,2.6677,0,3.1887,0,3.7476,5.0831518236
2005-03-21,0,2.2296,6.68,2.2762,9.9,3.0365,6.5559268222
2005-03-22,17.18,2.5178,5.85,2.7996,7.12,3.3572,7.22152032
2005-03-23,0,3.9557,12.26,2.9578,11.82,3.4166,8.6921447309
2005-03-24,0,3.6696,0,3.5629,0,4.3845,6.9263114871
2005-03-25,0,3.8577,0,4.0344,7.06,3.6784,6.3596573807
2005-03-26,0,3.8442,0,3.9135,0,4.5694,5.0174586969
2005-03-27,9.05,3.1871,9.26,2.8728,45.6,3.3746,14.792289
2005-03-28,5.51,2.2886,0,3.3598,22.98,3.6052,15.8864186474
2005-03-29,0,3.9343,0,3.6231,0,4.3063,7.8882249869
2005-03-30,0,3.9493,0,3.8474,0,4.6588,4.5314183107
2005-03-31,0,3.9642,31.36,2.7793,0,4.4617,4.9460446534
2005-04-01,9.99,3.4562,112.2,2.8756,102.29,2.8632,38.0271402672
2005-04-02,0,3.8836,0,3.763,42.2,3.2788,45.5907701157
2005-04-03,0,4.0713,0,3.6802,0,4.1204,24.4057596359
2005-04-04,0,4.2739,0,3.9373,0,4.5802,13.7143057766
2005-04-05,0,4.001,0,4.0526,0,4.8147,9.8111082729
2005-04-06,15.05,3.0544,20.12,2.8356,0,4.7612,8.5018859957
2005-04-07,0,4.3048,14.97,2.6108,63.13,3.3287,23.5949688948
2005-04-08,0,3.7979,0,2.9655,0,4.4464,17.3883534192
2005-04-09,0,4.4336,0,3.8392,0,4.3486,7.4653643214
2005-04-10,0,4.5256,0,4.3422,0,5.0663,5.8922585819
2005-04-11,0,3.8855,0,3.979,0,4.7956,4.8867546803
2005-04-12,42.11,3.479,32.97,3.2774,24.27,3.5702,10.917005154
2005-04-13,0,4.5236,0,4.4895,0,5.0389,11.4775107092
2005-04-14,0,4.3439,0,4.1577,0,4.8341,8.2609741209
2005-04-15,0,4.3658,0,4.026,0,4.4712,6.4820290654
2005-04-16,0,4.7593,0,4.5105,0,5.1245,5.2197986631
2005-04-17,0,4.9502,0,4.5923,0,5.1672,4.4321914611
2005-04-18,0,4.7377,0,4.5772,0,5.2702,3.9687381855
2005-04-19,0,4.515,0,4.4626,0,5.2718,3.7073306474
2005-04-20,0,4.7025,0,4.4729,0,4.946,3.5625513027
2005-04-21,0,4.6322,0,4.6739,0,5.3018,3.4819203571
2005-04-22,0,4.4936,0,4.6536,23.9,4.295,6.3424635528
2005-04-23,0,4.97,0.72,4.5166,10.7,4.2202,6.5964505898
2005-04-24,0,4.3926,0,3.9593,0,4.593,4.3868766855
2005-04-25,5.95,3.2382,0,3.8245,0,4.4528,3.7644004584
2005-04-26,7.12,2.8695,12.1,2.9401,28.74,3.4574,9.525444948
2005-04-27,0,4.7563,0,4.4655,9.25,3.9899,9.1137611235
2005-04-28,0,5.1453,0,4.7,0,5.4213,5.3673524407
2005-04-29,0,5.1462,0,4.8316,0,5.4384,4.1188184801
2005-04-30,6.92,4.5038,52.96,3.3041,0,5.0881,5.5298193489
2005-05-01,0,3.9847,7.75,3.1945,64.71,3.5943,22.3033586683
2005-05-02,0,4.5652,0,4.3533,0,5.2334,15.7738766095
2005-05-03,0,4.7266,0,4.427,0,5.3806,6.9173835578
2005-05-04,1.59,4.186,0,4.1303,0,5.2201,5.5803853821
2005-05-05,0,4.5714,0,4.5246,0,5.0621,4.7226705327
2005-05-06,0,5.1734,0,4.7502,4.95,4.3511,4.5247097653
2005-05-07,0,5.4298,0,4.7973,0,5.565,3.9121418708
2005-05-08,0,5.2162,0,4.7888,0,5.7737,3.6257569986
2005-05-09,4.43,3.7475,0,4.7848,0,5.8396,3.629819681
2005-05-10,0,5.0747,3.79,3.6261,0,5.6985,3.7152660106
2005-05-11,0,5.4511,0,5.0827,0,5.8752,3.6855839522
2005-05-12,0,5.6274,0,5.2915,0,6.0609,3.5806748399
2005-05-13,0,5.3796,0,5.1096,0,6.0484,3.4813128109
2005-05-14,0,5.3867,0,5.0575,0,5.8217,3.4084428071
2005-05-15,0,5.3945,0,4.7338,0,5.3531,3.3594274003
2005-05-16,0,5.5418,0,5.2318,0,5.7665,3.3269705841
2005-05-17,0,5.3866,0,5.1076,0,6.1155,3.3047953654
2005-05-18,0,5.8314,0,5.3072,0,6.2547,3.2886217173
2005-05-19,0,5.7826,0,5.4093,0,6.4204,3.2758162269
2005-05-20,0,5.606,0,5.3528,0,6.2293,3.2648610519
2005-05-21,0,5.5441,0.29,5.2482,0,6.2598,3.2577451145
2005-05-22,0,6.132,0,5.3123,0,6.378,3.2522056101
2005-05-23,0,6.1789,0,5.4512,0,6.2299,3.2432605561
2005-05-24,0,6.0798,0,5.5701,0,6.1579,3.2330524604
2005-05-25,0,5.67,1.46,5.1489,0,6.763,3.2348695919
2005-05-26,0,5.4908,0,5.3098,0,6.3141,3.241628557
2005-05-27,0,5.8617,0,5.5106,0,6.6209,3.2332569564
2005-05-28,0,6.0716,0,5.6081,0,6.6963,3.2188632481
2005-05-29,13.63,4.572,3.63,5.043,0,6.379,3.6662869642
2005-05-30,15.7,3.3858,49,3.3804,0.64,5.8429,5.4134577628
2005-05-31,7.17,3.1511,18.48,2.5822,13.94,3.6494,8.4586647723
2005-06-01,4.17,2.8444,26.84,2.2279,52.17,2.8169,19.3281477673
2005-06-02,0,4.9556,0,4.2659,12.08,3.698,14.3754216833
2005-06-03,0,5.7399,0,5.2801,18.83,3.9721,12.0957897585
2005-06-04,0,5.8488,0,5.2852,1.75,5.0989,7.4706406252
2005-06-05,0,5.9275,0,4.9614,0,4.9994,5.0298137888
2005-06-06,17.13,4.6944,0,4.6872,0,5.6419,4.7713638606
2005-06-07,20.31,4.6,8,3.6591,4.29,5.3635,5.8806300421
2005-06-08,11.55,4.0863,0,5.547,0,6.3318,6.029786373
2005-06-09,0,5.7555,0,5.6727,10.13,5.1623,6.369306654
2005-06-10,0,5.6213,10.87,4.1175,0,6.0228,4.97264685
2005-06-11,0,5.6376,13,3.2307,31.08,3.5099,10.0292789523
2005-06-12,0,5.7859,11.44,3.8957,51.53,3.361,19.2222847581
2005-06-13,0,5.6848,0,5.3462,0,5.9297,9.9750285057
2005-06-14,0,6.0048,0,5.5961,0,6.5573,5.0180388048
2005-06-15,0,6.0333,0,5.8224,0,6.7455,4.3453285493
2005-06-16,0,6.3318,0,6.104,0,7.0947,3.9349356736
2005-06-17,14.55,4.7803,0,6.0389,0,7.1194,4.137023287
2005-06-18,18.89,3.7812,8,4.187,0.9,6.3359,5.048206759
2005-06-19,0,6.098,0,5.9003,0,7.0407,5.2045609442
2005-06-20,0,6.1667,0,5.8084,0,6.9332,4.5403083828
2005-06-21,0,6.0309,0,5.788,0,6.716,3.9696995161
2005-06-22,0,6.2111,0,5.9632,0,7.0646,3.6328812841
2005-06-23,0,6.2694,0,6.0604,0,7.226,3.4554154602
2005-06-24,0,6.2538,0,6.0776,0,7.2067,3.3637377237
2005-06-25,0,6.1933,0,6.0573,0,7.162,3.3146112981
2005-06-26,0,6.1551,0,5.9719,0,6.9612,3.2859844982
2005-06-27,0,6.2669,0,5.7925,0,6.1999,3.2672092687
2005-06-28,0,6.085,0,5.7043,0,6.411,3.2532367089
2005-06-29,0,6.2533,0,5.4912,5.96,4.0545,3.5542776814
2005-06-30,0,6.2007,0,5.4202,11.19,4.3459,4.2531618728
2005-07-01,0,6.423,0,5.8898,0,6.6615,3.4275091262
2005-07-02,24.04,5.2068,0,5.6014,0,7.04,4.0561826298
2005-07-03,11.97,4.6587,0,6.0817,12.19,5.4186,5.9663587277
2005-07-04,0,5.7424,0,5.5346,0,6.4463,4.843913433
2005-07-05,0,5.7296,33.82,4.1018,8.85,4.1778,5.3864006007
2005-07-06,0,5.69,70.73,4.0752,6.89,4.155,7.6941576431
2005-07-07,0,5.6801,26.76,3.9768,18.68,4.5023,13.2315251389
2005-07-08,9.11,4.5942,0,5.6819,0,6.5911,11.775287498
2005-07-09,0,5.3792,10.8,4.2347,0,6.6513,10.0642711721
2005-07-10,0,6.0767,13.76,3.6039,24.1,4.7231,12.3580778322
2005-07-11,0,5.6045,15.85,2.9856,66.02,2.923,24.8202036599
2005-07-12,0,6.0909,0,5.1646,0,5.531,12.7089336498
2005-07-13,0,5.9381,5.75,4.0777,15.11,4.7709,9.623474678
2005-07-14,6.88,4.1548,4.5,3.8988,10.32,4.6992,8.8345403446
2005-07-15,9.08,4.0415,9.68,3.7481,12.2,4.6035,9.134191498
2005-07-16,13.78,3.4022,12.41,3.8555,14.91,4.5482,10.5712726389
2005-07-17,10.58,3.6697,7.88,3.8254,0,6.3973,8.5478128134
2005-07-18,0,5.3809,0,5.4792,0,6.7915,7.216871294
2005-07-19,0,5.6193,0,5.3074,0,6.3766,5.9248697131
2005-07-20,0,5.6621,0,5.4241,0,6.5333,4.8979787685
2005-07-21,0,5.8456,15.53,4.4755,2.34,6.3204,4.8128923699
2005-07-22,28.81,4.7353,5.47,5.2402,6.36,5.5264,6.4185203771
2005-07-23,0,5.4791,0,5.7219,0,6.8291,6.5613761838
2005-07-24,0,5.7462,0,5.8459,0,7.1196,5.5763064792
2005-07-25,0,6.0264,0,5.8706,0,7.2347,4.6486831018
2005-07-26,0,6.0329,0,5.5927,0,7.0821,4.0565704403
2005-07-27,0,5.8554,0,5.4322,0,7.0147,3.7226956416
2005-07-28,0,6.0738,0,5.6391,0,6.7591,3.541767981
2005-07-29,0,5.6691,14.88,4.3704,15.68,5.2916,5.0857455768
2005-07-30,0,5.651,0,5.0449,22.73,5.0479,7.8562926902
2005-07-31,0,5.7795,2.23,4.2801,9.92,4.4536,6.7131229496
2005-08-01,5.58,4.8018,11.76,4.0372,14.89,4.4984,7.6272966739
2005-08-02,5.22,4.6608,9.03,3.6655,0,5.3302,5.8314387903
2005-08-03,0.55,6.0401,0,4.7927,13.36,3.7349,7.3589781746
2005-08-04,0,6.0471,12.58,4.073,7.47,4.315,6.7142159623
2005-08-05,0,6.2238,18.81,3.9664,12.14,3.5181,7.8654296938
2005-08-06,0,6.2607,12.43,3.9766,30.07,3.483,13.2232383118
2005-08-07,0,6.1732,0,5.2623,0,5.2014,8.1581860741
2005-08-08,6.7,4.7374,0,5.3204,4.93,4.8175,6.4586046981
2005-08-09,10.42,4.3977,0,5.3774,0,6.3622,5.5841917546
2005-08-10,0,5.8573,10.33,4.1722,12.89,4.992,6.8894518734
2005-08-11,0,5.821,13.75,4.2066,20.75,4.9459,9.33502594
2005-08-12,0,6.0054,0,5.0733,18.76,4.9285,10.1124591705
2005-08-13,0,5.9726,0,5.5988,0,6.4101,6.1072902807
2005-08-14,0,5.931,0,5.4012,0,6.5301,4.4680590439
2005-08-15,4.14,5.545,0,5.4766,0,6.6602,4.1142928296
2005-08-16,7.94,4.5749,0,5.6016,22.28,5.2263,7.1909424921
2005-08-17,0,5.6759,0,5.4225,0.45,6.2951,5.0967091747
2005-08-18,0,5.5969,0,5.3893,0,6.4926,3.9277892472
2005-08-19,0,5.5441,0,5.3646,0,6.4687,3.5918028398
2005-08-20,0,5.6218,0,5.322,0,6.3852,3.4372462338
2005-08-21,0,5.6536,6.65,4.2599,0,6.2965,3.462320284
2005-08-22,27.13,4.533,7.27,4.211,0,6.3963,4.5366282948
2005-08-23,0,5.5849,31.66,4.098,1.85,5.5939,5.9838543108
2005-08-24,0,5.4781,0,4.8626,0,6.0668,6.2616055899
2005-08-25,1.13,5.191,0,5.188,0,6.0851,5.6549576884
2005-08-26,0,5.0088,0,5.008,0,6.0657,4.8996015879
2005-08-27,0,5.0247,0,4.9013,0,5.8387,4.2749398496
2005-08-28,0,5.0933,0,4.8257,0,5.5761,3.8572978389
2005-08-29,0,4.2991,73.4,3.2181,17.51,3.4576,7.5408595397
2005-08-30,0,4.1504,165.29,2.3673,33.32,2.8704,24.3546853076
2005-08-31,0,5.2195,0,4.5481,4.64,4.2455,31.6715692614
2005-09-01,0,5.4141,0,4.7653,19.99,4.4157,31.0699066702
2005-09-02,0,5.3293,0,4.8209,0,6.0325,21.3865714414
2005-09-03,0,5.2027,0,4.9786,0,5.864,14.2210220055
2005-09-04,0,5.381,0,5.0506,0,5.8996,9.7463849879
2005-09-05,0,5.1921,0,4.6578,0,5.6768,6.9717546417
2005-09-06,0,4.9187,0,4.7266,0,5.612,5.3548702878
2005-09-07,0,4.9779,0,4.581,0,5.4334,4.4532692894
2005-09-08,0,4.8981,0,4.6079,0,5.3906,3.9649916311
2005-09-09,0,4.8585,0,4.5732,0,5.6306,3.7048271087
2005-09-10,0,4.9061,0,4.5659,0,5.6137,3.566451047
2005-09-11,0,4.786,0,4.7056,0,5.5453,3.4914908324
2005-09-12,0,4.7747,0,4.6655,0,5.5119,3.4489149969
2005-09-13,0,4.7613,0,4.5538,0,5.4054,3.4226357725
2005-09-14,0,4.5469,0,4.5205,0,5.33,3.4044829815
2005-09-15,0,4.4535,0,4.552,0,5.2727,3.390374202
2005-09-16,0,4.3424,0,4.3794,0,5.2564,3.3783021064
2005-09-17,0.1,4.2172,0,4.2278,0,5.2644,3.3704915377
2005-09-18,0,4.3847,0,4.2567,0,5.1571,3.3620736716
2005-09-19,0,4.5508,0,4.3966,0,5.1671,3.3502415617
2005-09-20,0,4.6765,0,4.3774,0,5.1851,3.3388649958
2005-09-21,0,4.6921,0,4.3629,0,5.1161,3.328499795
2005-09-22,0,4.5747,0,4.1402,0,4.8071,3.3188473547
2005-09-23,0,3.9931,7.61,2.675,4.54,3.4017,3.6540960435
2005-09-24,86.15,1.9314,9.71,2.0851,1.55,3.5901,6.6038382128
2005-09-25,55.26,1.7383,0.64,2.3428,42.95,2.769,17.4988385413
2005-09-26,0,3.6197,0,3.2417,30.75,2.7395,18.2969003934
2005-09-27,0,3.8587,0,3.8244,53.03,2.5384,22.4298670757
2005-09-28,0,3.7729,0,3.8721,0,3.5831,10.1871392433
2005-09-29,0,3.6727,0,3.5669,0,4.2298,5.9489797531
2005-09-30,0,3.3438,0,3.7654,0,4.2982,4.9782484114
2005-10-01,0,3.7454,0,3.6178,0,4.0554,4.1499523616
2005-10-02,0,3.5628,0,3.4377,0,3.7453,3.6705082513
2005-10-03,0,3.5009,0,3.3236,0,3.7264,3.4410863318
2005-10-04,0,3.4235,0,3.3476,0,3.8972,3.339587369
2005-10-05,0,3.4533,0,3.3057,0,3.789,3.294593082
2005-10-06,0,3.5451,0,3.2237,3.25,2.649,3.4618345082
2005-10-07,0,3.2892,0,2.9793,6.71,1.7704,3.8458910448
2005-10-08,0,2.568,0,2.7165,0,3.3948,3.3510301123
2005-10-09,0,2.8396,0,3.0652,0,3.3642,3.2908678986
2005-10-10,0,2.9692,0,3.0746,0,3.3647,3.2647677814
2005-10-11,0,3.0449,0,3.1363,0,3.7101,3.2491948515
2005-10-12,0,3.2221,0,3.1646,0,3.8289,3.2380109268
2005-10-13,0,3.1794,0,3.1031,0,3.6988,3.2290272034
2005-10-14,0,3.1966,0,3.0932,0,3.7392,3.2213005974
2005-10-15,0,3.1298,0,3.0235,0,3.6689,3.21437046
2005-10-16,0,3.1016,0,3.0144,0,3.5828,3.2079908644
2005-10-17,0,3.0698,0,2.8727,0,3.362,3.2020229003
2005-10-18,0,3.0847,0,2.7962,0,3.2636,3.1963871227
2005-10-19,0,3.0565,0,2.877,0,3.2989,3.1910314889
2005-10-20,0,2.9869,0,2.8426,0,3.3609,3.1859151173
2005-10-21,0,2.7783,0,2.8019,0,3.3762,3.1810067801
2005-10-22,0,2.5959,0,2.6628,0,3.3064,3.1762862276
2005-10-23,0,2.4373,0,2.3691,0,2.8807,3.1717487716
2005-10-24,0,2.2095,0,2.2116,0,2.716,3.1674025745
2005-10-25,0,1.9548,0,1.8504,0,2.2393,3.1632636347
2005-10-26,0,1.9806,0,1.8228,0,2.1962,3.1593480575
2005-10-27,0,2.0069,0,1.9085,0,2.3121,3.1556559808
2005-10-28,0,1.9877,0,1.9168,0,2.3617,3.1521703663
2005-10-29,0,1.9685,0,1.8839,0,2.3278,3.1488669803
2005-10-30,0,2.0457,0,1.9041,0,2.2831,3.1457209926
2005-10-31,0,2.1499,0,1.9552,0,2.2966,3.1427077834
2005-11-01,15.17,1.7581,4.41,1.608,0,2.316,3.6527769976
2005-11-02,0,1.8568,0,1.7979,16.16,1.6013,5.4942488489
2005-11-03,0,1.9249,0,1.849,0,2.2556,3.9262423118
2005-11-04,0,2.0167,0,1.9682,0,2.3595,3.5144140967
2005-11-05,0,1.9829,0,1.8084,0,2.2952,3.3212562821
2005-11-06,0,2.0895,5,1.5267,6.64,1.8971,3.88667283
2005-11-07,0,2.0758,0,2.0017,0,2.3205,3.362222267
2005-11-08,0,2.0985,0,2.0555,0,2.4002,3.2978729836
2005-11-09,0,1.9121,0,1.9973,0,2.3335,3.2529896093
2005-11-10,0.71,1.8324,0,1.8694,0,2.191,3.2425797857
2005-11-11,0,1.7315,0,1.6498,0,1.9007,3.2338434657
2005-11-12,0,1.8065,0,1.6118,0,1.9225,3.2058597125
2005-11-13,0,1.8422,0,1.728,0,2.0544,3.1842716394
2005-11-14,0,1.8256,0,1.7247,0,2.0083,3.1714010204
2005-11-15,1.52,1.747,0,1.6167,0,2.0035,3.2123609892
2005-11-16,35.53,1.4672,8.8,1.4519,16.47,1.7322,6.2070967412
2005-11-17,0,1.1821,0,1.1295,0,1.4437,5.5153351073
2005-11-18,0,1.1708,0,1.1201,0,1.3616,4.6183924799
2005-11-19,0,1.2469,0,1.2237,0,1.453,3.9138231373
2005-11-20,0,1.3171,0,1.2926,0,1.5527,3.5242686166
2005-11-21,0,1.3129,7.15,1.0879,6.93,1.3547,4.1469632007
2005-11-22,0,1.2878,0,1.1187,0.58,1.2162,3.5800038516
2005-11-23,0,1.3727,0,1.2216,0,1.4069,3.4325988187
2005-11-24,0,1.4796,0,1.3558,0,1.5282,3.3538098517
2005-11-25,0,1.4329,0,1.3753,0,1.6708,3.2961116904
2005-11-26,0,1.3279,0,1.3292,0,1.548,3.2573364784
2005-11-27,31.47,1.242,36.35,1.2215,30.87,1.3793,10.1942507061
2005-11-28,6.64,1.3634,0,1.4182,24.88,1.2957,13.3667980841
2005-11-29,0,1.2187,1.59,1.2253,11.36,1.5548,10.1636487609
2005-11-30,0,1.0932,0,1.0477,0,1.3532,5.8783089751
2005-12-01,0,1.1552,0,1.0906,0,1.2809,4.4740437629
2005-12-02,0,1.1753,0,1.0937,0,1.3326,3.9097783973
2005-12-03,0,1.2529,0,1.1642,0,1.3166,3.6129017822
2005-12-04,0,1.5861,0,1.396,0,1.6491,3.4553190314
2005-12-05,8.46,1.1215,35.18,1.1057,15.1,1.442,7.1708902699
2005-12-06,0,0.9285,0,0.8728,12.55,1.128,8.9750559235
2005-12-07,0,0.9666,0,0.9472,0,1.1924,6.217534222
2005-12-08,4.68,0.8562,0,1.0237,0,1.1585,5.1188962185
2005-12-09,0,0.7772,6.49,0.8364,0.03,1.2184,4.7179866717
2005-12-10,0,0.8477,0,0.8483,0,1.1145,4.4115380104
2005-12-11,0,0.9866,0,0.9358,0,1.1843,4.0685402941
2005-12-12,0,1.0718,0,1.0377,0,1.2,3.7904552882
2005-12-13,0,1.0795,0,1.0452,0,1.2416,3.6012907014
2005-12-14,0,1.1228,0,1.1033,0,1.218,3.4841821823
2005-12-15,67.24,0.9777,35.76,1.0134,49.14,1.1632,17.1529827104
2005-12-16,0,0.9587,0,0.9307,0,1.1663,12.359786151
2005-12-17,7,0.726,0,0.8418,8.79,0.994,10.2542081288
2005-12-18,0,0.8892,1.55,0.8999,6.83,0.8616,8.6346872719
2005-12-19,0,0.9501,0,0.9833,0,1.1563,5.9294432558
2005-12-20,0,0.8938,0,0.9274,0,1.1279,4.7815692248
2005-12-21,0,0.7717,0,0.8879,0,1.0627,4.1378172792
2005-12-22,0,0.8898,0,0.8806,0,1.0288,3.7643664764
2005-12-23,0,0.9674,0,0.925,0,1.0493,3.5663687163
2005-12-24,0,1.092,0,1.0978,0,1.146,3.4658105524
2005-12-25,0,1.2064,11.17,1.002,15.07,1.2154,6.442842157
2005-12-26,0,1.0462,0,0.9664,0,1.1388,4.8444349947
2005-12-27,0,1.1612,0,1.0696,0,1.2106,4.2069061264
2005-12-28,0,1.3657,0,1.245,0,1.3689,3.9332996308
2005-12-29,0,1.2138,0,1.206,0,1.4684,3.7226842402
2005-12-30,0,1.2171,0,1.1533,0,1.2882,3.5765327371
2005-12-31,0,1.2743,0,1.2454,0,1.3445,3.4838262988
2006-01-01,0,1.3661,0,1.172,0,1.3308,3.4280241234
2006-01-02,0,1.4853,0,1.3306,28.49,1.3901,8.7305034781
2006-01-03,0,1.2981,0,1.3766,0.8,1.6213,5.1801863351
2006-01-04,0,1.3378,0,1.235,0,1.3963,3.6034769696
2006-01-05,0,1.3668,0,1.2932,0,1.4748,3.4365373464
2006-01-06,0,1.1608,0,1.0244,0,1.3414,3.3902826234
2006-01-07,0,1.0452,0,0.8616,0,0.983,3.3692998972
2006-01-08,0,1.2622,0,1.0914,0,1.199,3.3569629114
2006-01-09,0,1.5091,0,1.3476,0,1.4744,3.3484225751
2006-01-10,0,1.4784,0,1.4186,0.75,1.6392,3.4132490527
2006-01-11,6.42,1.0034,0,1.318,2.38,1.5822,3.7849625821
2006-01-12,0,1.2305,0,1.2876,2,1.5762,3.9025608348
2006-01-13,7,1.2414,14.42,1.1626,0,1.6053,4.1371589416
2006-01-14,0,1.2302,0.08,1.2006,20.22,1.3507,7.9699553974
2006-01-15,0,1.2493,0,1.1501,0,1.3364,5.3702130663
2006-01-16,0,1.3507,0,1.2428,0,1.474,4.1594979284
2006-01-17,43.18,1.1412,12.64,1.2099,7.56,1.4835,6.6917002171
2006-01-18,0,1.1679,0,1.1741,30.83,1.3462,13.8619873438
2006-01-19,0,1.4187,0,1.2735,0,1.4445,7.997046059
2006-01-20,0,1.4769,0,1.3768,0,1.5654,4.8132559118
2006-01-21,0,1.5718,23.68,1.0645,2,1.7162,5.0386836714
2006-01-22,11.18,0.9749,2.59,1.2987,0.21,1.7136,5.7221645847
2006-01-23,31.57,0.814,6.9,1.2539,0,1.8446,6.9333131699
2006-01-24,0,1.1706,0,1.4419,6.02,1.7104,7.9906523718
2006-01-25,0,1.4705,0,1.4248,0,1.7143,6.0693316625
2006-01-26,0,1.4219,0,1.3762,0,1.6049,4.8245738326
2006-01-27,0,1.3373,0,1.3995,0,1.6594,4.126436327
2006-01-28,0,1.6382,0,1.5943,0,1.7699,3.7549395721
2006-01-29,29.18,1.4859,12.44,1.3519,8,1.5953,5.8510452209
2006-01-30,0,1.827,0,1.7156,7.26,1.6758,7.1487233146
2006-01-31,0,1.6298,0,1.5615,5.48,1.6468,6.4570970874
2006-02-01,0,1.6691,0,1.5681,0,1.7861,4.7711933939
2006-02-02,29.27,1.6288,16.88,1.4961,10.99,1.74,7.4106556163
2006-02-03,0,1.9471,0,1.857,22.87,1.731,12.1312446697
2006-02-04,2.87,1.5184,0.58,1.705,0,2.0914,7.6287598815
2006-02-05,0,1.5643,0,1.4593,0,1.7478,5.0994286511
2006-02-06,0,1.7214,0,1.6615,0,1.8373,4.3139853224
2006-02-07,0,1.7959,7.73,1.5484,5.64,1.8106,4.96145262
2006-02-08,0,1.6578,0,1.5438,0,1.8223,4.3638849203
2006-02-09,0,1.8403,0,1.6208,0,1.8929,4.044819551
2006-02-10,17.65,1.3204,0,1.551,0,1.8431,4.3763037916
2006-02-11,55.86,1.2897,31.32,1.3786,25.02,1.6834,12.0676230342
2006-02-12,0,1.4324,0,1.3644,0,1.704,11.0579827491
2006-02-13,0,1.5503,0,1.4001,0,1.5714,7.9623004307
2006-02-14,0,1.7561,0,1.6134,0,1.8286,6.1705455186
2006-02-15,0,2.0514,0,1.9077,0,2.1526,5.1015826749
2006-02-16,0,2.346,0,2.0783,0,2.4193,4.423585536
2006-02-17,0,2.3719,0,2.0614,0,2.6783,3.9434632254
2006-02-18,3.03,1.2623,4.36,1.6688,0,2.6254,3.8790227451
2006-02-19,4.27,0.9529,2.58,1.3706,7.86,1.9099,4.9806380102
2006-02-20,4.21,0.761,0,1.2191,0.34,1.768,4.5742753248
2006-02-21,2.84,1.0375,1,1.3845,0,1.4116,4.3611129804
2006-02-22,3.51,1.5941,0,1.9428,0,2.2277,4.2116851469
2006-02-23,12.57,1.8817,0,2.5145,0,2.8243,4.3838168878
2006-02-24,0,2.1812,0,2.3024,1.9,2.637,4.4994226433
2006-02-25,26.53,1.7378,22.54,1.8187,2.09,2.7007,5.6139200661
2006-02-26,26.99,1.5194,48.24,1.5097,41.4,1.8272,17.3111955308
2006-02-27,0,2.238,0,2.152,0,2.5413,14.5552253296
2006-02-28,0,2.7065,0,2.413,0,2.7631,10.003767371
2006-03-01,0,2.9668,0,2.7214,0,3.1144,7.6937209516
2006-03-02,0,2.8977,0,2.8793,0,3.3808,5.9944655832
2006-03-03,0,2.9191,0,2.8996,0,3.5491,4.8817254385
2006-03-04,0,2.804,0,2.6688,0,3.1378,4.2103436003
2006-03-05,0,2.8991,0,2.6578,0,3.0258,3.8295113627
2006-03-06,0,3.1501,0,2.9785,0,3.4011,3.6209786405
2006-03-07,0,3.3277,0,3.0252,0,3.5082,3.5084769037
2006-03-08,0,3.3661,0,3.0011,0,3.2958,3.4474488417
2006-03-09,0,3.2713,0,2.9552,0,3.3231,3.413275966
2006-03-10,33.45,2.6764,3.15,2.3933,24.1,2.5714,7.6136262766
2006-03-11,0,3.5272,0,2.8352,6.92,2.0204,7.4564023609
2006-03-12,0,3.096,0,2.349,0,3.3726,5.1523301995
2006-03-13,0,3.0671,8.78,2.216,0,3.4943,4.3576832039
2006-03-14,0,3.5216,24.27,2.7192,7.64,2.7971,5.8438121427
2006-03-15,0,3.0957,0,2.9504,0,3.642,5.8769762919
2006-03-16,0,3.2361,0,3.0128,0,3.6087,5.4116282337
2006-03-17,0,3.3564,4.12,2.2603,0,3.4741,4.9041828777
2006-03-18,0,3.0643,0,3.3682,0,4.1444,4.51661142
2006-03-19,10.71,1.0877,0,1.9601,0,3.3305,4.4779658488
2006-03-20,30.02,1.5129,0,2.3546,0,3.3391,5.345958627
2006-03-21,41.37,2.2558,12.44,2.6541,3.35,3.3676,7.3648432281
2006-03-22,0,2.8171,0,3.2907,0,4.2676,7.5618216985
2006-03-23,0,2.1412,0,2.5459,0,3.216,6.118704156
2006-03-24,0,2.9243,0,2.88,0,3.5053,5.0029284325
2006-03-25,0,3.1661,0,2.9821,0,3.3384,4.3800656255
2006-03-26,0,3.4552,0,3.0934,0,3.4817,3.9511212267
2006-03-27,0,3.6161,0,3.158,0,3.5041,3.6525241643
2006-03-28,0,3.5641,0,3.4875,0,3.9938,3.4863008583
2006-03-29,5.37,2.3188,0,3.1719,0,4.1368,3.5736884379
2006-03-30,0,3.8235,0,3.4639,0,4.0593,3.6368864471
2006-03-31,0,4.1039,0,3.6364,0,4.674,3.5144478228
2006-04-01,0,3.7536,0,3.6695,0,4.5069,3.4095855493
2006-04-02,0,4.0318,0,3.7077,0,4.475,3.3505353016
2006-04-03,0,4.4971,0,4.1084,0,4.6143,3.3203325368
2006-04-04,0,4.8985,0,4.4499,0,5.226,3.3038256413
2006-04-05,0,4.4788,0,4.208,0,4.8231,3.2929991483
2006-04-06,0,4.5187,0,4.3965,0,5.0065,3.2843340498
2006-04-07,0,4.0724,0,4.4581,0,5.1133,3.2764311207
2006-04-08,8.37,3.9579,0,3.9657,0,4.7773,3.5354831798
2006-04-09,0,4.4553,0,4.313,2.03,4.8778,3.770478017
2006-04-10,0,4.4057,0,4.2089,0,4.7186,3.5303356035
2006-04-11,0,4.7682,0,4.4472,0,4.9754,3.3806465171
2006-04-12,0,4.7632,0,4.4231,0,5.0175,3.2966514628
2006-04-13,0,4.7912,0,4.5226,0,5.02,3.2552377516
2006-04-14,0,5.1014,0,4.6963,0,5.3723,3.2342714581
2006-04-15,0,4.9126,0,4.7686,0,5.4497,3.2219106825
2006-04-16,0,4.8288,0,4.633,0,5.3385,3.2129347941
2006-04-17,0,5.0141,0,4.4874,0,4.8989,3.2052737327
2006-04-18,0,5.1711,0,4.8505,0,5.0455,3.1981575758
2006-04-19,0,5.1612,0,4.8003,0,5.5348,3.1913053369
2006-04-20,0,4.9064,0,4.5832,0,5.235,3.184624676
2006-04-21,0,4.6143,0,4.643,0,5.438,3.1780950887
2006-04-22,26.05,3.3104,10.03,3.45,28.46,4.201,7.5183335065
2006-04-23,0,5.1928,0,4.7821,0,5.3517,5.4475974278
2006-04-24,0,5.3412,0,4.9205,0,5.7058,4.3731709639
2006-04-25,0,4.9321,0,4.7065,0,5.6812,3.7963528376
2006-04-26,27.82,3.3774,43.72,3.2811,13.38,4.0027,6.5118798105
2006-04-27,0,3.9797,9.11,3.4934,5.04,3.8237,7.5340265226
2006-04-28,0,4.6748,0,4.5599,0,5.4114,6.5061728318
2006-04-29,0,3.6519,0,4.4924,0,5.2946,5.4407643983
2006-04-30,44.6,3.3592,23.91,2.9125,0,3.5657,6.5448500601
2006-05-01,0,5.3338,12.72,2.9514,2.96,3.1797,8.0435430842
2006-05-02,0,5.2803,0,4.3587,0,5.0677,7.0714789374
2006-05-03,0,5.2354,0,4.7873,0,5.6106,5.7889012319
2006-05-04,0,4.9914,0,4.8464,0,5.9979,4.799752803
2006-05-05,3.53,4.1482,0,4.7034,0,5.68,4.276931582
2006-05-06,8.59,3.3796,0,4.3014,0,5.4928,4.2354536587
2006-05-07,13.47,2.9982,9.2,2.987,14.7,4.1345,5.9839378165
2006-05-08,0,3.6812,8.67,3.3028,19.25,3.9817,8.0670716798
2006-05-09,0,5.3632,9.84,3.8138,16.78,4.3247,8.6156176766
2006-05-10,0,5.0646,17,3.9227,25.27,4.2024,11.2120464876
2006-05-11,0,5.9746,28.19,4.0185,33.29,4.1264,15.0820892216
2006-05-12,0,5.4957,0,4.7975,0,5.783,8.9166309851
2006-05-13,0,5.7936,0,5.0375,0,5.8,6.5207471424
2006-05-14,0.67,5.6875,0,5.2148,0,6.1041,5.4821348158
2006-05-15,3.13,4.3057,0,4.6561,0,5.708,4.7863769767
2006-05-16,0,5.2123,0,4.807,0,5.9833,4.2899763517
2006-05-17,0,5.3412,0,4.9148,0,5.7262,3.8838865513
2006-05-18,0,5.7473,0,5.1354,0,5.8492,3.627755236
2006-05-19,0,6.0998,0,5.5633,0,6.5632,3.48410952
2006-05-20,0,6.0992,0,5.6606,0,6.4636,3.4061165464
2006-05-21,0,6.053,0,5.7189,0,6.8653,3.3626284113
2006-05-22,0,5.905,0,5.5345,0,6.8746,3.3363996536
2006-05-23,0,5.8927,0,5.6161,0,6.8046,3.3186035261
2006-05-24,0,6.0147,0,5.6892,0,6.7276,3.3048865592
2006-05-25,0,5.9036,0,5.7173,0,6.7094,3.2931452687
2006-05-26,0,5.7199,0,5.6119,0,6.5996,3.2823851564
2006-05-27,0,5.7619,0,5.5691,0,6.5921,3.2721532652
2006-05-28,0.01,5.5899,0,5.5881,0,6.7433,3.262571293
2006-05-29,9.1,3.8034,0,5.8743,0,6.9342,3.5430593684
2006-05-30,6.73,3.7529,5,4.6072,0,6.909,3.9764480906
2006-05-31,2.47,5.0827,0,5.6676,0,7.0085,4.0759829539
2006-06-01,0,5.5681,0,5.6579,0,7.0425,3.8354684177
2006-06-02,6.17,4.7026,0,5.6516,10.54,5.508,4.4368953241
2006-06-03,2.37,5.4482,8.01,4.3214,0,6.2825,3.8993758544
2006-06-04,0,6.1143,0,5.7537,0,6.528,3.8294130757
2006-06-05,0,6.0844,0,5.6728,0,6.5007,3.6245292727
2006-06-06,0,6.0166,0,5.8576,0,6.8435,3.4539319488
2006-06-07,11.24,4.3635,0,5.588,0,6.7979,3.7017638387
2006-06-08,0,5.4834,0,5.4803,0,6.7478,3.8555491343
2006-06-09,0,6.1975,0,5.9611,0,6.9348,3.6069778536
2006-06-10,0,6.3745,0,6.1593,0,7.1122,3.3922233547
2006-06-11,0,6.3747,0,6.1294,0,7.1145,3.2736310385
2006-06-12,0,6.2211,0,5.9863,0,6.6855,3.2163359972
2006-06-13,0,6.1856,8.6,4.3251,2.69,5.2499,3.368484398
2006-06-14,0,5.983,0,4.917,0,6.119,3.3430151863
2006-06-15,0,6.0359,0,5.5677,0,6.4289,3.336159917
2006-06-16,0,5.652,0,5.3321,0,6.6602,3.293277327
2006-06-17,4.99,3.5685,0,5.1339,0,6.1591,3.4082672047
2006-06-18,15.19,4.1058,0,5.3983,0,6.2966,3.9558940762
2006-06-19,19.98,3.8443,14.84,4.3546,0,6.5317,4.9203885151
2006-06-20,7.34,4.4596,0,5.2834,0,6.4909,5.3608135455
2006-06-21,2.96,4.866,0,5.6748,0,7.0583,4.9148194142
2006-06-22,0,6.0368,0,5.8336,0,7.1475,4.2550782968
2006-06-23,0,5.9612,1.51,5.9784,0.43,7.1408,3.7662377605
2006-06-24,0,6.3789,14.28,4.6674,0,6.9971,3.6406017929
2006-06-25,11,4.8353,0.03,5.46,5.5,5.3418,4.3393230558
2006-06-26,0,6.2928,0,5.3456,16.98,5.4418,5.9294813
2006-06-27,0,6.4233,0,5.3187,0,6.5923,4.1259427198
2006-06-28,0,6.4056,0,5.7168,0,6.5551,3.6597232213
2006-06-29,0,6.5127,0,5.8645,0,6.6489,3.4362553538
2006-06-30,0,6.62,0,6.2003,0,7.2971,3.3221188039
2006-07-01,0,6.4334,0,6.1049,0,7.2929,3.2627201514
2006-07-02,0,6.1534,0,5.6593,0,6.8785,3.2301396879
2006-07-03,7.08,4.36,0,5.2214,0,6.848,3.4361327643
2006-07-04,11.89,3.7749,0,4.9801,0,6.6843,3.9400970239
2006-07-05,18.96,3.2575,8.75,3.8846,0,6.234,4.7092876123
2006-07-06,11.88,3.4581,17.13,3.5927,0,6.1279,5.4260393813
2006-07-07,0,4.991,10.63,3.6716,7.47,4.4634,5.9066004503
2006-07-08,0,5.5568,0,4.9984,0,6.1658,4.9858891211
2006-07-09,0,6.0146,0,5.2422,0,6.4969,4.3766774234
2006-07-10,0,5.6154,0,5.334,0,6.8258,3.9198623576
2006-07-11,7.1,4.085,0,5.614,0,7.0491,3.8518534099
2006-07-12,0,5.9603,0,5.5999,0,6.7879,3.8151095204
2006-07-13,0,5.9447,0,5.6831,0,6.5991,3.5819633708
2006-07-14,0,5.9817,0,5.6509,0,6.5845,3.4041778278
2006-07-15,0,6.23,0,5.6717,0,6.4393,3.3061043717
2006-07-16,0,6.4055,9.22,4.5587,0,6.0558,3.3568215616
2006-07-17,0,6.3876,0,5.8587,9.84,4.8397,4.0982242385
2006-07-18,0,6.4063,0,5.7967,0,6.5114,3.4951539453
2006-07-19,0,6.3967,0,5.7224,3.91,5.0356,3.649906757
2006-07-20,24.82,5.185,0,5.9806,1.52,6.3622,4.2368459204
2006-07-21,0,6.1996,0,5.7971,12.48,5.5746,5.7198207124
2006-07-22,0,5.7035,12.35,4.7741,0,6.6599,4.3616246672
2006-07-23,19.29,4.5062,28.51,4.1872,13.75,5.0121,6.5917567935
2006-07-24,0,5.632,17.68,3.2185,10.67,4.3927,7.8549061859
2006-07-25,0,5.3053,8.39,3.6236,11.15,4.3221,8.2580858743
2006-07-26,14.04,3.2834,0,4.808,0,5.8584,6.579249682
2006-07-27,29.61,2.502,0,5.1911,0,6.4508,6.781249824
2006-07-28,0,4.4263,0,5.134,0,6.8546,6.4026039509
2006-07-29,0,5.2956,0.37,5.114,0,6.4869,5.1528770083
2006-07-30,0,5.817,1.21,5.1851,4.12,4.6045,4.5057900203
2006-07-31,0,5.8953,16.84,4.2177,8.68,4.5175,4.8702372604
2006-08-01,4.36,4.51,8.66,3.9939,0,6.1528,4.7172815414
2006-08-02,0,5.8725,0,5.2918,0,5.7618,4.8319743316
2006-08-03,0,5.9257,0.26,5.2577,0.74,5.6039,4.5061158691
2006-08-04,0,5.9902,11.28,4.2352,8.01,4.8584,4.8697679547
2006-08-05,0,6.1916,0,5.362,0,6.1798,4.3363575911
2006-08-06,17.97,4.8816,15.22,4.3208,0,6.1178,4.9842454034
2006-08-07,0,5.5827,2.25,4.8623,0,6.3876,5.53910076
2006-08-08,0,5.8923,0,5.3067,13.24,5.0729,6.151312104
2006-08-09,0,5.9383,0,5.5326,11.03,4.9686,5.7991211757
2006-08-10,0,6.0482,26.8,4.2881,0,6.2579,4.8084938628
2006-08-11,0,5.4894,0,4.9562,0,6.1376,5.1594075606
2006-08-12,0,5.6832,0,5.0033,0,5.9508,4.9112368865
2006-08-13,0,5.632,0,5.2183,0,5.9449,4.4453235792
2006-08-14,0,5.967,0.06,5.1661,10.8,4.4862,4.8921869757
2006-08-15,0,6.2077,8.31,4.2466,22.65,4.593,7.2994659675
2006-08-16,0,6.3018,27.81,4.462,25.22,4.8627,9.9769603067
2006-08-17,14.19,4.8299,0,5.1356,0,5.8887,6.8137547945
2006-08-18,0,6.0146,0,5.1283,0,5.8458,6.0338189185
2006-08-19,0,5.6256,0,5.3211,0,6.2738,5.1497499548
2006-08-20,0,5.8637,0,5.3051,0,6.1689,4.4027730279
2006-08-21,0,5.8084,0,5.2235,0,6.3003,3.9199788684
2006-08-22,4.28,5.2976,10.68,3.8544,30.04,4.5902,8.0736220894
2006-08-23,12.67,4.074,25.5,3.7784,0,5.3478,5.9539053311
2006-08-24,0.62,4.9823,2.79,4.6641,15.15,4.2426,8.4472112491
2006-08-25,0,4.7271,14.19,3.9391,0,5.2996,6.5122418042
2006-08-26,0,4.9608,13.01,3.5962,7.34,3.9515,7.1147197095
2006-08-27,13.39,3.3203,0,4.4967,0,5.347,6.5359362295
2006-08-28,13.8,3.4847,0,4.7763,0,5.5411,6.4705807809
2006-08-29,0,4.7461,0,4.7506,0,5.611,5.789171591
2006-08-30,0,5.1217,0,4.8541,34.21,4.445,10.003241588
2006-08-31,0,4.99,7.13,4.1829,29.54,4.597,11.1781138593
2006-09-01,0,5.0648,0,4.7429,0,5.7023,5.3796800194
2006-09-02,0,4.9758,0,4.7298,0,5.6045,4.04942511
2006-09-03,0,4.8385,0,4.8417,0,5.767,3.7448839105
2006-09-04,0,4.9411,0,4.7547,0,5.6573,3.5712360708
2006-09-05,0,4.6769,0,4.6504,0,5.4739,3.4631814052
2006-09-06,0,4.1198,0,4.364,0,5.2413,3.3962256336
2006-09-07,0,4.577,0,4.5106,2.07,4.0361,3.4552308253
2006-09-08,0,4.8334,0,4.6505,3.24,4.2034,3.514579102
2006-09-09,0,5.0145,0,4.3735,0,4.8113,3.32564752
2006-09-10,0,4.5791,5.87,3.0259,0,4.3922,3.3887382337
2006-09-11,9.44,3.2858,14.96,3.1919,0,4.5342,4.0419786818
2006-09-12,0,4.1136,14.82,3.2455,10.7,3.2384,5.6818642435
2006-09-13,0,4.3383,24.68,2.8805,14.85,3.0054,7.6215289921
2006-09-14,0,4.483,2.4,3.9379,0,4.9799,6.4484656772
2006-09-15,0,4.6594,0,4.3898,0,5.2126,5.7767346748
2006-09-16,0,4.6739,0,4.4484,0,5.2547,5.0190015397
2006-09-17,5.63,3.4834,0,4.3768,0,5.2795,4.5649669494
2006-09-18,24,3.0534,15.89,3.149,0,5.2413,5.3705652094
2006-09-19,7.98,3.0722,14.44,2.897,14.67,3.5043,7.9758767613
2006-09-20,0,4.2221,0,3.9832,2.23,4.2855,6.8757082685
2006-09-21,0,4.0257,0,3.8971,0,4.6216,5.6347687046
2006-09-22,9.92,3.2099,0,3.978,0,4.6814,5.0430821847
2006-09-23,3.52,3.2742,8.73,2.8772,7.5,3.6676,5.5761052692
2006-09-24,19.13,3.2823,9.6,2.6347,0,4.3802,5.6631116757
2006-09-25,0,3.7127,2.91,3.0585,0.76,4.4308,5.9726562271
2006-09-26,0,3.6964,0,3.58,0,4.3749,5.2541839083
2006-09-27,0,3.8326,0,3.6441,0,4.3204,4.5271933455
2006-09-28,0,3.8563,0,3.72,0,4.3508,4.019682303
2006-09-29,0,3.7544,0,3.5622,0,4.3478,3.7119162846
2006-09-30,0,3.606,0,3.4711,0,3.9751,3.5358404705
2006-10-01,0,3.8724,0,3.596,0,4.2233,3.4372510279
2006-10-02,0,3.8794,0,3.6009,0,4.4196,3.3818156814
2006-10-03,0,3.7836,0,3.5697,0,4.341,3.3496425535
2006-10-04,0,3.7476,0,3.631,0.71,4.1987,3.3554818594
2006-10-05,0,3.7163,0,3.5245,0,4.2063,3.3169587095
2006-10-06,0,3.6769,0,3.4532,0,4.1297,3.3064956504
2006-10-07,0,3.3168,0,3.0992,0,3.7081,3.2977457408
2006-10-08,0,3.2705,0,3.0921,0,3.5356,3.2899298774
2006-10-09,0,3.292,0,3.0833,0,3.4365,3.2826672369
2006-10-10,0,3.1847,0,3.0043,0,3.3185,3.2757709639
2006-10-11,3.55,2.4032,0,2.9945,0,3.5344,3.382261199
2006-10-12,0,2.9096,0,3.0381,0,3.5432,3.4452507506
2006-10-13,3,2.1754,4.67,2.2066,0,3.322,3.5267460663
2006-10-14,0,2.7191,0,2.5748,0,2.8185,3.5969203929
2006-10-15,0,2.8384,0,2.6385,0,3.0426,3.5016337777
2006-10-16,75.94,1.9996,19.61,2.1063,0,3.0223,6.1375117075
2006-10-17,161.62,1.7623,53.34,1.7782,24.52,1.855,17.4773674144
2006-10-18,0,2.8712,0,2.5507,47.54,2.1769,29.0989104517
2006-10-19,90.79,2.1603,0,2.6174,0,3.1388,19.8994549384
2006-10-20,9.34,1.941,3.99,2.0124,0,3.1414,17.3817457443
2006-10-21,0,2.1863,0,2.2279,0,2.5678,14.8589662691
2006-10-22,6.56,1.8051,15.81,1.9615,15.83,2.3311,15.1799554546
2006-10-23,0,2.1037,0,2.1182,0,2.6216,10.8564079909
2006-10-24,0,2.1482,0,1.9553,0,2.1461,7.9904490952
2006-10-25,9.74,1.8698,0,2.0732,0,2.3483,6.2147481264
2006-10-26,35.53,1.4059,15.02,1.3924,3.95,1.7538,7.1463315863
2006-10-27,24.79,1.4808,51.6,1.5719,15.53,1.5796,12.4635055913
2006-10-28,0,2.0706,27.99,1.6385,14.7,2.0784,16.2016630559
2006-10-29,0,2.1313,0,1.9676,0,2.2138,13.290012575
2006-10-30,0,2.255,0,2.0488,0,2.3264,10.521705886
2006-10-31,0,2.225,0,2.1277,0,2.4142,8.0772170061
2006-11-01,0,2.1789,0,2.178,0,2.4864,6.2199380712
2006-11-02,0,1.9545,0.48,2.0917,0,2.4078,5.0227093334
2006-11-03,0,1.5871,0,1.5949,0,1.8589,4.3242093913
2006-11-04,0,1.7041,0,1.6086,0,1.864,3.9179065337
2006-11-05,0,1.8543,0,1.7163,0,1.9608,3.6877642434
2006-11-06,15.96,1.5941,0,1.7863,0,2.0489,4.0688056568
2006-11-07,19.39,1.2073,29.68,1.3322,21.06,1.7352,8.962153841
2006-11-08,0,1.8584,0,1.7324,0.48,2.0177,8.1377734448
2006-11-09,0,2.0626,0,1.7985,0,2.0462,6.9518697178
2006-11-10,0,2.1229,0,1.9345,0,2.1881,5.7261004441
2006-11-11,7.99,1.6764,0,1.8241,0,2.1739,5.053163656
2006-11-12,0,1.4846,0,1.4987,0,1.9571,4.6120380908
2006-11-13,0,1.5543,0,1.4645,0,1.728,4.1082081722
2006-11-14,0,1.6864,0,1.4792,0,1.7414,3.7711695774
2006-11-15,6.22,1.5066,67,1.3671,42.61,1.591,14.4488550891
2006-11-16,0,1.5436,25.09,1.27,70.5,1.5434,30.4393311443
2006-11-17,0,1.32,0,1.2255,0,1.3647,16.7799429823
2006-11-18,0,1.3919,0,1.3082,0,1.47,11.1051901237
2006-11-19,0,1.4396,0,1.302,0,1.5513,8.4713578413
2006-11-20,0,1.2399,0,1.1228,0,1.291,6.4977737959
2006-11-21,0,1.1859,0,1.0834,0,1.2254,5.1995828052
2006-11-22,0,1.2488,0,1.1863,0,1.2985,4.4164316065
2006-11-23,0,1.3351,0,1.2492,0,1.4863,3.969569006
2006-11-24,0,1.4303,0,1.2639,0,1.518,3.7237581565
2006-11-25,0,1.3973,0,1.3196,0,1.5736,3.5915424488
2006-11-26,0,1.4405,0,1.3529,0,1.5947,3.5210282094
2006-11-27,0,1.5203,0,1.3498,0,1.5598,3.4830669139
2006-11-28,3.58,1.3061,0,1.3979,0,1.66,3.5759674559
2006-11-29,3.96,1.2715,0,1.4244,0,1.6834,3.7594587157
2006-11-30,3.12,1.2705,6.12,1.2067,0,1.5759,4.0862250767
2006-12-01,0,1.1706,10.02,1.094,6,1.4892,5.2111330304
2006-12-02,0,0.9598,0,0.9601,0,1.2394,5.0307663717
2006-12-03,0,0.9323,0,1.0306,0,1.2966,4.7447665634
2006-12-04,0,0.9221,0,0.9562,0,1.3193,4.3290987341
2006-12-05,0,0.8948,0,0.879,0,1.0397,3.9850297372
2006-12-06,0,0.9918,0,0.9644,0,1.1417,3.7501597883
2006-12-07,0,1.0585,0,1.0611,0,1.2842,3.60470791
2006-12-08,0,0.9068,0,0.8802,0,1.0748,3.5194298112
2006-12-09,0,0.7802,0,0.7968,0,0.9208,3.4708031134
2006-12-10,0,0.911,0,0.9116,0,1.0749,3.443183053
2006-12-11,0,1.2146,0,1.1105,0,1.2581,3.4271062754
2006-12-12,36,1.2165,0,1.2394,0,1.4857,4.564220998
2006-12-13,0,1.2594,16.32,1.0508,3.64,1.3163,6.0586837827
2006-12-14,0,1.2541,0,1.1743,0,1.4363,5.8877143789
2006-12-15,0,1.2176,0,1.0892,0,1.3966,5.2243563982
2006-12-16,0,1.235,0,1.1478,0,1.3527,4.5619013076
2006-12-17,0,1.3654,0,1.2143,0,1.3681,4.0874379785
2006-12-18,0,1.2359,0,1.2537,0,1.4339,3.7875633703
2006-12-19,0,1.2376,0,1.1507,0,1.5222,3.6106426629
2006-12-20,0,1.0385,0,1.3088,0,1.5352,3.5102502895
2006-12-21,26.95,0.9921,22.43,1.0259,0,1.4269,5.0794444109
2006-12-22,23.77,1.022,86.31,0.8444,34.03,1.1762,16.698124664
2006-12-23,0,1.0966,0,1.0939,2.92,1.1899,18.2850410988
2006-12-24,0,1.0421,0,1.0678,0,1.3545,15.2313951392
2006-12-25,15.2,0.7441,13.94,0.9704,13.61,1.1178,15.215538187
2006-12-26,1.88,0.8566,0,0.8967,0,1.2791,11.3349652657
2006-12-27,0,0.9634,0,0.8671,0,0.9959,8.5432607304
2006-12-28,0,1.0526,0,1.0021,0,1.1177,6.4972829004
2006-12-29,0,1.3234,0,1.1957,0,1.3017,5.1729292092
2006-12-30,91.82,1.1257,0,1.2861,0,1.5368,7.3182176757
2006-12-31,10.58,1.1038,77.66,1.0719,18.39,1.2381,16.5189784233
2007-01-01,0,1.1982,0,1.1998,19.54,1.3659,21.9524489065
2007-01-02,0,1.0309,0,0.9977,0,1.2643,15.9818418698
2007-01-03,0,1.0578,0,1.042,0,1.2109,11.9601089911
2007-01-04,10.58,1.0152,0,1.1761,0,1.3137,9.4054372096
2007-01-05,50.58,1.0988,45,1.2265,13.84,1.39,14.1568688412
2007-01-06,0,1.4467,0,1.4226,21.96,1.4306,19.6043218779
2007-01-07,13.05,1.2303,0,1.4974,10.09,1.3988,15.8120355168
2007-01-08,0,1.2256,22.85,1.2254,27.76,1.4598,18.3317035633
2007-01-09,0,1.1961,0,1.1877,0,1.336,12.0372887917
2007-01-10,0,1.2824,0,1.1546,0,1.3492,8.7516131099
2007-01-11,0,1.2794,0,1.173,0,1.2929,6.8384875504
2007-01-12,0,1.5127,0,1.3402,0,1.5083,5.4808081934
2007-01-13,4.6,1.1627,0,1.5151,0,1.75,4.7666289657
2007-01-14,0,1.4976,0,1.5696,0,1.8235,4.3491716153
2007-01-15,17.13,1.4167,0,1.5975,0,1.9202,4.5233251895
2007-01-16,10.41,0.9508,8.05,1.2053,3.36,1.57,5.7428972597
2007-01-17,5.01,0.6247,1.95,0.7742,2.53,1.0589,6.2406955204
2007-01-18,2.52,0.6708,2.42,0.88,0,1.2533,5.7895183221
2007-01-19,9.06,0.8144,6.4,0.8411,4.75,0.9748,6.488992941
2007-01-20,0.18,0.9694,0,1.0014,0,1.3064,5.9260268474
2007-01-21,26.27,1.0463,0,1.4166,0,1.5445,6.0395885935
2007-01-22,0,1.476,24.25,1.1897,30.94,1.4909,13.187096261
2007-01-23,0,1.1973,2.36,1.0514,12.61,1.1565,12.2785144703
2007-01-24,2,1.0322,1.68,0.8675,1.76,1.0222,8.6004702035
2007-01-25,0,1.2614,0,1.1634,0,1.1181,6.5974739783
2007-01-26,0,1.4633,0,1.3531,0,1.5726,5.4281351788
2007-01-27,6.62,1.3189,0,1.3919,0,1.5936,4.8438843614
2007-01-28,20.12,1.1822,11.02,1.15,9.81,1.3279,7.3686627384
2007-01-29,0,1.2844,0,1.2061,0,1.4853,6.6892112549
2007-01-30,0,1.3468,0,1.2612,0,1.4367,5.6945335454
2007-01-31,0.09,1.35,2.7,1.1848,0,1.6089,4.9595636129
2007-02-01,14.37,0.9915,16.17,1.1318,16.98,1.5056,8.8584384697
2007-02-02,5.84,0.8985,3,0.9786,25.91,1.5133,13.7749320698
2007-02-03,0,1.2406,0,1.2561,0,1.463,8.52987988
2007-02-04,0,1.4805,0,1.3668,0,1.4998,5.901590224
2007-02-05,0,1.6987,0,1.5476,0,1.7627,4.8945555469
2007-02-06,0,1.8098,0,1.6202,0,1.7856,4.2761214694
2007-02-07,0,2.0214,0,1.8025,0,1.9848,3.9115271434
2007-02-08,0,2.1263,0,2.013,0,2.2704,3.704923508
2007-02-09,0,1.5361,0.93,1.964,0,2.3631,3.627884022
2007-02-10,0,1.1658,0,1.6933,0,1.968,3.6132888583
2007-02-11,0,1.6671,0,1.6798,0,1.8976,3.5744133874
2007-02-12,0,1.9151,0,1.8736,0,2.1359,3.5313317451
2007-02-13,34.74,1.8489,29.7,1.825,0,2.488,5.8483088076
2007-02-14,0,2.0628,0,2.1203,24.96,2.0495,11.8235797359
2007-02-15,0,1.1572,0,1.3508,0,1.4353,8.405779451
2007-02-16,0,1.5115,0,1.4191,0,1.6764,6.1836309316
2007-02-17,0,1.6522,0,1.5619,0,1.7097,5.0352041466
2007-02-18,0,2.0185,0,1.871,0,2.0825,4.334131228
2007-02-19,0,2.0236,0,1.8137,0,2.0018,3.9256968392
2007-02-20,0,2.3512,0,2.0724,0,2.3642,3.6964379091
2007-02-21,0,2.127,9.76,1.752,3,2.1378,4.1769689466
2007-02-22,0,2.9387,0,2.359,4,2.1234,4.7313756985
2007-02-23,0,2.9266,0,2.6346,0,3.0022,4.3299607644
2007-02-24,0,2.8226,0,2.4338,0,2.9262,4.0577233149
2007-02-25,14.46,2.2729,7.72,1.9036,12.43,2.352,6.0184818533
2007-02-26,0,2.5966,0,2.52,0,3.017,5.3457885173
2007-02-27,0,2.8785,0,2.6857,0,3.0705,4.6913372845
2007-02-28,0,2.9534,0,2.7883,0,3.2154,4.1767580194
2007-03-01,1.99,2.4889,0,2.7034,13.63,2.8875,5.5598462485
2007-03-02,13.37,2.362,15.73,2.1768,35.64,2.479,12.5352770747
2007-03-03,0,2.7634,0,2.4524,0,2.8463,7.8193122235
2007-03-04,0,2.5213,0,2.3541,0,2.8629,5.2670484635
2007-03-05,0,2.3472,0,2.1327,0,2.475,4.5389898282
2007-03-06,0,2.7045,0,2.4501,0,2.8259,4.0609944016
2007-03-07,0,2.886,0,2.6863,0,3.1758,3.7648756232
2007-03-08,0,2.9804,0,2.7855,0,3.2997,3.5911317495
2007-03-09,0,3.1771,0,2.9134,0,3.4099,3.4918673238
2007-03-10,0,3.1422,0,2.9487,0,3.4704,3.4352764999
2007-03-11,0,3.3252,0,3.1074,0,3.5811,3.4021952553
2007-03-12,0,3.2156,0,3.2289,0,3.7836,3.3816973651
2007-03-13,3.95,2.2762,0,3.0839,0,3.8583,3.4936444175
2007-03-14,2.38,2.5802,1.06,2.9369,0,3.8086,3.6579904548
2007-03-15,12.12,2.2767,7.07,2.1638,0,3.2036,4.1899096211
2007-03-16,0,3.1038,2,2.421,5.6,2.108,4.8772779909
2007-03-17,0,3.0999,0,2.8639,0,3.2117,4.3014827497
2007-03-18,0,3.2003,0,2.8185,0,3.1916,3.9388591485
2007-03-19,0,3.1977,0,3.1217,0,3.4427,3.6787006925
2007-03-20,0,3.3994,0,3.2866,0,3.7616,3.5189538902
2007-03-21,0,3.5009,0,3.4076,0,4.0078,3.4261379417
2007-03-22,0,3.4641,0,3.5018,0,4.109,3.3727246208
2007-03-23,0,3.7136,0,3.6583,0,4.1071,3.3412333541
2007-03-24,0,3.7888,0,3.7577,0,4.326,3.3215427693
2007-03-25,0,3.853,0,3.826,0,4.4475,3.3080517306
2007-03-26,0,3.718,0,3.8187,0,4.5689,3.2977519774
2007-03-27,0,3.6032,0,3.7508,0,4.3844,3.2890726584
2007-03-28,0,3.4972,0,3.602,0,4.3665,3.2812229883
2007-03-29,0,3.9915,0,3.8579,0,4.6085,3.2738130748
2007-03-30,0,4.2294,0,3.8951,0,4.6805,3.2666446228
2007-03-31,0,3.9421,0,3.703,0,4.023,3.2596260103
2007-04-01,31.57,2.0676,11.67,2.7274,24.86,2.8871,7.306891543
2007-04-02,10.06,3.0369,30.13,2.255,91.78,2.0221,28.8159180951
2007-04-03,0,4.1113,0,3.4873,0,3.8596,13.4656776377
2007-04-04,10,3.3701,4.72,2.8216,0.29,4.3756,6.5284563192
2007-04-05,0.13,3.3433,0,3.5353,0,4.4182,5.6734666314
2007-04-06,0,3.4318,0,3.0359,0,3.6585,4.7876806211
2007-04-07,0,3.3933,0,3.0102,0,3.3887,4.1413104085
2007-04-08,0,2.1334,0,2.4308,0,3.0656,3.7512859439
2007-04-09,0,3.3117,0,2.9234,0,3.3731,3.5347139205
2007-04-10,4.13,2.6544,0,2.8185,0,3.713,3.5499261394
2007-04-11,7.62,3.0004,19.41,2.4633,7.2,3.1627,4.7299991973
2007-04-12,0,4.7491,0,4.5659,0,5.218,4.8152437688
2007-04-13,0,4.7335,0,4.4531,0,5.0982,4.524546875
2007-04-14,20.43,3.8111,0,4.5053,0,5.3067,4.7596173445
2007-04-15,0,4.2528,25.46,3.2749,49.42,3.9449,14.0372183076
2007-04-16,0,4.1623,0,3.6537,0,3.6613,8.1676352842
2007-04-17,0,4.6007,0,4.2843,0,4.8125,5.2682844197
2007-04-18,4.18,3.6418,7.44,3.485,0,5.0731,4.8093974667
2007-04-19,0,4.2797,0,4.1729,0,4.8298,4.6058444019
2007-04-20,0,4.9516,0,4.5824,0,5.3684,4.2085736798
2007-04-21,0,5.0084,0,4.547,0,5.0653,3.8622769496
2007-04-22,0,5.1728,0,4.638,0,5.1632,3.6268939896
2007-04-23,0,5.0052,0,4.6928,0,5.3228,3.4824060935
2007-04-24,0,3.7721,0,4.4099,0,5.3686,3.397391103
2007-04-25,5.04,3.6586,0,4.2254,0,5.4329,3.5082110411
2007-04-26,28.09,3.0225,27.15,3.3437,0,4.8211,5.012538231
2007-04-27,0,4.8994,0,4.8197,15.33,4.1152,7.4779626102
2007-04-28,0,4.8632,0,4.663,0,5.4959,5.7459543708
2007-04-29,0,5.5251,0,5.0646,0,5.7148,4.7451559556
2007-04-30,0,5.7457,0,5.1975,0,6.02,4.1093757929
2007-05-01,0,5.5575,0,5.256,0,6.2032,3.7359291623
2007-05-02,7.76,3.8541,0,5.0767,0,6.1529,3.7734397149
2007-05-03,11.63,3.6925,0,4.7875,0,5.9088,4.1796930835
2007-05-04,30.16,3.8499,10.82,3.3066,0,5.8731,5.3228405146
2007-05-05,0,4.228,6.06,2.8493,0,5.6341,5.84177684
2007-05-06,0,4.542,0,4.9815,0,6.0084,5.1116373614
2007-05-07,0,5.4507,0,5.002,0,6.1198,4.353240128
2007-05-08,0,5.1351,0,5.0206,0,5.6806,3.8619812769
2007-05-09,0,4.7409,0,5.2784,0,5.9889,3.581632586
2007-05-10,0,5.2736,0,5.3931,0,6.3085,3.4271550082
2007-05-11,0,5.4334,0,5.3075,0,6.4004,3.3433472096
2007-05-12,0,5.6216,0,5.2857,8.16,5.7519,3.7644832
2007-05-13,0,5.781,0,5.2793,0,6.1815,3.3010552138
2007-05-14,0,5.8671,0,5.2384,0,6.0763,3.2734036775
2007-05-15,3.2,5.4516,0,4.8628,0,5.5844,3.3571032578
2007-05-16,10.55,3.885,0,4.6163,0,5.8368,3.7421927196
2007-05-17,0,5.1788,9.12,3.6468,0,5.2358,3.9732999927
2007-05-18,0,5.2956,0,4.7402,0,5.7485,3.8414535336
2007-05-19,0,5.3643,0,4.9352,0,5.7966,3.6247068136
2007-05-20,0,5.6678,0,5.2292,0,6.1183,3.456079593
2007-05-21,0,5.6959,0,5.4891,0,6.3896,3.3474510886
2007-05-22,0,5.6311,0,5.4354,0,6.5956,3.2818487612
2007-05-23,15.32,3.6292,0,5.1647,0,6.4368,3.7308176295
2007-05-24,1.6,4.9338,0,4.9316,0,5.8876,4.0572519325
2007-05-25,0,5.644,0,5.0873,0,5.8076,3.7873166248
2007-05-26,0,5.7952,0,5.1494,0,5.996,3.4863506445
2007-05-27,0,5.6243,0,5.2095,0,6.158,3.3104385799
2007-05-28,0.08,5.3489,0,5.2049,0,6.0153,3.228568633
2007-05-29,7.56,3.737,8.82,4.0073,0,6.0051,3.5042488297
2007-05-30,9.03,3.8362,14.81,3.2659,0,5.6592,4.1909677986
2007-05-31,5.95,4.3342,15.13,3.102,0,5.4562,4.8677689642
2007-06-01,0,5.8313,2.76,5.1311,0,6.1921,4.9861565702
2007-06-02,0,5.6582,15.17,4.5424,0,5.7006,4.8304732322
2007-06-03,5.11,4.6657,0,5.3292,0,6.351,4.8748957996
2007-06-04,7.47,4.5737,0.12,5.0713,0,6.1969,4.8538063773
2007-06-05,0,5.9539,0,4.9351,0,5.8958,4.5339685483
2007-06-06,0,6.0754,0,5.4171,0,6.1788,4.0244552686
2007-06-07,0,5.5494,0,5.2451,0,5.8958,3.6631663929
2007-06-08,0,5.1446,4.25,3.7928,3.51,4.8451,3.6680410809
2007-06-09,0,5.3675,1.73,4.9589,33.28,5.2093,8.0686003271
2007-06-10,0,6.4418,8.92,4.5454,8.9,5.6167,5.7507871922
2007-06-11,0,6.2977,0,6.1765,0,7.403,4.1005516917
2007-06-12,13.29,4.8328,0,6.2162,0,7.4451,4.1885666395
2007-06-13,0,6.2781,0,6.0153,8.96,5.6286,5.0691576586
2007-06-14,0,6.4901,0,5.8749,0,6.5983,4.0018355097
2007-06-15,15.53,4.5044,0,5.8164,0,6.5944,4.1168074819
2007-06-16,21.84,3.5634,3.17,5.1373,0,6.4366,4.9514454356
2007-06-17,0,5.2556,0,5.4492,0,6.2001,5.0350956221
2007-06-18,11.98,3.9255,0,5.3657,0,6.5893,4.6964251877
2007-06-19,11.53,4.1564,13.31,4.2578,16.18,4.6057,6.3653202139
2007-06-20,25.25,4.8417,35.85,4.3719,24.38,4.1626,10.4701241533
2007-06-21,0,6.2148,0,5.8617,0,7.0361,8.0526201517
2007-06-22,0,6.3758,0,6.1054,0,6.8863,6.4252264434
2007-06-23,0,5.9261,0,5.9207,0,6.9155,5.2186592337
2007-06-24,0,5.8336,0,5.5326,0,6.5947,4.3959548497
2007-06-25,0,5.8802,0,5.1367,0,5.6065,3.895223225
2007-06-26,0.74,5.575,10.99,4.1517,0,6.0627,3.8094793001
2007-06-27,0,5.7438,0,5.4614,0,6.4767,3.899435628
2007-06-28,0,6.0876,0,5.8443,0,6.6884,3.7899711571
2007-06-29,0,6.0208,0,5.6734,12.73,5.307,4.5808404345
2007-06-30,0,6.1195,0,5.7887,0,6.7895,3.5937099338
2007-07-01,0.7,6.2222,0,5.8196,0,6.7258,3.4646623123
2007-07-02,18.57,4.3015,0,5.8505,33.13,5.2344,8.7022615082
2007-07-03,12.45,4.5146,0.59,5.6027,0,5.6345,5.6031181341
2007-07-04,13.99,3.6644,21.52,4.0122,17.53,4.211,8.118599182
2007-07-05,10.26,3.3152,25.8,3.8434,13.07,4.4209,9.0323062794
2007-07-06,23.8,3.0021,15.26,3.9153,6.74,4.5574,9.2049115223
2007-07-07,19.84,3.0084,8.8,3.6585,0,5.9876,8.8804434497
2007-07-08,0,5.425,15.18,3.8236,16.18,4.3913,10.8189426145
2007-07-09,0,4.7206,0,5.2611,0,5.7746,7.7206891312
2007-07-10,0,5.6352,0,5.3077,0,6.5836,6.0797557498
2007-07-11,0,5.7115,2.16,4.9578,0,6.2124,5.0383861324
2007-07-12,0,6.1416,1.39,5.0368,8.99,5.2101,5.1772966289
2007-07-13,0,6.2849,9.21,4.4676,0,6.6767,4.3227476178
2007-07-14,9.84,4.6395,24.7,4.01,0,6.5475,5.2234145151
2007-07-15,8.75,2.9793,15.36,3.1793,11.11,4.7836,7.7310698882
2007-07-16,13.81,3.7579,11.22,2.8256,4.64,4.702,8.3742087434
2007-07-17,4.72,4.465,2.18,4.2092,24.02,4.8011,11.6406693797
2007-07-18,0,6.0583,0,5.0656,0,6.5679,7.4565600286
2007-07-19,0,6.2447,0,5.3358,0,6.6578,5.6024688346
2007-07-20,23.04,4.5115,0,5.4798,0,6.7506,5.3562946559
2007-07-21,7,4.6153,2.89,5.0696,6.98,5.9561,6.0424283996
2007-07-22,5.57,4.7944,0,5.7819,0,6.5946,5.2302820771
2007-07-23,0,6.4031,0,5.6408,0,6.4028,4.6024388923
2007-07-24,0,6.1411,2.36,4.9229,12.95,4.5147,5.2352267057
2007-07-25,0,6.3538,0,5.2849,6.62,4.7958,4.6146962546
2007-07-26,0,6.1971,0,5.3811,0,6.2544,3.7483632973
2007-07-27,0,5.7204,0,5.5977,10.97,4.7685,4.6905219245
2007-07-28,5.78,3.9892,0,5.7193,0,6.7011,3.790101241
2007-07-29,11.55,3.8732,0,5.6501,0,6.639,4.0942699323
2007-07-30,0.94,5.6031,0,5.5324,0,6.8359,4.1769825932
2007-07-31,6.86,4.5064,16.09,4.3039,9.68,5.121,5.0767147404
2007-08-01,24.67,4.4873,4.3,4.2517,9.55,5.1249,6.4348387777
2007-08-02,0,6.1687,4.73,4.363,0,6.4015,5.9097258153
2007-08-03,0,6.1119,0,5.7263,0,6.3825,5.0907132263
2007-08-04,0,6.2263,0,5.713,0,6.1912,4.3464951585
2007-08-05,0,6.0638,0,5.7179,0,6.704,3.8651735056
2007-08-06,0,5.6587,0,5.4731,0,6.5328,3.5892883938
2007-08-07,0,5.7858,0,5.331,0,6.751,3.4373703641
2007-08-08,0,5.9975,0,5.4655,0,6.8931,3.353888131
2007-08-09,0,6.0547,0,5.5771,0,6.6411,3.3067110922
2007-08-10,0,6.0847,0,5.4385,5.86,5.3233,3.5812164692
2007-08-11,0,6.3847,0,5.8463,0,6.6943,3.2775635917
2007-08-12,0,6.5193,0,6.2274,0,6.5102,3.2584011031
2007-08-13,0,6.5558,0,6.0242,0,6.4525,3.2439600375
2007-08-14,0,6.5582,0,5.7938,0,6.5542,3.2319637892
2007-08-15,0,6.3294,0,5.6756,0,6.8553,3.2213330257
2007-08-16,0,5.977,0,5.498,0,6.7043,3.2115478097
2007-08-17,0,5.3981,0,5.3661,0,6.4415,3.2023574896
2007-08-18,4.01,3.965,0,5.2803,1.66,6.1104,3.3841804115
2007-08-19,0,5.3782,0,5.2208,0,6.0285,3.3935927502
2007-08-20,0,5.6099,0,5.0938,0,6.1191,3.3105075209
2007-08-21,0,5.5753,0,5.2803,0,6.2631,3.2345583686
2007-08-22,0,5.6493,0,5.4083,0,6.4861,3.190404561
2007-08-23,0,5.7069,0,5.4368,0,6.2812,3.166924929
2007-08-24,0,5.7475,0,5.2868,0,5.9792,3.1534821796
2007-08-25,0,5.6311,0,5.0844,0,5.9958,3.1443884178
2007-08-26,0,5.4813,12.49,3.6993,0,5.8693,3.2374706619
2007-08-27,0,5.5699,8.51,4.4055,12.5,4.3057,4.3752339904
2007-08-28,0,5.5648,28.62,3.5759,14.55,4.0502,5.8748173068
2007-08-29,0,5.0877,5.11,3.4758,5.42,3.9783,5.6930254591
2007-08-30,21.29,3.8853,8.88,3.5458,0,5.7036,5.7392131617
2007-08-31,19.93,3.5714,15.01,3.4971,19.44,4.2905,9.6626948336
2007-09-01,14.3,3.8647,8.94,3.5249,12.19,4.1204,9.9791606349
2007-09-02,9.77,3.7995,13.56,3.1757,5.36,3.5767,8.7993329354
2007-09-03,0,4.3842,7.27,3.0396,16.73,3.4722,10.3576282073
2007-09-04,0,4.7723,0,3.9914,13.96,3.8629,9.4196479977
2007-09-05,0,4.4565,0,4.3411,0,5.4348,5.7700999164
2007-09-06,6.22,3.1491,0,4.4656,0,5.4603,4.7571206978
2007-09-07,13.19,3.4731,0,4.2881,0,5.0803,4.746150479
2007-09-08,9.72,3.4531,4.72,3.403,0,5.3136,4.9851305093
2007-09-09,0,4.5234,0,4.5652,0,5.628,4.7774030959
2007-09-10,0,4.6839,0,4.6587,0,5.6176,4.213544695
2007-09-11,0,4.6607,0,4.5617,0,5.4589,3.7931401391
2007-09-12,1.47,4.2192,0,4.3447,0.28,4.7634,3.6112233469
2007-09-13,28.07,2.2594,12.15,2.9642,21.62,3.9354,6.9938259929
2007-09-14,73.31,1.7969,10.29,2.5351,6.05,3.5315,9.0443027194
2007-09-15,0,4.2164,0,3.7578,17.14,3.6387,12.0649241961
2007-09-16,0,4.4998,0,4.4078,0,5.1687,7.6716464522
2007-09-17,0,4.5446,0,4.3369,0,4.9713,5.7384383782
2007-09-18,0,4.5527,0,4.4008,0,4.902,5.0096855969
2007-09-19,0,4.3938,0,4.2002,0,4.7635,4.4658337822
2007-09-20,0,4.436,0,4.2302,0,4.7216,3.9241957755
2007-09-21,0,4.3679,0,4.147,0,4.3145,3.5890862958
2007-09-22,0,4.2946,5.64,2.6442,30.17,2.3462,7.8225693971
2007-09-23,0.42,3.9711,9.03,2.4009,14.51,2.9932,7.1038069155
2007-09-24,17.45,2.7775,11,2.4902,8.5,3.3866,6.7511623522
2007-09-25,14.33,1.9385,0.04,3.7332,0,4.4665,6.0127371607
2007-09-26,22.82,2.4311,0,3.9675,0,4.4761,6.2494889929
2007-09-27,0,3.8001,0,3.9129,0,4.4599,5.8220884454
2007-09-28,0,3.834,0,3.894,0,4.5671,4.7626388207
2007-09-29,0,3.8889,0,3.8736,0,4.5761,4.0234372872
2007-09-30,0,4.0064,0,3.8152,0,4.4551,3.6316727515
2007-10-01,0,4.0298,0,3.6806,0,4.2644,3.4400433751
2007-10-02,0,3.9517,0,3.6446,0,4.3016,3.34924775
2007-10-03,0,3.9441,0,3.5604,0,4.1708,3.3056114178
2007-10-04,0,3.9538,0,3.1423,0.74,3.2401,3.3123523566
2007-10-05,0,3.6006,0.39,2.9295,0,3.594,3.2749528297
2007-10-06,0.41,3.0706,0.06,2.8907,0,3.4773,3.2849550901
2007-10-07,0,3.4532,0,2.9269,0,3.0487,3.2859860958
2007-10-08,0.02,3.4834,0,3.047,0,3.5106,3.2696677407
2007-10-09,0,3.517,0,3.2753,0,3.8742,3.2538975723
2007-10-10,0,3.4875,0,3.2335,0.32,3.8986,3.2527224201
2007-10-11,0,3.378,0,3.2267,0,3.8881,3.2325392041
2007-10-12,0,3.1876,0,2.9866,0,3.5174,3.2251227799
2007-10-13,0,2.9802,0,2.8455,0,3.3505,3.2187576199
2007-10-14,0,3.0617,0,2.9027,0,3.4298,3.2129807082
2007-10-15,0,3.0415,0,2.9732,0,3.5398,3.207557778
2007-10-16,25.83,2.3758,0,2.9098,0,3.3383,4.0253842136
2007-10-17,0,2.7582,0,2.6635,0,3.013,4.525261067
2007-10-18,24.05,1.7433,20.46,1.9535,49.34,2.517,13.1432814325
2007-10-19,0,3.0956,13.79,2.2499,91.75,1.6944,29.5955038587
2007-10-20,0,2.8495,0,2.6779,0.03,3.1001,10.3275531334
2007-10-21,0,2.8171,0,2.6688,0,3.1055,4.9147323897
2007-10-22,0.35,2.7721,25.48,2.164,9.79,2.508,6.3506161286
2007-10-23,11.95,2.2852,103.21,1.8759,17.98,1.8583,13.3991201374
2007-10-24,0,1.5603,10.71,1.2479,15.71,2.3253,19.2900456016
2007-10-25,0,1.85,21.32,0.9932,0.02,1.7387,16.3977788635
2007-10-26,0,1.8784,0,1.5878,0,2.0193,13.9457560424
2007-10-27,0,2.1368,0,1.9906,0,2.4494,10.8216680709
2007-10-28,0,2.0775,0,2.052,0,2.4908,8.092497517
2007-10-29,0,2.0745,0,2.1223,0,2.5469,6.1721879702
2007-10-30,0,2.1102,0,2.1368,0,2.3953,4.9679203352
2007-10-31,0,2.1861,0,2.2158,0,2.5317,4.2637824614
2007-11-01,0,2.3151,0,2.2987,0,2.6842,3.8704825308
2007-11-02,0,2.2319,0,2.2033,0,2.6007,3.657230616
2007-11-03,0,2.1467,0,2.1169,0,2.497,3.5434289231
2007-11-04,0,2.0404,0,1.9225,0,2.2477,3.482705545
2007-11-05,0,2.0467,0,1.9503,0,2.2389,3.4495869233
2007-11-06,0,2.1095,0,1.9257,0,2.2523,3.4305346823
2007-11-07,0,1.6192,0,1.5846,0,1.9707,3.4185508602
2007-11-08,0,1.573,0,1.4757,0,1.6952,3.4101138799
2007-11-09,0,1.7075,0,1.6027,0,1.7882,3.4034760606
2007-11-10,0,1.9738,0,1.7784,0,1.9797,3.3977586081
2007-11-11,4.91,1.6169,0,1.8095,0,1.9774,3.5489539483
2007-11-12,1.56,1.6966,0,1.8011,0,1.9951,3.6896153592
2007-11-13,6.48,1.3282,0,1.8173,0,2.0311,3.8301477145
2007-11-14,0,1.8923,0,1.8429,0,2.1124,3.8395519991
2007-11-15,0,1.9362,0,1.7408,5.86,1.7747,3.9838214245
2007-11-16,0,1.3856,0,1.3005,0,1.5355,3.5067293601
2007-11-17,0,1.4398,0,1.3549,0,1.52,3.4256949939
2007-11-18,11.94,1.3477,0,1.5823,0,1.7053,3.7677300219
2007-11-19,12.71,1.0561,0,1.4867,0,1.7229,4.3875949756
2007-11-20,0,1.5488,0,1.643,0,1.875,4.403314537
2007-11-21,0,1.716,10.45,1.4202,2.16,1.7632,4.3222852396
2007-11-22,13.34,1.4254,11.72,1.3564,18.08,1.5155,7.1312321
2007-11-23,4.43,0.9178,0,1.0867,0,1.5586,5.9303166443
2007-11-24,2.18,0.9422,0,1.0651,0,1.2892,5.3285644509
2007-11-25,7.85,0.863,8.14,1.0434,0,1.3769,5.1185336252
2007-11-26,26.24,0.9656,26.07,1.1489,89.69,1.3566,27.0439022575
2007-11-27,0,0.9425,0,1.1859,27.66,1.3519,19.4660232781
2007-11-28,0,1.2061,0,1.1718,0,1.3834,8.6060835186
2007-11-29,0,1.2957,0,1.2441,0,1.4722,5.7234070221
2007-11-30,0,1.2949,0,1.3024,0,1.4997,4.693071964
2007-12-01,0,1.3678,0,1.2737,0,1.4556,4.1039116264
2007-12-02,0,1.517,0,1.4322,0,1.5502,3.7707371721
2007-12-03,2.05,1.3495,1,1.4061,1.35,1.5942,3.854497232
2007-12-04,0,1.0377,0,1.0404,0,1.2151,3.6723840916
2007-12-05,0,1.1365,0,1.0847,0,1.2435,3.5722257222
2007-12-06,0,1.2166,0,1.1964,0,1.3097,3.4885339341
2007-12-07,0,1.1693,0,1.1535,0,1.2856,3.4350875824
2007-12-08,0,1.5119,0,1.388,0,1.5218,3.4035778786
2007-12-09,0,1.4683,6.61,1.2023,0,1.5879,3.5582004439
2007-12-10,0,1.5581,0,1.3391,0,1.6726,3.7728862845
2007-12-11,0,1.4323,0,1.432,0,1.6895,3.7525630227
2007-12-12,0,1.4266,0,1.3548,0,1.681,3.6459393771
2007-12-13,4.09,1.3027,1.57,1.3147,0,1.6536,3.7099976957
2007-12-14,5,0.8983,0,1.3801,8.73,1.3837,4.752888737
2007-12-15,14.55,1.0564,0,1.3092,0,1.4677,4.4469124281
2007-12-16,22.86,0.9602,0.06,1.1291,40.77,1.2228,13.269424943
2007-12-17,0,0.9187,0,0.8523,0,0.9907,7.2347955722
2007-12-18,0,0.9933,0,0.9454,0,1.0621,4.6332938017
2007-12-19,0,1.1327,0,1.1228,0,1.1809,3.9211340454
2007-12-20,42.39,1.1175,25.19,1.1534,0,1.4471,5.6263376793
2007-12-21,1.13,1.3592,39.29,1.0651,46.76,1.2277,19.1089358526
2007-12-22,0,1.2862,0,1.2051,0,1.3155,12.4089183005
2007-12-23,7.58,0.9998,19.02,0.987,6.15,1.0206,10.6911786568
2007-12-24,0,0.9038,0,0.8964,0,1.1082,8.9855946242
2007-12-25,0,0.9458,0,0.9099,0,1.0771,7.2673856856
2007-12-26,0,1.0064,0,0.9789,6,0.8979,6.9578347447
2007-12-27,10.76,0.8985,8.76,0.9425,0,1.1376,5.7276050315
2007-12-28,7.85,0.8494,0,1.1437,10.73,1.3009,7.9389997455
2007-12-29,0,1.0582,0,1.2564,39.46,1.3768,15.496767557
2007-12-30,0,1.0486,23.81,0.9817,66.08,1.0393,26.1082470367
2007-12-31,0,1.1658,0,1.0559,17.74,1.1477,17.3584232514
2008-01-01,0,1.1668,0,1.0906,0,1.3099,7.7719263394
2008-01-02,0,0.9632,0,0.8908,0,1.0735,5.3164534625
2008-01-03,0,0.8286,0,0.7694,0,0.8873,4.5503100554
2008-01-04,0,0.8536,0,0.8753,0,0.9848,4.0771442957
2008-01-05,0,1.1364,0,1.081,0,1.163,3.7898264391
2008-01-06,0,1.3632,0,1.3216,0,1.448,3.6229580984
2008-01-07,0,1.5215,0,1.4718,0,1.6785,3.5289506784
2008-01-08,0,1.4241,0,1.4331,0,1.7384,3.4766293649
2008-01-09,10.75,1.3178,19.71,1.32,0,1.7717,4.5071403283
2008-01-10,0,1.3966,5.33,1.2163,0,1.6561,5.8284094457
2008-01-11,6.9,1.1883,27.62,1.1935,13.2,1.5293,9.0937312938
2008-01-12,0,1.2542,0,1.2176,0,1.4229,8.7877755233
2008-01-13,3.23,1.1732,0,1.2614,0,1.4836,7.5312242237
2008-01-14,0,1.2172,0,1.1919,0,1.4317,6.2686163085
2008-01-15,0,1.2709,0,1.1796,0,1.3797,5.1689147631
2008-01-16,10.61,1.1174,10.26,1.0623,14.23,1.2275,7.4365776294
2008-01-17,7.07,0.7783,20.46,0.8136,30.71,0.8481,14.580401077
2008-01-18,0,1.0953,0,1.0083,0,1.1826,10.2896337689
2008-01-19,10.59,0.9052,26.01,0.9566,24.13,1.186,14.262291279
2008-01-20,0,1.091,14.89,0.7575,20.76,0.9353,17.4625784131
2008-01-21,0,1.1003,0,1.0077,0,1.1477,11.7945490682
2008-01-22,5.43,1.0347,0,1.1932,0,1.4246,8.2251268385
2008-01-23,4.32,1.0293,0.26,1.1535,0,1.5785,6.7970662699
2008-01-24,8.74,0.8415,5.67,0.9913,10.21,1.1618,8.249841265
2008-01-25,4.86,0.9524,4.24,0.9035,5.28,1.1853,8.09897617
2008-01-26,22.16,0.6684,37.77,0.8872,10.77,1.1574,11.3813695727
2008-01-27,0,1.0112,0.68,1.0404,6.11,1.1367,13.1009827039
2008-01-28,0,1.3415,0,1.3675,0,1.6329,10.1080227549
2008-01-29,0.16,1.6414,0,1.5522,0,1.7643,7.6203406409
2008-01-30,5.48,1.3882,26.55,1.3307,13.05,1.6274,10.2136888193
2008-01-31,11.46,1.1817,22.72,1.2018,0,1.6541,11.0826610702
2008-02-01,19.43,1.2069,55.12,1.3194,53.47,1.5806,28.7435859166
2008-02-02,0,1.5092,0,1.4983,0,1.6966,24.8662568472
2008-02-03,2.33,1.7509,0,1.7295,0,1.9306,15.566276234
2008-02-04,4.89,1.5637,0,2.0115,0,2.2911,11.742238205
2008-02-05,0,1.9266,0,1.7848,0,2.1552,8.6842416275
2008-02-06,17.24,1.8891,24.68,1.8189,5.06,1.6873,9.1845845521
2008-02-07,0,1.6369,0,1.7297,14.78,1.8669,12.5147010441
2008-02-08,0,1.8465,0,1.7446,0,2.0653,9.5129675567
2008-02-09,0,1.9872,0,1.9222,0,2.2319,6.6662661126
2008-02-10,0,2.0923,0,1.9809,0,2.3117,5.3576900177
2008-02-11,0,2.1819,0,1.9799,0,2.2859,4.5528566252
2008-02-12,0,2.2358,0,2.0969,0,2.4571,4.0782189009
2008-02-13,18.06,1.6199,15.18,1.6417,16.15,2.0384,7.6750073232
2008-02-14,0,1.6986,0,1.55,0,1.6445,7.5781929825
2008-02-15,0,2.0473,0,1.9073,0,2.1287,6.0238130153
2008-02-16,37.19,1.5008,3,1.7756,0,2.4389,6.4373379733
2008-02-17,24.97,1.8977,10.09,1.655,0,2.5013,7.9632398009
2008-02-18,0,2.3078,2.25,2.0512,24.74,2.1859,12.5322518965
2008-02-19,0,2.0166,0,1.9944,0,2.3239,9.0243616905
2008-02-20,0,2.2592,0,2.1241,0,2.4218,5.7322580302
2008-02-21,44.47,1.7455,6.9,1.8766,0,2.6059,6.4985245533
2008-02-22,31.22,1.7154,25.73,1.5882,28.55,1.6526,15.2861511433
2008-02-23,0,1.4191,0.02,2.2877,40.43,2.0401,24.150101266
2008-02-24,0,2.082,0,2.0436,0,2.4316,14.5265654847
2008-02-25,0,2.5004,0,2.3041,0,2.7867,7.1516039419
2008-02-26,5.44,2.2993,10.04,2.002,0,2.8915,6.2901469879
2008-02-27,0,2.0743,0,1.9632,13.18,2.1991,8.4372712481
2008-02-28,0,2.119,0,1.8987,0,2.0597,6.560747587
2008-02-29,0,2.5704,0,2.2346,0,2.517,4.7888813738
2008-03-01,3.07,2.2851,0,2.4863,0,2.8453,4.2925240665
2008-03-02,0,2.7091,0,2.726,0,3.143,4.0212450305
2008-03-03,0,2.8187,0,2.6513,0,3.3084,3.775364044
2008-03-04,12.62,2.4119,42.81,2.1661,22.1,2.555,9.4705453694
2008-03-05,0,2.1435,0,2.0037,0,3.0469,10.3887120575
2008-03-06,0,2.7761,0,2.424,0,2.8504,8.2145502058
2008-03-07,9.95,2.2342,22.34,2.1124,26.52,2.6086,13.3156625517
2008-03-08,2.97,1.1883,0,1.901,0,3.058,11.223273134
2008-03-09,0,2.1829,0,2.1562,0,2.5,7.5134278095
2008-03-10,0,2.783,0,2.6184,0,2.9696,6.0192154497
2008-03-11,16.18,1.9496,8.06,2.158,0,3.209,5.8077759832
2008-03-12,0,2.9837,0,2.6831,3.98,2.317,6.2852839595
2008-03-13,0,3.3837,0,2.9626,0,3.3775,5.306159579
2008-03-14,0,3.2667,0,3.1204,0,3.5007,4.5279230204
2008-03-15,0,3.5344,0,3.3433,0,3.183,4.0434894684
2008-03-16,0,3.9298,0,3.6267,0,3.9736,3.7624195234
2008-03-17,0,3.4439,0,3.3496,0,4.0056,3.6050615973
2008-03-18,0,3.7487,0,3.1534,0,3.691,3.51751896
2008-03-19,4.7,3.2324,15.81,2.0473,0,2.9396,4.1375624115
2008-03-20,0,2.9799,2.08,3.1018,16.95,3.0784,6.7602189658
2008-03-21,0,3.5076,0,3.253,0,3.7604,5.7416931427
2008-03-22,0,3.6986,0,3.4935,0,3.9898,4.6349077467
2008-03-23,0,3.6742,0,3.3938,0,4.0499,4.1498781357
2008-03-24,0,3.135,0,2.8983,0,3.6548,3.8363250192
2008-03-25,0,3.1788,0,2.8473,0,3.2022,3.6410556282
2008-03-26,0,3.696,0,3.2964,0,3.609,3.524388487
2008-03-27,0,3.6244,0,3.5811,0,4.0277,3.4559030396
2008-03-28,0,3.5783,0,3.7229,0,4.2288,3.4152451773
2008-03-29,0,4.217,0,3.5273,0,4.1589,3.3899948449
2008-03-30,9.67,3.2637,9.96,2.6849,0,4.4252,3.9127911813
2008-03-31,33.6,1.9304,0,3.2429,0,4.3847,5.4630986625
2008-04-01,2.81,3.1361,0,2.4669,0,3.1328,6.0035383354
2008-04-02,5.44,3.5867,18.6,1.7235,0.17,3.7389,5.7739898376
2008-04-03,0,2.8524,0,3.2083,0,4.2449,5.6387031594
2008-04-04,0,4.3695,0,3.5058,0.4,3.8983,5.0305332447
2008-04-05,36.09,3.3287,46.25,2.9701,86.64,3.3103,25.7358438655
2008-04-06,0,2.633,0,2.9369,19.68,2.0244,22.9928301542
2008-04-07,0,4.5042,0,4.1337,0,3.4401,10.6848159431
2008-04-08,0,4.7189,0,4.1295,0,4.2463,6.7533969649
2008-04-09,0,4.3374,0,3.7872,0,4.171,5.3225351786
2008-04-10,0,3.6744,0,3.6284,0,4.5285,4.4652182278
2008-04-11,0,4.0339,0,3.3637,0,4.5165,3.9654518264
2008-04-12,1.96,4.6202,24.84,3.5809,5.71,3.9652,4.9217953304
2008-04-13,0,4.1559,0,4.1222,4.14,3.5808,5.7785611061
2008-04-14,0,4.0655,0,3.7643,0,4.4538,5.2557609517
2008-04-15,0,3.7692,0,3.4565,0,3.8216,4.6507062468
2008-04-16,0,4.1216,0,3.9621,0,4.4659,4.1677560624
2008-04-17,0,4.6157,0,4.2713,0,4.9437,3.8333336621
2008-04-18,0.02,4.107,0,4.263,0,5.2043,3.6234302074
2008-04-19,17.16,3.5183,19.94,3.4763,20.86,4.227,6.9413252813
2008-04-20,0,5.0542,0,4.5974,0,5.3043,6.4130793983
2008-04-21,0,5.0859,0,4.8828,0,5.7405,5.1982692754
2008-04-22,0,5.1002,0,5.122,0,5.8808,4.4976148325
2008-04-23,0,5.0412,0,5.1768,0,5.9551,4.0122176427
2008-04-24,0,4.9666,0,5.0202,0,5.7983,3.7111329334
2008-04-25,0,5.0435,0,4.9132,0,5.6088,3.5347480502
2008-04-26,0.34,4.7909,0,4.7301,0,5.6233,3.4443815994
2008-04-27,4.48,2.3336,7.77,3.1388,0,5.4728,3.6693366
2008-04-28,0,4.681,5.66,3.374,13.61,3.8842,5.1249887959
2008-04-29,0,4.8894,0,4.7106,0,5.3623,4.3277755156
2008-04-30,0,5.2634,0,4.7767,0,5.4854,3.9278545051
2008-05-01,0,5.2201,0,4.8969,0,5.8776,3.6897408116
2008-05-02,0,4.6199,0,4.4169,0,5.8317,3.5281477929
2008-05-03,13.98,4.1022,40.4,3.3073,0,5.15,4.794136212
2008-05-04,0,5.2243,3.69,4.179,20.77,4.0514,8.5897980983
2008-05-05,0,4.8635,0,4.8041,0,6.0227,6.7635815746
2008-05-06,0,4.4283,0,4.6558,0,5.9333,5.3861275226
2008-05-07,0,4.7959,0,5.0145,0,6.1532,4.5803263427
2008-05-08,0,4.5343,0,4.7475,0,5.6333,4.0496417986
2008-05-09,0,5.4992,0,4.5624,0,4.8793,3.7237001128
2008-05-10,0,5.8508,0,4.9458,0,4.8994,3.5331100428
2008-05-11,0,5.2809,0,4.3932,0,4.3832,3.424441768
2008-05-12,0,5.4182,0,5.2537,0,6.492,3.3625416585
2008-05-13,0,5.2773,0,5.0287,0,6.0093,3.3262380297
2008-05-14,7.04,3.6117,0,4.8037,0,5.8705,3.5278318221
2008-05-15,53.06,2.4061,17.91,3.4218,0,5.6644,5.6335373831
2008-05-16,0,4.9601,20.8,2.9297,29.37,2.6559,11.2006779438
2008-05-17,0,4.7662,0,4.392,30.1,3.8852,13.954423558
2008-05-18,0,4.6481,0,4.8315,0,5.4125,7.6163249624
2008-05-19,0,5.9454,0,5.0612,0,5.7536,4.9811213577
2008-05-20,0,6.0464,0,5.2705,0,5.6966,4.2586167785
2008-05-21,0,5.9715,0,5.2119,0,5.7168,3.8245905538
2008-05-22,0,5.7986,0,4.9004,0,5.9986,3.5733674738
2008-05-23,8.44,4.1853,4.85,3.6387,0,5.3087,3.7763369329
2008-05-24,0,4.8715,0,4.5722,20.39,4.3385,6.2424741604
2008-05-25,0,5.1212,0,5.115,0,5.9891,4.3557260746
2008-05-26,0,5.5853,0,5.5116,0,5.9107,3.6792431226
2008-05-27,0,5.4369,15.88,4.4381,0,6.3361,3.7191532675
2008-05-28,3.51,4.9838,0,5.4026,0,6.3942,4.0592064969
2008-05-29,9.56,3.9846,0,5.332,0,6.3389,4.367893704
2008-05-30,0,6.0467,0,5.06,0,6.2633,4.3173945368
2008-05-31,0,5.9965,0,5.6829,0,6.736,3.9177559507
2008-06-01,0,5.9925,0,5.5852,0,6.8929,3.6049291031
2008-06-02,0,5.885,0,5.6547,0,6.8342,3.4254922727
2008-06-03,0,5.9211,0,5.5213,0,6.704,3.3320217428
2008-06-04,0,5.8448,0,5.3575,0,6.9074,3.2834649807
2008-06-05,0,5.3214,0,5.4205,0,6.8369,3.2565392267
2008-06-06,0,5.3529,0,5.4093,0,6.9402,3.2397201121
2008-06-07,0,5.6037,0,5.8471,0,7.2676,3.2275957998
2008-06-08,0,5.7858,0,6.0274,0,7.1609,3.2176596107
2008-06-09,0,6.2915,0,5.9887,0,7.3099,3.2087570194
2008-06-10,0.45,5.9957,14.24,4.4821,7.64,5.3984,3.7917392452
2008-06-11,0,5.8297,4.4,4.3947,18.49,5.3152,5.7315514707
2008-06-12,0,6.4229,10.43,4.411,0,6.655,4.229376831
2008-06-13,0,6.2222,13.74,4.52,10.43,5.1176,5.3540995063
2008-06-14,0.01,6.2277,5.54,4.3982,6.42,4.9038,5.3529369707
2008-06-15,0,5.7162,15.95,4.4361,15.84,4.6965,7.2134066022
2008-06-16,0,6.6346,0,5.7016,1.54,6.4955,5.4943115625
2008-06-17,0,6.7974,0,5.9964,0,6.86,4.6190198223
2008-06-18,0,6.711,0,6.0203,0,7.1128,4.1446647367
2008-06-19,0,6.4507,0,5.9998,0,7.304,3.8064444929
2008-06-20,0,6.4169,0,6.1313,0,7.2849,3.5833983222
2008-06-21,8.29,4.9116,15.18,4.6399,0,6.9963,3.9587213842
2008-06-22,0,6.5133,6.16,4.3689,0,6.0753,4.47230985
2008-06-23,0,6.6333,0,5.8631,12.68,5.0753,5.3664953384
2008-06-24,0,6.6493,0,5.9426,0,7.0003,4.2096210273
2008-06-25,17.7,4.9969,0,5.8951,0,7.145,4.4031639526
2008-06-26,23.2,4.9675,10.61,4.5866,2.25,6.4468,5.5309627233
2008-06-27,9.1,4.8407,9.02,4.276,18.37,4.937,8.0520435162
2008-06-28,8.38,4.4933,3.83,4.3051,9.51,4.5092,7.5403106661
2008-06-29,5.8,4.3947,5.82,4.2485,5.83,4.81,6.6605773072
2008-06-30,0,5.4433,8.06,3.9096,22.47,4.3415,9.3674426338
2008-07-01,0,6.2056,4.81,4.8334,13,4.6629,8.0909336348
2008-07-02,0,6.3928,0,5.8178,0,6.4378,5.0922396359
2008-07-03,0,6.3651,0,5.6373,0,6.4911,4.205749658
2008-07-04,11.81,4.9012,6.85,5.1038,0.79,6.1529,4.3744518808
2008-07-05,0,6.2616,0,5.6801,16.1,4.789,6.3702296327
2008-07-06,0,6.1851,1.91,5.157,12.49,4.8826,6.299600894
2008-07-07,0,6.1048,16.67,4.6568,24.54,4.6009,9.2102202394
2008-07-08,0,6.1097,0,5.6907,0,6.4495,5.4589270369
2008-07-09,0,6.0046,0,5.3568,0,6.2444,4.3296931156
2008-07-10,0,6.014,0,5.2163,0,5.8944,3.9596938247
2008-07-11,10.29,4.3491,0,5.2318,14.86,4.6387,5.7194094636
2008-07-12,0,6.0558,0,5.4288,17.66,4.6524,7.1724279198
2008-07-13,0,5.9487,0.01,5.5889,29.5,4.9306,10.3888426387
2008-07-14,0,5.7978,0,5.5604,2.38,5.933,5.4223549142
2008-07-15,0,5.4225,0,5.8814,0,6.7497,3.6453249023
2008-07-16,0,6.5422,0,6.072,0,6.8269,3.3944678265
2008-07-17,0,6.6213,0,5.9865,0,6.7364,3.3162924331
2008-07-18,0,6.5391,0,5.6852,0,6.8543,3.2795555792
2008-07-19,0,5.9025,0,5.8301,0,7.0277,3.2576974502
2008-07-20,0,6.0647,0,5.9265,0,6.8865,3.2421339991
2008-07-21,0,6.1978,0,5.9982,0,7.063,3.2295491538
2008-07-22,0,6.2211,1.3,5.4601,0,6.9065,3.228241173
2008-07-23,0,6.0931,0,5.261,9.01,6.0025,3.783787543
2008-07-24,2.86,5.1899,3.04,4.5551,16.18,5.068,5.2009091819
2008-07-25,0,5.6881,0,5.5747,0,6.2619,3.784598053
2008-07-26,0,5.8155,0,5.4843,13.76,5.1431,5.0994101514
2008-07-27,0,6.097,11.26,4.2112,12.16,4.9706,5.4851572701
2008-07-28,0,6.5457,8.21,4.527,0.41,6.3049,4.059593666
2008-07-29,0,6.4153,0,5.5032,0,6.1626,3.7898025184
2008-07-30,0,5.9344,3.42,3.9169,0,5.7956,3.6863767394
2008-07-31,0,5.3206,0,4.7389,0,5.4766,3.5941524807
2008-08-01,0,5.3643,14,3.4795,0,5.8825,3.6693532697
2008-08-02,0,5.9995,4.61,4.0001,14.31,4.0775,5.2041117118
2008-08-03,15.87,5.0231,10.14,4.8123,0,5.9528,4.7740607822
2008-08-04,0,5.7514,0,5.2143,0,6.1452,5.0034886482
2008-08-05,0,5.2424,0,5.0683,0.19,5.9643,4.5037927836
2008-08-06,1.74,4.1389,0,5.2173,0,6.5316,4.0446810046
2008-08-07,0,5.6203,0,5.3604,0,6.6884,3.7467997991
2008-08-08,0,5.7247,25.98,4.2675,16.03,5.1132,5.4233503939
2008-08-09,9.63,3.8238,0,5.2289,0,6.6898,4.9977610403
2008-08-10,0,5.4132,0,5.3487,0,6.7326,4.9381389237
2008-08-11,8.23,3.9838,14.05,3.8672,0,6.1326,4.9366109889
2008-08-12,11.28,3.6566,15.27,2.8173,16.71,3.4219,7.3980201197
2008-08-13,34.58,2.7201,22.97,2.6484,48.97,3.4041,17.9025588782
2008-08-14,0,5.2029,0,4.6725,14.91,4.1552,13.731059729
2008-08-15,0,5.4836,0,5.026,0,5.902,7.7751914262
2008-08-16,4.44,3.8937,6.65,3.7155,22.52,4.5013,10.0009251498
2008-08-17,0,4.2279,8.39,3.2706,0,5.213,6.3085287112
2008-08-18,0,4.5813,5.11,3.6659,24.15,4.2119,9.6321010215
2008-08-19,0.82,4.4801,0,4.7799,4,4.8208,6.4672470323
2008-08-20,26.34,2.9673,4.86,3.5658,0,5.6588,5.5998466398
2008-08-21,10.49,2.4074,0,4.566,0,5.7889,6.0126597355
2008-08-22,4.35,3.8271,0,4.9082,0,5.2274,5.5420889471
2008-08-23,0,5.1119,0,4.6848,15.34,3.4976,6.5201016144
2008-08-24,11.92,3.8231,16,2.395,37.78,2.4965,12.9294354338
2008-08-25,6.22,3.1928,13.51,2.0261,41.52,3.8107,17.476364889
2008-08-26,3.8,3.4449,16.37,3.0525,27.74,3.1025,15.8600946004
2008-08-27,0,5.2046,0,4.671,0,5.3018,8.4837417452
2008-08-28,0,5.3954,0,4.9542,0,5.8798,5.8163419707
2008-08-29,0,5.3616,0,4.9263,0,6.0205,4.8721287268
2008-08-30,0,5.2872,0,4.999,0,6.062,4.246218969
2008-08-31,0,5.2006,8.53,4.2001,0,5.7711,4.0439834977
2008-09-01,0,4.4299,30.63,3.1547,7.83,3.7515,5.5292398329
2008-09-02,145.73,1.8997,63.45,1.9562,10.56,3.4184,14.3332684039
2008-09-03,101.82,2.1688,23.05,2.0184,0,5.1066,23.4092185466
2008-09-04,1.13,3.8822,0,3.0494,0,4.5844,23.3379359982
2008-09-05,0,3.3835,4.55,3.1547,0,5.0613,18.1192012357
2008-09-06,0,3.8775,0,4.2679,0,5.4444,14.4509988022
2008-09-07,0,4.5902,0,4.3506,0,5.5736,11.9580347321
2008-09-08,0,4.9109,0,4.6282,0,5.6494,9.1524176398
2008-09-09,0,5.032,7.49,3.8203,0.2,5.7356,6.7917964786
2008-09-10,0,4.8376,0,4.7395,0,5.6229,5.5014171253
2008-09-11,0,4.5138,3.94,3.5647,0,5.2176,4.7847990008
2008-09-12,4.02,3.7224,5,3.1223,2.42,4.5186,4.8008881733
2008-09-13,23.75,2.7539,2.06,3.2107,0,5.1524,5.4759246664
2008-09-14,18.53,2.7941,0,3.4597,0,5.2842,6.263432618
2008-09-15,9.77,3.1851,1.51,4.1105,0,5.2368,6.1913791263
2008-09-16,0,4.2269,0,3.5906,0,5.1259,5.4111700152
2008-09-17,0,4.0131,0,4.1045,0,4.9764,4.5167781336
2008-09-18,0,4.192,0,4.2067,0,4.8923,3.9537005895
2008-09-19,0,4.2085,0,3.9582,0,4.4954,3.6515228977
2008-09-20,0,4.2842,16.5,3.0556,0,4.7351,3.9221654764
2008-09-21,0,4.3283,18.84,2.9357,0,4.4653,4.9426845947
2008-09-22,0,4.1791,0,3.9901,0,4.5093,5.5806280203
2008-09-23,0,4.3188,0,4.0387,0,4.698,5.2710386089
2008-09-24,0,4.2697,0,4.0868,0,4.7444,4.6962006889
2008-09-25,0,4.2247,0,3.8616,0,4.4477,4.1947537285
2008-09-26,0,4.1666,0,3.839,0,4.4661,3.8445464115
2008-09-27,0,4.1023,0,3.8675,0,4.4859,3.6248966435
2008-09-28,0,4.0489,0,3.8647,0,4.5094,3.4948910327
2008-09-29,0,4.0111,0,3.8916,0,4.5399,3.4199062733
2008-09-30,0,4.0017,0,3.8636,0,4.4863,3.3764727419
2008-10-01,0,3.8545,0,3.6951,0,4.3502,3.3503237516
2008-10-02,0,3.6306,0,3.435,0,3.9797,3.3333562142
2008-10-03,0,3.6494,0,3.4289,0,3.9843,3.3211791245
2008-10-04,0,3.5662,0,3.449,0,4.0227,3.3114854078
2008-10-05,0,3.5601,0,3.4298,0,3.9791,3.3030892812
2008-10-06,0,3.4034,0,3.2971,0,3.8901,3.2953971263
2008-10-07,2.11,3.0008,14.12,2.5188,0,3.553,3.5970588126
2008-10-08,8.28,2.5952,34.99,2.2407,18.99,2.2676,6.97045269
2008-10-09,0,2.9883,0,2.8399,32.1,2.5911,12.6354690436
2008-10-10,0,3.1336,0,2.7943,0,3.0181,7.2985855836
2008-10-11,0,3.131,0,2.9743,0,3.0779,5.308707869
2008-10-12,0,3.0248,0,2.6574,0,2.2312,4.5038020881
2008-10-13,0,2.6667,0,2.17,0,1.9589,4.002395933
2008-10-14,0,2.6529,0,2.5724,0,3.0965,3.7010063283
2008-10-15,0,2.6764,0,2.9326,0,3.3732,3.5274421818
2008-10-16,14.46,2.0707,0,2.909,0,3.4167,3.8907622865
2008-10-17,16.76,2.1188,0,2.698,0,3.3996,4.6530488197
2008-10-18,0,2.5269,0,2.3447,1.34,3.0016,4.7536183955
2008-10-19,0,2.5529,0,2.3961,0,2.8582,4.1074706006
2008-10-20,0,2.5129,0,2.3223,0,2.6581,3.6779721547
2008-10-21,0,2.5356,0,2.3837,0,2.7095,3.4567827232
2008-10-22,0,2.5226,0,2.3598,0,2.7345,3.3575562756
2008-10-23,7,2.0982,4,1.8192,0,2.7017,3.6003802635
2008-10-24,0,1.8208,2.95,1.574,48.99,1.7627,12.2774601753
2008-10-25,0,2.2342,0,2.154,0,2.1866,5.6954608711
2008-10-26,0,2.3275,0,2.2091,0,2.5016,3.8259794752
2008-10-27,0,2.4131,0,2.1603,0,2.4637,3.5523010271
2008-10-28,0,1.7911,0,1.7286,0,2.034,3.4279756634
2008-10-29,0,1.7465,0,1.6745,0,1.868,3.3599150127
2008-10-30,0,1.9003,0,1.7647,0,2.021,3.3208735748
2008-10-31,0,2.0321,0,1.8755,0,2.1792,3.2976451801
2008-11-01,0,2.0627,0,1.9177,0,2.179,3.2830678684
2008-11-02,0,2.0575,0,1.9093,0,2.2013,3.2732003456
2008-11-03,0,2.0231,0,1.9253,0,2.292,3.2658898609
2008-11-04,0,2.0087,0,1.9554,0,2.3064,3.2599724425
2008-11-05,0,2.0307,0,1.8747,0,2.1455,3.2548272661
2008-11-06,0,1.9893,0,1.9086,0,2.2121,3.2501279989
2008-11-07,12.22,1.7203,0,1.9101,0,2.2392,3.6350639289
2008-11-08,0,1.7302,0,1.6703,4,2.0299,4.0979539344
2008-11-09,0,1.7069,0,1.6017,0,1.8935,3.6477679949
2008-11-10,0,1.6077,0,1.4884,0,1.7685,3.4341969729
2008-11-11,0.66,1.5401,0,1.5709,0,1.7848,3.3382140027
2008-11-12,67.63,1.1101,0,1.6328,0,1.892,5.4515427759
2008-11-13,5.77,1.1076,14.08,1.2426,7.28,1.6384,7.649894401
2008-11-14,0,1.3011,0,1.5295,4.23,1.8212,6.6164192315
2008-11-15,2,1.5312,1.57,1.6071,0,2.0407,5.12169604
2008-11-16,0,1.2356,0,1.2104,0,1.4828,4.5056482046
2008-11-17,0,1.2639,0,1.218,0,1.3818,4.0926439199
2008-11-18,0,1.5084,0,1.2981,0,1.4946,3.7179491688
2008-11-19,0,1.188,0,1.1262,0,1.2609,3.4799691245
2008-11-20,0,1.3985,0,1.2407,0,1.3646,3.355338012
2008-11-21,0,1.3936,0,1.3099,0,1.515,3.2950552418
2008-11-22,0,0.9982,0,1.0354,0,1.1918,3.2662709627
2008-11-23,0,1.1415,0,1.1533,0,1.2619,3.2519409423
2008-11-24,0,1.4122,0,1.3462,0,1.4787,3.2440705671
2008-11-25,9.16,1.1924,12.38,1.1456,6.66,1.3553,4.209384315
2008-11-26,0,1.2423,0,1.1318,0,1.3074,4.1525029713
2008-11-27,0,1.3033,0,1.2128,0,1.384,3.9601449605
2008-11-28,12.15,1.2402,13.71,1.155,5.06,1.4425,4.7557190563
2008-11-29,49.96,1.1998,31.23,1.0169,25.74,1.3047,11.4944350259
2008-11-30,5.64,1.0292,21.84,1.0591,36.71,1.3765,18.8138621567
2008-12-01,0,1.0343,0,1.0659,0,1.2912,11.0023072652
2008-12-02,0,0.9829,0,0.9483,0,1.1429,7.4960571326
2008-12-03,0,1.094,0,1.0167,0,1.1327,5.9419440059
2008-12-04,18.06,1.1982,8.82,1.0448,0,1.3016,5.7418188349
2008-12-05,0,0.9596,8.27,0.9348,4,1.1931,6.6162253288
2008-12-06,0,0.9036,0,0.9443,0,1.1653,5.6156860001
2008-12-07,0,1.0058,0,0.9641,0,1.1705,4.8734898778
2008-12-08,0,1.0751,0,1.0105,0,1.1452,4.2875262613
2008-12-09,11.67,1.1192,0,1.1643,0,1.2529,4.2715751215
2008-12-10,65.87,1.1215,20.15,1.1319,87.76,1.3114,27.5882165856
2008-12-11,31.04,0.6903,26.25,0.8737,47.33,1.2703,28.4733568763
2008-12-12,10.52,0.8494,4.26,0.7247,11.52,0.9666,18.1803763926
2008-12-13,0,1.0279,0,0.9421,0,1.0799,10.9193160895
2008-12-14,0,1.1094,0,1.0218,0,1.0452,8.1688510466
2008-12-15,0,1.2608,11.49,1.0583,0,1.3759,7.0475509477
2008-12-16,11.9,1.0199,18.7,1.0926,0,1.3463,7.4473621411
2008-12-17,11.33,0.699,0,1.161,1,1.2879,8.2096954596
2008-12-18,8.23,0.8282,0,1.2928,0,1.5788,7.5045711298
2008-12-19,2.16,1.2614,0,1.3189,0,1.5701,6.3673690433
2008-12-20,0,1.3022,0,1.2634,0,1.5446,5.2161013172
2008-12-21,0,1.1972,2,1.2795,2.03,1.5572,4.6992180817
2008-12-22,0,0.8376,0,0.8737,0,1.0826,4.1141752978
2008-12-23,0,0.7673,0,0.8499,0,0.9442,3.8486542187
2008-12-24,8.76,1.1349,0.96,1.2059,0,1.3073,3.9865312499
2008-12-25,9,1.2368,8.2,1.1753,0.7,1.5366,4.7360486094
2008-12-26,6.55,1.1924,0,1.295,7.98,1.3281,6.1917477008
2008-12-27,0,1.4448,0,1.3191,0,1.3302,5.1384550522
2008-12-28,26.14,1.2077,4.46,1.2449,10.97,1.3603,7.1509389167
2008-12-29,2.63,0.9678,11.33,0.9725,0,1.6043,6.6101093157
2008-12-30,0,1.0978,0,1.0974,0,1.3048,6.0882987101
2008-12-31,1.31,1.0544,5.66,1.0829,0,1.4926,5.5156902298
2009-01-01,0,1.016,0,1.0442,0,1.2246,5.0984786758
2009-01-02,0,1.2062,0,1.2012,0,1.3863,4.5754713884
2009-01-03,0,1.3504,7.58,1.1573,40.19,1.4152,12.6330431308
2009-01-04,5.62,1.1869,11.2,1.1622,29.77,1.3958,15.0613650371
2009-01-05,8.75,1.2238,3.17,1.1664,0,1.613,8.5551954407
2009-01-06,10.09,0.7422,7.82,1.0536,8.92,1.3693,8.637081099
2009-01-07,5.03,0.9586,15.19,1.2281,21.13,1.4312,12.8749758252
2009-01-08,0,1.2755,0,1.2642,0,1.5264,8.9997789107
2009-01-09,0,1.3815,0,1.2758,0,1.4628,6.3627165282
2009-01-10,0,1.4653,0,1.3721,5.62,1.3802,6.3337024486
2009-01-11,0,1.3134,31.93,1.1882,10.55,1.3531,8.4773388976
2009-01-12,0,1.0702,0,1.0043,0,1.1737,8.025465833
2009-01-13,0,1.139,0,1.0935,0,1.3344,6.9283895592
2009-01-14,0,1.0615,0,1.0737,0,1.2948,5.8787033034
2009-01-15,0,1.1229,0,1.0902,0,1.2783,4.9772360551
2009-01-16,0,0.9293,0,0.9825,0,1.141,4.3455127139
2009-01-17,0,0.9857,0,0.9696,0,1.1882,3.9495098294
2009-01-18,0.1,1.3304,2.03,1.1732,4.16,1.2706,4.3521141911
2009-01-19,0,1.4256,0,1.3441,0,1.4739,3.8939453321
2009-01-20,0,1.2555,0,1.1552,0,1.3101,3.7422207649
2009-01-21,0,1.1266,0,0.9873,0,1.1755,3.6316400898
2009-01-22,0,1.3192,0,1.0866,0,1.293,3.552940768
2009-01-23,0,1.6526,0,1.3784,0,1.599,3.5009916767
2009-01-24,2.41,1.566,0.11,1.5634,0.09,1.7592,3.5560059434
2009-01-25,1.99,1.0532,3.94,1.0871,1,1.3987,3.8605435441
2009-01-26,0,1.0442,0,1.1782,0,1.6762,3.9436677217
2009-01-27,0,1.5786,0,1.5599,0,1.9964,3.8405421544
2009-01-28,3.56,1.472,1,1.7334,5.02,1.7353,4.2781573203
2009-01-29,0,1.0905,6.02,1.1761,0,1.7525,4.1166343446
2009-01-30,0,1.4062,0,1.3724,0,1.528,4.1893446059
2009-01-31,0,1.5398,0,1.4095,0,1.6135,4.0313398775
2009-02-01,0,1.6864,0,1.581,0,1.8021,3.8278562048
2009-02-02,12.3,1.3316,6.52,1.3919,6.3,1.5964,4.8249203942
2009-02-03,0,1.523,3.52,1.2839,0,1.6754,4.8906984773
2009-02-04,0,1.5427,0,1.4076,0,1.528,4.6503932892
2009-02-05,0,1.3733,0,1.2473,0,1.4598,4.2472957807
2009-02-06,0,1.6877,0,1.4962,0,1.7023,3.9155127784
2009-02-07,0,2.0171,0,1.7473,0,2.0048,3.6938363417
2009-02-08,0,2.1076,0,1.9345,0,2.2171,3.5585562752
2009-02-09,0,2.0526,0,2.0215,0,2.2772,3.4794713927
2009-02-10,1.24,1.8704,0,1.9094,0,2.2956,3.4733611616
2009-02-11,2.13,2.1108,3.03,1.5901,1.74,2.3093,3.7114797096
2009-02-12,0,2.1581,5.09,1.7812,2.34,2.2714,4.0123718804
2009-02-13,21.44,1.6988,0,2.0233,35.28,2.0076,10.7994299851
2009-02-14,31.84,1.2817,28.31,1.4173,31.7,1.8585,16.6104763506
2009-02-15,5.05,1.6019,8.58,1.4213,1.35,1.8668,11.8633293592
2009-02-16,0,1.9321,0,1.8765,0,2.1109,8.2110521961
2009-02-17,0,1.776,0,1.8023,0,2.2256,6.5138335498
2009-02-18,0,2.2801,1,2.1009,4.37,2.0202,5.9773479708
2009-02-19,0,2.5447,2.28,2.1108,5.53,2.1502,5.7125137272
2009-02-20,0,2.054,0,1.8336,0,2.1786,4.5552800862
2009-02-21,0,2.1614,0,1.9201,0,2.1545,3.9996083952
2009-02-22,3.24,1.8282,0.9,2.024,1.01,2.1585,3.9770613778
2009-02-23,0,1.985,0,1.9168,0,2.2216,3.8291813203
2009-02-24,0,2.1332,0,2.0307,0,2.369,3.6654167426
2009-02-25,0,2.4719,0,2.2888,0,2.6175,3.5383047754
2009-02-26,0,2.5318,0,2.4789,0,2.7208,3.4606024417
2009-02-27,0,2.4568,0,2.3801,0,2.523,3.4162289249
2009-02-28,0,2.9119,6.45,1.9188,13.03,2.4431,4.9821295234
2009-03-01,0,2.1362,7.6,1.9042,0.05,2.7522,4.3971546925
2009-03-02,0,2.0926,0,1.8728,0,2.1275,4.2883764789
2009-03-03,0,2.1499,0,2.0327,0,2.2702,4.1100149095
2009-03-04,0,2.4379,0,2.1797,0,2.5342,3.8753916854
2009-03-05,0,2.8754,0,2.5614,0,2.8829,3.6792199926
2009-03-06,0,3.1051,0,2.7452,0,3.2113,3.5429699781
2009-03-07,0,3.2165,0,2.9914,0,3.2819,3.4566357258
2009-03-08,0,2.9662,0,2.9184,0,3.2777,3.4041839435
2009-03-09,0,3.1251,0,2.9231,0,3.3238,3.3724307955
2009-03-10,0,3.1058,0,3.0915,0,3.5914,3.3525210051
2009-03-11,0,3.323,0,3.2434,0,3.7277,3.3390773003
2009-03-12,0,2.6413,0,3.2588,0,3.8411,3.3290338341
2009-03-13,37.35,1.1809,0,2.8872,0,3.8701,4.5108115827
2009-03-14,45.65,0.9849,7.79,2.2479,14.54,2.9485,8.1078469436
2009-03-15,11.78,1.2507,43.18,2.1276,32.49,1.9197,15.3363516731
2009-03-16,5.88,1.5199,15.87,1.9115,39.53,1.8625,21.745748082
2009-03-17,0,2.3437,3.57,1.9952,0.03,3.0579,13.2140969286
2009-03-18,0,3.5507,0,3.3964,0,3.9945,8.2995999248
2009-03-19,0,3.8696,0,3.5674,0,4.1419,6.6061660348
2009-03-20,0,3.8601,0,3.5004,0,4.0929,5.2744182318
2009-03-21,0,3.7843,0,3.4019,0,4.0266,4.4125542964
2009-03-22,0,3.957,0,3.5519,0,3.9641,3.9170037041
2009-03-23,0,3.9113,0,3.5064,0,4.0989,3.6474157367
2009-03-24,0,3.4956,0,3.5058,0,4.2536,3.5038473176
2009-03-25,63.22,3.0983,15.47,2.4301,0,3.5643,5.8200413813
2009-03-26,31.68,3.0363,61.37,2.0739,21.01,2.1904,13.2919726295
2009-03-27,21.14,2.9855,91.92,2.1266,48.25,2.0137,30.211893361
2009-03-28,14.52,3.0526,58.64,2.7954,82.05,2.9139,53.0755108115
2009-03-29,0,3.2655,0,3.5236,0,4.4319,38.4885286171
2009-03-30,0,3.8478,0,3.4763,0,4.242,23.0649328223
2009-03-31,12.91,3.355,0,3.762,59.98,3.2799,31.4528505044
2009-04-01,2.14,3.7661,12.81,2.8183,20.52,2.1541,25.3639966202
2009-04-02,5.55,3.3456,0,3.2533,13.86,2.3077,16.4203811357
2009-04-03,0,4.1855,8.58,3.2469,0.07,4.129,10.1509248775
2009-04-04,0,4.1807,0,3.758,0,4.7175,7.1945026632
2009-04-05,0,4.5664,1.8,4.149,0.35,4.8437,5.9932210764
2009-04-06,0,4.3013,0,4.2765,0,4.9089,5.1271921688
2009-04-07,0,3.468,0,3.1679,0,3.6711,4.4953531903
2009-04-08,0,3.8864,0,3.4818,0,4.1047,4.0681103172
2009-04-09,0,4.5601,0,4.1293,0,4.7741,3.8006123591
2009-04-10,0,3.7798,0,3.6138,0,4.6381,3.6410809684
2009-04-11,0,4.6771,0,4.4146,0,4.9414,3.5480492606
2009-04-12,0,3.6514,0,4.2273,0,5.2342,3.4934840825
2009-04-13,47.8,2.693,94.86,2.9957,54.05,3.7016,19.5155231911
2009-04-14,0,4.4121,9.42,3.4328,24.26,3.4725,27.1337369134
2009-04-15,0,4.193,0,3.9113,0,4.7668,18.6219464117
2009-04-16,0,4.257,0,4.058,0,4.9167,12.4418728918
2009-04-17,0,3.9857,0,4.0116,0,4.9537,9.066893691
2009-04-18,36.81,2.5516,0,3.9518,0,5.1852,7.9261312474
2009-04-19,36.43,2.5607,3.03,2.6627,0,4.6663,8.4637722091
2009-04-20,0,4.6197,6.87,3.5298,0,4.9574,8.037437356
2009-04-21,0,4.6559,0,4.455,0,5.4871,6.5920979317
2009-04-22,0,5.2115,0,4.7807,0,5.7112,5.3961611086
2009-04-23,0,5.2796,0,5.1057,0,5.985,4.6634433644
2009-04-24,0,4.8096,0,4.9846,0,6.1596,4.1532524488
2009-04-25,0,4.4967,0,4.4813,0,6.1692,3.8037103343
2009-04-26,0,4.5744,0,4.8163,0,5.938,3.6026455452
2009-04-27,0,4.1831,0,4.4468,0,5.8046,3.4951558052
2009-04-28,6.67,3.4989,0,4.458,0,5.9495,3.6501127459
2009-04-29,0,3.9882,0,4.5723,0,5.7198,3.747704498
2009-04-30,0,4.9471,0,4.6457,0,5.7177,3.602536922
2009-05-01,0,4.6582,0,4.393,0,5.1516,3.4742400608
2009-05-02,0,4.5801,0,4.6495,0,5.1989,3.4009829917
2009-05-03,9.51,3.6215,0,4.4749,5.84,3.9753,3.9710949464
2009-05-04,14.32,2.6298,59.68,3.3449,31.26,3.281,10.9470583669
2009-05-05,0,4.8169,14.47,3.3342,36.7,3.2653,19.0276947077
2009-05-06,0,4.9417,2,4.3701,8.09,3.9249,14.0365421059
2009-05-07,0,4.2926,0,4.2776,0,5.204,8.4958528025
2009-05-08,0,4.9643,0,4.4959,0,5.1183,6.3364508152
2009-05-09,0,5.2161,0,4.8404,0,5.931,5.128751441
2009-05-10,0,5.5909,0,4.8907,0,5.9132,4.3694174266
2009-05-11,0,5.8845,5.88,4.5781,0.28,5.8276,4.0713391124
2009-05-12,6.39,4.2061,3.3,4.708,14.53,4.3158,5.7387778359
2009-05-13,0,5.6859,12.06,3.6753,0,5.3414,5.1056161341
2009-05-14,0,5.8204,12.02,4.0757,6.58,4.9191,5.78730958
2009-05-15,0,5.724,0,4.9519,10.7,4.785,6.6998426226
2009-05-16,0,5.732,9.08,4.111,12.07,4.7836,7.2988127464
2009-05-17,28.53,4.3912,16.75,3.8989,14.69,4.6584,9.4957295159
2009-05-18,10.06,3.9815,5.66,3.8297,0,5.3551,8.5033978569
2009-05-19,0,5.5415,0,4.9449,0,5.1592,7.0898380523
2009-05-20,0,5.85,0,5.11,0,5.5757,5.7430676402
2009-05-21,0,5.9595,0,5.1006,5.41,3.8162,5.189197118
2009-05-22,0.12,5.2233,9.17,3.07,20.85,3.0481,7.7413310264
2009-05-23,1.3,4.1593,17.3,3.0277,37.38,2.8041,14.6463531721
2009-05-24,2.45,4.5096,26.21,2.6406,17.39,3.1253,13.8202411876
2009-05-25,2.62,4.8011,21.39,3.0069,12.71,3.6084,12.4911941722
2009-05-26,0,5.6359,10.08,3.6613,12.97,4.0726,12.6654275785
2009-05-27,8.98,5.0124,0.09,5.4761,9.09,4.5506,11.3419218045
2009-05-28,3.1,5.2196,0,5.6908,3.67,5.6374,8.6945848253
2009-05-29,0,6.1825,0,5.8977,0,6.7752,6.2981019249
2009-05-30,0,6.34,0,5.6845,0,6.9345,4.9743410921
2009-05-31,0,6.4276,0,6.0063,0,7.1776,4.2409355869
2009-06-01,0,6.5335,0,6.2488,0,7.5803,3.8327636904
2009-06-02,0,6.4113,0,6.1019,0,7.559,3.6110801124
2009-06-03,0,5.9888,0,5.5941,15.83,4.9752,4.9805542054
2009-06-04,16.26,4.5316,20.58,3.7725,33.2,4.3976,11.2525269068
2009-06-05,8.02,3.9602,28.6,3.9264,36.42,4.522,17.6651920216
2009-06-06,0,5.8907,0,5.5776,0,6.3009,11.2216128585
2009-06-07,0,6.0418,0,5.858,0,7.0838,6.7866852054
2009-06-08,0,6.099,0,6.0061,0,7.2278,5.5337068854
2009-06-09,0,5.9463,0,5.9366,0,7.342,4.6589404577
2009-06-10,0,5.8991,0,5.8499,0,7.2531,4.0959836146
2009-06-11,0,5.5374,0,5.7037,0,6.9309,3.757778382
2009-06-12,0,5.7181,0,5.4469,0,6.9645,3.5624780028
2009-06-13,0,6.0099,0,5.5365,0,6.893,3.451437414
2009-06-14,0,6.1141,0,5.6439,0,6.9633,3.3876879215
2009-06-15,0,6.0761,0,5.7943,0,7.3919,3.3495714379
2009-06-16,0,6.1724,0,5.7474,0,7.2371,3.324999483
2009-06-17,0,6.3046,0,6.0763,0,7.3083,3.3074535318
2009-06-18,0,6.3509,0,6.03,0,7.4317,3.293507811
2009-06-19,0,6.3872,0,6.1971,0,7.6633,3.2814055977
2009-06-20,0,6.4712,0,6.1773,0,7.6835,3.2702663154
2009-06-21,0,6.5581,0,6.1941,0,7.5476,3.2596642349
2009-06-22,0,6.385,0,6.1329,0,7.3732,3.2494054477
2009-06-23,0,6.5411,0,6.2576,0,7.4389,3.2394080755
2009-06-24,0,6.6155,0,6.2831,2.06,6.4341,3.3088208885
2009-06-25,0,6.6128,0,6.1467,0,6.9567,3.222895598
2009-06-26,0,6.7374,0,5.9232,0,7.1131,3.2131808269
2009-06-27,0,6.6006,0,5.7718,0,6.9507,3.2038063732
2009-06-28,0,6.4517,0,5.9739,0,6.7933,3.1947719388
2009-06-29,0,6.5683,0,6.0964,0,6.8254,3.1860647356
2009-06-30,0,6.5823,0,5.8909,0,7.2003,3.1776691447
2009-07-01,0,6.5876,0,6.3725,0,7.4777,3.1695662461
2009-07-02,0,6.8726,0,6.3981,0,7.4703,3.1617283882
2009-07-03,0,6.9197,0,6.535,0,7.1923,3.1541300884
2009-07-04,0,6.4749,0,6.2801,0,7.4517,3.1467567706
2009-07-05,0,5.8526,0,6.1608,0,6.8705,3.1396092546
2009-07-06,18.36,4.288,9.4,4.1453,12.68,4.3396,4.7244130942
2009-07-07,13.31,3.1181,16.89,3.0947,18.92,3.8813,7.5316514005
2009-07-08,0,5.3636,9.41,4.0132,20.31,4.5562,9.3606114199
2009-07-09,0,6.0644,0,5.6354,0,6.5524,5.6524182099
2009-07-10,0,6.1285,0,5.8059,0,6.5368,4.343051663
2009-07-11,0,6.0579,0,5.7855,0,6.1028,3.8492411601
2009-07-12,0,5.6729,0,5.4318,0,6.2679,3.5697303281
2009-07-13,0,5.9198,15.99,4.2315,6.81,4.7282,4.1151253286
2009-07-14,0,5.8744,14.09,4.1306,0,5.9207,4.1178373772
2009-07-15,0,5.6652,0,4.7501,0,6.3147,4.3348741438
2009-07-16,0,5.9254,0,5.5302,18.39,5.0419,6.1205894027
2009-07-17,23.95,4.442,6.71,4.2569,33.5,4.4795,11.3829742529
2009-07-18,0,4.5535,7.49,4.0059,0,5.9225,6.8152160351
2009-07-19,0,5.5976,0,5.5046,0,6.1718,4.9893000855
2009-07-20,0,5.9507,0,5.6199,0,6.6797,4.2888011842
2009-07-21,23.06,4.265,0,5.5686,0,6.8896,4.5797897926
2009-07-22,61.55,3.6618,0,5.2022,0,6.6671,6.7299761792
2009-07-23,56.2,4.237,0,4.7306,0,6.2949,9.1483196065
2009-07-24,0,5.7733,0,5.4716,0,6.2211,8.7382603286
2009-07-25,0,6.2047,0,5.7916,0,6.4067,6.8124600222
2009-07-26,0,5.7232,0,5.8732,8.1,5.0854,6.2907050548
2009-07-27,16.32,3.4578,0,5.6333,0,6.6757,5.8231919316
2009-07-28,21.45,3.2916,12.68,4.095,27.57,4.6023,9.9816408356
2009-07-29,13.85,2.8073,13.4,3.6876,20.12,4.4514,10.9464417649
2009-07-30,8.34,3.9107,0,4.7777,8.81,4.0143,8.7399298089
2009-07-31,19.22,4.0178,20.19,3.7298,17.25,4.0901,10.1707372195
2009-08-01,0,5.4007,16.56,3.7181,15.27,4.4404,10.5404340125
2009-08-02,2.23,5.0879,13.67,3.9044,7.76,4.2696,8.8232908564
2009-08-03,0,5.7417,0,4.8247,0,5.9255,6.6298782705
2009-08-04,0,6.1552,0,5.558,0,6.6013,5.4647070217
2009-08-05,0,5.8579,0,5.5823,10.42,5.1981,5.7975070217
2009-08-06,0,5.0808,0,5.2508,0,6.6119,4.3071103521
2009-08-07,1.63,5.5947,0,5.4254,0,6.3716,3.8669601258
2009-08-08,0,5.8986,2.84,4.4497,0,6.2587,3.7086664395
2009-08-09,0,5.4853,7.26,3.6518,0,5.972,3.7398422404
2009-08-10,4.08,4.9469,0,4.9124,1.72,5.8222,4.015514369
2009-08-11,0,5.4763,0.77,5.111,0,6.2633,3.9451410863
2009-08-12,0,5.7015,4.4,3.9381,19.22,4.7235,5.7968060385
2009-08-13,0,5.8951,0.81,5.0782,0,5.8034,4.1225828825
2009-08-14,0,5.9051,0,5.3251,0,5.9958,3.7338103419
2009-08-15,0,5.9887,0,5.1876,0,5.4417,3.561403483
2009-08-16,0,5.9138,0,5.0327,0,5.1734,3.448406808
2009-08-17,0,5.6207,0,4.8432,23.9,3.6294,6.3469302647
2009-08-18,0,5.3812,7.98,3.6571,33.81,3.7959,10.794640186
2009-08-19,7.79,3.8148,34.33,3.4793,6.64,4.2858,7.4182422259
2009-08-20,8.45,3.584,15.94,3.4683,6.61,4.0427,7.7802113447
2009-08-21,6.52,4.0367,6.66,3.5735,7.73,3.9017,8.5891276613
2009-08-22,0,5.8225,16.19,3.9861,0,5.8818,7.3174509972
2009-08-23,0,5.7288,0,5.0781,0,5.8268,6.5960000452
2009-08-24,0,5.5487,0,4.9319,0,5.9912,5.645424686
2009-08-25,0,5.4794,0,4.8964,0,6.0187,4.8037860165
2009-08-26,0,5.4416,0,4.9816,0,6.1854,4.2055647076
2009-08-27,0.27,5.4302,0,4.8493,22.95,4.2524,6.5767046481
2009-08-28,38.48,4.2789,0,4.5221,0.07,4.9403,5.4395588272
2009-08-29,32.6,3.6202,0,4.965,0,5.8308,6.6254838425
2009-08-30,0,4.8806,0,4.7098,4.16,4.2949,6.7165760589
2009-08-31,0,4.8203,0,4.5552,0.01,5.0633,5.1200386292
2009-09-01,0,5.0598,0,4.6971,0,5.449,4.2477209374
2009-09-02,0,4.9727,0,4.7382,0,4.6853,3.8489205492
2009-09-03,0,4.9054,0,4.5174,0,4.7371,3.5995854586
2009-09-04,0,4.646,0,4.3507,0,5.1549,3.4327579449
2009-09-05,0,4.8447,5.25,3.4896,8.2,3.8466,3.9559995474
2009-09-06,0,5.0283,17.82,3.1923,7.75,3.9368,4.5206257676
2009-09-07,0,4.8579,25.99,3.1523,6.34,3.8767,5.5209113564
2009-09-08,0,4.8162,0.01,4.1943,0,5.2902,5.5834695146
2009-09-09,0,4.7855,0,4.3024,0,5.6303,5.2243956993
2009-09-10,19.11,3.751,0,4.3067,0,5.5389,5.2581668954
2009-09-11,16.46,3.4063,0,4.2639,0,4.897,5.6570770435
2009-09-12,24.73,2.4876,7.52,2.729,2.14,3.801,6.3139145049
2009-09-13,11.73,1.7798,7.52,2.0802,2.07,4.0793,6.6751402349
2009-09-14,8,2.3511,14.3,2.9104,18.66,3.4072,8.7359444279
2009-09-15,9.1,2.9347,10.11,2.8606,17.94,3.0386,10.1667844786
2009-09-16,7.06,2.7307,8.23,2.9648,6.75,3.1737,8.6575321273
2009-09-17,14.47,2.8777,6,2.9021,8.35,3.0556,8.6660885798
2009-09-18,9.54,2.5442,7.94,3.0179,0,4.1229,7.2661779739
2009-09-19,0,3.2225,19.27,2.903,7.15,3.2595,7.9578566795
2009-09-20,0,3.3807,1.8,3.4717,10.79,3.2293,8.5877943171
2009-09-21,0,3.7028,8.86,3.0232,10.47,3.4337,8.346531435
2009-09-22,9.55,2.5904,10.04,2.851,17.01,3.542,10.0271182436
2009-09-23,15.1,2.336,29.21,2.9043,0,4.6628,8.503872115
2009-09-24,0.16,2.767,0,3.6998,0,4.7762,8.6518416378
2009-09-25,0,2.1847,0,3.9615,0,4.8327,7.4477162642
2009-09-26,0,2.8035,17.1,2.9129,1.38,4.5178,6.7224494667
2009-09-27,0,4.2951,11.51,3.0102,0,4.7697,6.7298134378
2009-09-28,0,4.3298,0,3.9366,0,4.8173,6.5178366529
2009-09-29,0,4.201,0,3.9626,0,4.6172,5.7329002906
2009-09-30,0,3.8316,0,3.4919,0,4.1771,4.9263656235
2009-10-01,0,3.9001,0,3.4731,0,4.1519,4.3187119295
2009-10-02,29.8,3.1713,10.32,2.9047,0,4.2478,5.1834154855
2009-10-03,0,3.6658,0,3.4138,0,4.147,5.9329560811
2009-10-04,8.97,2.8634,0,3.3684,26.21,3.0158,8.7222986496
2009-10-05,20.26,2.6136,12.4,2.3122,18.99,2.565,10.0361048547
2009-10-06,0,2.7928,2.51,2.4893,5.82,3.1861,8.1049694641
2009-10-07,0,3.899,0,3.3949,0,3.8603,5.8284628773
2009-10-08,0,3.4266,0,3.1874,0,4.0149,4.7773655365
2009-10-09,0,3.8462,0,3.3767,0,3.8992,4.1664877224
2009-10-10,17.2,2.8252,5.01,2.7625,11.29,3.1645,5.8437102475
2009-10-11,1.78,1.9976,5.03,2.0186,0,3.8698,5.2232406885
2009-10-12,7.04,1.776,16.13,1.9448,6.29,3.0433,6.2203796455
2009-10-13,28.78,2.0095,11.73,2.2062,0.02,3.3115,7.1374211938
2009-10-14,36.55,2.4438,23.81,1.9515,15.64,2.2828,11.8370046277
2009-10-15,32.99,2.1595,11.95,2.2304,4.98,2.6564,12.8230476982
2009-10-16,0,3.2294,21.88,2.485,5.05,2.8506,12.7863691837
2009-10-17,0,2.5963,0,2.1695,0,2.5275,10.7939330669
2009-10-18,0,2.4215,0,2.1077,0,2.4791,8.7537768349
2009-10-19,0,2.4437,0,2.2385,0,2.6086,6.9269646386
2009-10-20,0,2.6166,0,2.2927,0,2.7786,5.4919528852
2009-10-21,0,2.7532,0,2.496,0,2.9594,4.5491552696
2009-10-22,21.2,2.0427,1.34,2.599,0,3.1498,4.7267422448
2009-10-23,32.18,2.0091,8.05,2.0479,31.66,2.5466,11.2643799321
2009-10-24,0,2.1372,0,2.2593,0.08,2.8015,7.881966335
2009-10-25,0,2.3079,0,2.0975,0,2.4168,5.7228142301
2009-10-26,0,2.2504,0,2.1159,0,2.5539,4.654816433
2009-10-27,25.2,1.4801,5.71,1.6196,28.59,2.0322,10.2829420261
2009-10-28,10.67,1.848,0,2.1418,0.09,2.1473,7.1383303396
2009-10-29,13.79,1.9989,0,2.3137,0,2.4911,5.962395151
2009-10-30,58.35,2.1314,4.7,2.3031,0,2.8668,7.289019716
2009-10-31,28.16,1.4719,21.38,1.9018,9.22,2.3016,10.7154155205
2009-11-01,0,2.1022,0,1.9698,0,2.1869,9.7060564819
2009-11-02,0,2.1371,0,1.9709,0,2.3334,7.8607003623
2009-11-03,0,2.127,0,1.9786,0,2.3492,6.4403925008
2009-11-04,0,2.1775,0,2.067,0,2.4288,5.4043721943
2009-11-05,0,2.1576,0,2.0343,0,2.3592,4.5511171035
2009-11-06,0,2.0774,0,1.8521,0,2.118,3.9800023589
2009-11-07,0,2.0009,0,1.8428,0,2.1298,3.6693633229
2009-11-08,0,2.018,0,1.9085,0,2.2432,3.5154635267
2009-11-09,0,1.6866,0,1.7752,67.14,1.6478,17.1390709525
2009-11-10,0,1.753,63.07,1.0786,78.71,1.4209,30.2192912242
2009-11-11,0,1.925,0,1.5333,9.99,1.4471,18.542333771
2009-11-12,0,1.8138,0,1.6914,0,1.8269,9.7444306946
2009-11-13,0,1.6746,0,1.5712,0,1.9329,7.3897859535
2009-11-14,0,1.707,0,1.5688,0,1.9092,5.91504614
2009-11-15,0,1.85,0,1.5843,0,1.8833,4.8887552643
2009-11-16,2.09,1.6498,0,1.6059,0,1.8727,4.3086601854
2009-11-17,1.46,1.4478,3.05,1.3566,1,1.7265,4.2270520695
2009-11-18,0,1.2998,0,1.2791,0,1.5122,4.0330195831
2009-11-19,0,1.4368,0,1.2696,0,1.5485,3.839898563
2009-11-20,0,1.4551,0,1.3245,0,1.6154,3.6716618926
2009-11-21,14.07,1.0165,0,1.3565,14.42,1.4517,6.0775749928
2009-11-22,19.85,0.8724,4.57,0.8699,24.11,1.2097,10.8491204534
2009-11-23,0,1.0893,0,0.9716,0,1.1739,7.1938450483
2009-11-24,0,1.3809,0,1.2402,0,1.3076,4.8191938651
2009-11-25,0,1.3664,0,1.3305,0,1.5592,4.1150839023
2009-11-26,0,1.2862,0,1.2213,0,1.4953,3.7490430058
2009-11-27,0,1.1989,0,1.1218,0,1.3676,3.5646198921
2009-11-28,0,1.3248,0,1.1537,0,1.3545,3.472988581
2009-11-29,0,1.4118,0,1.2198,0,1.4612,3.4265721615
2009-11-30,16.86,1.2858,0,1.3285,7.11,1.4223,4.874106766
2009-12-01,8.14,0.9211,18.32,0.9933,10.29,1.2637,7.1156577546
2009-12-02,24.3,0.7343,63.22,0.9452,70.42,1.3882,27.8037214637
2009-12-03,0,0.9672,0,1.107,0,1.3558,20.2305960697
2009-12-04,0,0.9239,0,0.8717,0,0.9601,11.3679997616
2009-12-05,2.24,0.834,5.97,0.8244,1.98,1.0279,9.4260367136
2009-12-06,0,0.9392,0,0.9118,0,1.1006,7.4474657168
2009-12-07,13.96,0.9202,6.92,0.9184,0,1.2382,6.6559907143
2009-12-08,11.27,1.0794,45.94,1.0156,8.99,1.3195,10.4817148221
2009-12-09,1.67,1.3795,14.56,1.1775,23.31,1.4677,17.9028628441
2009-12-10,0,1.0262,0,1.1436,0,1.3808,13.944433617
2009-12-11,0,0.848,0,0.863,7.19,0.9101,11.1880516897
2009-12-12,18.59,0.8182,28.45,0.738,29.97,0.8366,17.8700226272
2009-12-13,1.18,0.9584,69.05,0.9553,60.43,1.1521,34.9767725757
2009-12-14,12.83,0.8607,21.7,1.032,20.86,1.2483,34.5700843288
2009-12-15,55.94,1.072,56.86,1.0008,51.2,1.3072,43.0700452546
2009-12-16,0,0.9971,11.48,1.0121,0,1.3993,36.082462597
2009-12-17,0,0.9926,0,1.0491,16.08,1.123,27.6758731453
2009-12-18,8.6,0.8422,60.86,0.819,29.28,0.9747,32.0749088783
2009-12-19,0,1.134,0,1.0044,0.01,1.1742,27.0538733484
2009-12-20,0,1.0389,0,0.9828,0,1.1321,18.4727267956
2009-12-21,0,1.0589,0,0.9786,0,1.131,13.383496598
2009-12-22,0,1.1935,0,1.0431,0,1.2007,9.5048241436
2009-12-23,8.44,1.1973,0,1.1716,0,1.3097,7.2261789111
2009-12-24,34.96,1.2163,15.27,1.0567,22.6,1.2011,13.218921886
2009-12-25,11.49,0.9767,27.76,0.9887,32.78,1.1236,23.5139718785
2009-12-26,0,0.963,0,0.9198,0,1.1436,18.1998353573
2009-12-27,0,1.0361,0,1.0103,0,1.2091,11.0134446317
2009-12-28,0,0.9901,0,0.9739,0,1.161,8.3939610554
2009-12-29,0,0.9654,0,0.9041,0,1.1275,6.4826015452
2009-12-30,11.36,0.9218,0,1.0064,11.55,1.086,8.0616429354
2009-12-31,13.54,0.8317,22.53,0.9791,9.86,1.1982,10.8874641348
