"Date","P","E","T","Q" 
2004-09-02,0.1,2.114,12.648,0.374
2004-09-03,0.2,2.284,14.427,0.347
2004-09-04,0.1,2.757,17.274,0.339
2004-09-05,0.2,2.853,17.856,0.322
2004-09-06,0.2,2.882,18.049,0.315
2004-09-07,0.3,2.759,16.941,0.314
2004-09-08,0.2,2.681,16.848,0.32
2004-09-09,0.2,2.677,16.207,0.32
2004-09-10,0.2,2.387,14.465,0.331
2004-09-11,0.1,2.376,15.477,0.348
2004-09-12,3.3,2.717,17.799,0.389
2004-09-13,1.3,2.149,13.903,0.395
2004-09-14,0,2.108,14.176,0.404
2004-09-15,1.2,1.976,12.939,0.401
2004-09-16,1.4,1.704,10.947,0.375
2004-09-17,0.2,1.448,8.206,0.374
2004-09-18,0.2,1.588,9.946,0.373
2004-09-19,0.1,1.871,12.578,0.393
2004-09-20,1,1.979,13.175,0.4
2004-09-21,0.1,1.635,11.249,0.403
2004-09-22,0,1.841,12.779,0.4
2004-09-23,1.7,1.641,11.415,0.422
2004-09-24,9.6,1.87,13.138,0.498
2004-09-25,0.3,1.482,9.584,0.476
2004-09-26,1.6,1.552,10.297,0.47
2004-09-27,0.3,1.701,11.756,0.477
2004-09-28,1.1,1.708,12.304,0.455
2004-09-29,0.6,1.919,14.056,0.424
2004-09-30,0.1,1.802,12.762,0.418
2004-10-01,0.1,1.593,11.251,0.415
2004-10-02,2.3,1.871,13.524,0.421
2004-10-03,0.1,1.647,11.762,0.392
2004-10-04,0.2,1.448,10.131,0.379
2004-10-05,0.1,1.878,13.686,0.367
2004-10-06,1.1,2.073,15.568,0.364
2004-10-07,4.8,1.5,10.644,0.388
2004-10-08,0.3,1.219,7.851,0.364
2004-10-09,1.8,1.205,7.821,0.375
2004-10-10,0.8,1.369,9.282,0.386
2004-10-11,0.1,1.256,8.072,0.39
2004-10-12,0,1.159,7.568,0.392
2004-10-13,0,1.209,8.099,0.403
2004-10-14,0,1.27,8.94,0.421
2004-10-15,8.8,1.358,9.904,0.471
2004-10-16,6.7,1.145,7.525,0.574
2004-10-17,4.2,1.053,6.361,0.536
2004-10-18,6,1.068,6.747,0.607
2004-10-19,1,1.119,7.396,0.521
2004-10-20,0.2,1.072,6.799,0.481
2004-10-21,13,1.694,13.674,0.705
2004-10-22,4.1,1.454,11.177,0.796
2004-10-23,0.2,1.154,8.668,0.44
2004-10-24,0.3,1.586,13.33,0.418
2004-10-25,2.2,1.458,12.327,0.419
2004-10-26,0.2,1.477,12.133,0.463
2004-10-27,0.1,1.061,7.631,0.474
2004-10-28,1.4,1.06,7.496,0.504
2004-10-29,8.6,1.328,10.925,0.763
2004-10-30,7.2,1.258,9.856,0.789
2004-10-31,1.7,1.107,8.555,0.695
2004-11-01,0,1.089,8.171,0.537
2004-11-02,0.8,1.115,8.441,0.519
2004-11-03,2.4,1.132,8.983,0.523
2004-11-04,1.8,1.165,9.609,0.536
2004-11-05,8.5,1.214,10.23,0.926
2004-11-06,0.2,0.987,6.736,0.569
2004-11-07,2.1,0.916,6.377,0.518
2004-11-08,0.4,0.878,5.249,0.541
2004-11-09,1.2,0.771,3.966,0.536
2004-11-10,0.1,0.682,1.668,0.536
2004-11-11,5.1,0.634,1.342,0.589
2004-11-12,0.2,0.687,2.405,0.59
2004-11-13,0.2,0.714,3.087,0.538
2004-11-14,0.1,0.747,3.319,0.524
2004-11-15,0.1,0.65,1.289,0.51
2004-11-16,0.3,0.526,-0.57,0.491
2004-11-17,0.1,0.78,4.826,0.485
2004-11-18,1.2,0.969,8.065,0.493
2004-11-19,7.5,0.939,7.52,0.538
2004-11-20,7.1,0.659,2.189,0.983
2004-11-21,0.2,0.491,-1.085,0.516
2004-11-22,1.5,0.522,-0.483,0.45
2004-11-23,1,0.923,8.266,0.458
2004-11-24,2.4,0.944,7.68,0.471
2004-11-25,0.2,0.534,-0.178,0.429
2004-11-26,0.2,0.498,-1.545,0.406
2004-11-27,0.1,0.625,2.6,0.403
2004-11-28,2.2,0.84,6.681,0.42
2004-11-29,0.3,0.804,5.901,0.414
2004-11-30,0,0.789,5.535,0.398
2004-12-01,0.1,0.686,2.7,0.394
2004-12-02,5.3,0.652,2.879,0.47
2004-12-03,1.6,0.655,3.086,0.472
2004-12-04,0.2,0.634,2.644,0.454
2004-12-05,0,0.488,-0.906,0.431
2004-12-06,0.1,0.463,-1.322,0.425
2004-12-07,0,0.628,2.443,0.421
2004-12-08,0,0.609,1.921,0.413
2004-12-09,0.1,0.653,3.243,0.418
2004-12-10,0,0.538,0.119,0.441
2004-12-11,0.1,0.423,-2.882,0.45
2004-12-12,0,0.387,-3.685,0.465
2004-12-13,0,0.394,-3.585,0.468
2004-12-14,0,0.386,-3.769,0.489
2004-12-15,0,0.364,-4.374,0.452
2004-12-16,0,0.393,-3.521,0.456
2004-12-17,3.1,0.49,-0.565,0.488
2004-12-18,13.9,0.669,3.801,0.88
2004-12-19,3.2,0.611,2.396,0.654
2004-12-20,7.2,0.55,0.577,0.909
2004-12-21,0,0.389,-4.417,0.537
2004-12-22,0,0.31,-6.682,0.469
2004-12-23,0,0.428,-2.271,0.412
2004-12-24,3.2,0.658,4.124,0.459
2004-12-25,3.6,0.828,7.13,0.567
2004-12-26,6.3,0.694,3.973,0.84
2004-12-27,0,0.553,0.806,0.492
2004-12-28,0.2,0.475,-2.059,0.425
2004-12-29,0,0.464,-1.31,0.455
2004-12-30,4.7,0.544,0.662,0.399
2004-12-31,1.9,0.555,1.217,0.399
2005-01-01,1.3,0.689,4.446,0.557
2005-01-02,2,0.81,6.643,0.543
2005-01-03,1.9,0.693,4.121,0.604
2005-01-04,0.5,0.613,2.784,0.49
2005-01-05,0,0.639,2.938,0.441
2005-01-06,4.3,0.691,4.16,0.433
2005-01-07,0.6,0.789,5.831,0.469
2005-01-08,0.3,0.915,7.951,0.428
2005-01-09,2.8,0.823,6.325,0.446
2005-01-10,0,0.76,5.388,0.453
2005-01-11,1.3,0.943,7.87,0.437
2005-01-12,2.6,0.873,7.069,0.444
2005-01-13,5.1,0.835,6.255,0.472
2005-01-14,0.3,0.612,1.962,0.459
2005-01-15,0.2,0.482,-1.068,0.404
2005-01-16,0,0.451,-2.619,0.399
2005-01-17,0.1,0.395,-4.236,0.387
2005-01-18,2.9,0.519,-0.131,0.375
2005-01-19,18.1,0.706,3.403,1.831
2005-01-20,1.4,0.628,2.045,0.758
2005-01-21,9.3,0.903,7.326,0.806
2005-01-22,5.3,0.77,4.665,1.29
2005-01-23,0.5,0.622,1.217,0.665
2005-01-24,0,0.576,0.302,0.531
2005-01-25,0,0.498,-1.56,0.471
2005-01-26,0,0.44,-3.529,0.429
2005-01-27,0,0.446,-3.179,0.387
2005-01-28,0,0.425,-4.018,0.377
2005-01-29,0,0.511,-1.483,0.356
2005-01-30,0,0.44,-4.117,0.354
2005-01-31,0,0.488,-2.204,0.339
2005-02-01,1,0.647,1.775,0.341
2005-02-02,0.8,0.73,2.69,0.354
2005-02-03,0.6,0.727,2.952,0.339
2005-02-04,2.1,0.765,3.025,0.368
2005-02-05,0.1,0.674,1.102,0.353
2005-02-06,0.2,0.542,-1.496,0.357
2005-02-07,0.2,0.562,-1.429,0.348
2005-02-08,0,0.555,-1.189,0.346
2005-02-09,0,0.592,-0.494,0.346
2005-02-10,0.1,0.605,-0.099,0.343
2005-02-11,8.4,0.782,3.909,0.39
2005-02-12,6.9,1.006,6.926,0.811
2005-02-13,13.6,1.136,8.51,1.088
2005-02-14,9.5,0.696,1.505,1.551
2005-02-15,5.8,0.692,1.201,1.096
2005-02-16,1.2,0.614,-0.436,0.897
2005-02-17,0,0.551,-1.984,0.644
2005-02-18,0,0.554,-2.02,0.559
2005-02-19,0.1,0.542,-2.308,0.528
2005-02-20,2.9,0.625,-0.177,0.511
2005-02-21,0.8,0.632,-0.191,0.491
2005-02-22,0.8,0.584,-1.554,0.467
2005-02-23,0,0.55,-2.661,0.447
2005-02-24,0.3,0.456,-4.928,0.434
2005-02-25,0,0.443,-5.39,0.406
2005-02-26,0.7,0.435,-5.289,0.394
2005-02-27,0.3,0.495,-3.718,0.384
2005-02-28,0,0.502,-4.201,0.387
2005-03-01,0,0.387,-8.836,0.381
2005-03-02,0,0.361,-8.776,0.386
2005-03-03,0.1,0.528,-3.846,0.383
2005-03-04,0,0.598,-2.067,0.38
2005-03-05,0,0.589,-2.677,0.376
2005-03-06,1,0.602,-1.943,0.374
2005-03-07,0,0.546,-3.761,0.369
2005-03-08,1.6,0.682,-0.054,0.363
2005-03-09,1.2,0.839,2.105,0.371
2005-03-10,1,0.846,2.072,0.435
2005-03-11,0.2,0.815,1.204,0.489
2005-03-12,1,0.838,2.208,0.567
2005-03-13,3.1,0.82,1.801,0.912
2005-03-14,0,0.838,1.921,0.548
2005-03-15,0,0.933,2.86,0.481
2005-03-16,0.1,0.983,3.932,0.429
2005-03-17,0,1.411,9.339,0.408
2005-03-18,0,1.589,11.373,0.383
2005-03-19,0,1.508,10.013,0.378
2005-03-20,0.1,1.502,10.128,0.368
2005-03-21,0,1.473,9.291,0.358
2005-03-22,0,1.403,7.966,0.362
2005-03-23,1.3,1.499,9.548,0.365
2005-03-24,0,1.7,11.524,0.353
2005-03-25,1.1,1.542,10.289,0.358
2005-03-26,0.1,1.616,10.173,0.367
2005-03-27,0.6,1.45,9.037,0.372
2005-03-28,0.2,1.625,10.179,0.367
2005-03-29,1.7,1.62,10.123,0.359
2005-03-30,0.2,1.606,10.203,0.362
2005-03-31,4.2,1.558,9.127,0.407
2005-04-01,0,1.604,9.56,0.384
2005-04-02,0.2,1.463,8.235,0.384
2005-04-03,0,1.44,7.911,0.382
2005-04-04,0,1.586,9.531,0.382
2005-04-05,0,1.553,9.878,0.369
2005-04-06,2.4,1.541,8.824,0.378
2005-04-07,8.7,1.396,7.743,0.4
2005-04-08,5.4,1.53,8.87,0.717
2005-04-09,0.6,1.224,5.511,0.459
2005-04-10,0.1,1.093,3.581,0.432
2005-04-11,0,1.225,5.069,0.415
2005-04-12,0.1,1.452,7.353,0.405
2005-04-13,0,1.538,8.261,0.41
2005-04-14,0,1.675,9.686,0.4
2005-04-15,0,1.745,10.38,0.4
2005-04-16,3.4,1.592,8.646,0.415
2005-04-17,2.1,1.513,7.797,0.441
2005-04-18,0.1,1.786,10.102,0.43
2005-04-19,0,1.748,10.195,0.41
2005-04-20,4.3,1.599,8.267,0.434
2005-04-21,0.2,1.423,6.691,0.425
2005-04-22,0.1,1.38,6.139,0.402
2005-04-23,0.1,1.46,6.912,0.391
2005-04-24,3.2,1.509,7.851,0.402
2005-04-25,3.2,1.941,11.196,0.478
2005-04-26,16.1,1.825,10.088,0.768
2005-04-27,7.1,1.884,10.587,0.612
2005-04-28,0.9,1.887,10.408,1.074
2005-04-29,0.1,1.818,10.235,0.768
2005-04-30,1,2.491,15.055,0.715
2005-05-01,0.1,2.655,15.728,0.695
2005-05-02,0.1,2.98,17.77,0.67
2005-05-03,0.5,2.735,16.265,0.588
2005-05-04,0.8,2.254,13.411,0.535
2005-05-05,5.8,1.959,10.627,0.567
2005-05-06,1.6,1.966,10.45,0.537
2005-05-07,1,1.841,9.786,0.525
2005-05-08,7.2,1.539,7.212,0.571
2005-05-09,0.1,1.432,6.236,0.522
2005-05-10,0,1.499,6.116,0.487
2005-05-11,0,1.528,6.215,0.467
2005-05-12,0,1.616,6.509,0.46
2005-05-13,0,1.963,9.032,0.445
2005-05-14,0,2.134,10.157,0.432
2005-05-15,0,2.091,9.975,0.543
2005-05-16,0,2.068,9.558,0.557
2005-05-17,0,2.116,10.01,0.472
2005-05-18,0,1.994,7.811,0.461
2005-05-19,0,1.844,6.999,0.432
2005-05-20,0,2.129,10.237,0.411
2005-05-21,5.5,2.985,15.524,0.431
2005-05-22,0.8,2.697,13.827,0.518
2005-05-23,0,2.485,12.775,0.472
2005-05-24,0.5,2.462,12.125,0.451
2005-05-25,0,2.44,12.246,0.428
2005-05-26,0,3.291,16.616,0.422
2005-05-27,0,3.753,19.16,0.411
2005-05-28,0,4.226,21.175,0.403
2005-05-29,0,4.32,21.686,0.402
2005-05-30,25.3,4.156,20.015,0.667
2005-05-31,2.2,2.538,12.359,0.893
2005-06-01,0.2,2.296,10.844,0.479
2005-06-02,0.1,2.706,13.008,0.439
2005-06-03,0,3.044,15.316,0.416
2005-06-04,4,3.26,16.806,0.421
2005-06-05,3.6,2.522,12.678,0.422
2005-06-06,0.3,2.289,11.316,0.416
2005-06-07,2.9,2.518,12.23,0.423
2005-06-08,0,2.144,8.799,0.385
2005-06-09,0,2.29,10.237,0.371
2005-06-10,0,2.504,11.625,0.37
2005-06-11,0,2.649,12.549,0.365
2005-06-12,0,2.54,11.365,0.368
2005-06-13,0,2.334,10.682,0.366
2005-06-14,0,2.606,12.828,0.359
2005-06-15,0,2.824,13.747,0.358
2005-06-16,0,3.096,16.084,0.346
2005-06-17,0,3.523,17.884,0.342
2005-06-18,0,3.933,19.379,0.362
2005-06-19,0,4.415,20.569,0.368
2005-06-20,0,4.288,20.299,0.349
2005-06-21,0,4.674,21.945,0.345
2005-06-22,0,4.772,22.753,0.339
2005-06-23,0.1,4.535,20.891,0.349
2005-06-24,0,4.682,22.118,0.358
2005-06-25,0,5.341,24.472,0.363
2005-06-26,0.2,4.299,21.063,0.37
2005-06-27,0,4.406,20.847,0.367
2005-06-28,0.5,4.518,21.69,0.364
2005-06-29,0.1,4.986,23.329,0.37
2005-06-30,2.8,4.218,20.257,0.377
2005-07-01,2,3.436,17.25,0.369
2005-07-02,1.9,3.093,15.609,0.408
2005-07-03,3,3.374,16.71,0.436
2005-07-04,0.1,4.07,19.579,0.463
2005-07-05,5.8,3.306,16.386,0.531
2005-07-06,0,2.719,13.452,0.534
2005-07-07,14.5,2.823,14.034,0.555
2005-07-08,7.3,2.485,11.944,0.551
2005-07-09,1.4,2.744,13.341,0.438
2005-07-10,0,3.171,15.309,0.417
2005-07-11,0.2,3.858,18.478,0.405
2005-07-12,0,4.589,20.863,0.393
2005-07-13,0.2,4.194,20.197,0.371
2005-07-14,0.1,4.556,21.595,0.376
2005-07-15,0.1,4.689,22.154,0.429
2005-07-16,0,4.45,21.714,0.427
2005-07-17,0,4.211,20.753,0.427
2005-07-18,0,4.03,19.44,0.434
2005-07-19,2.3,3.882,19.551,0.46
2005-07-20,0.5,3.195,16.309,0.475
2005-07-21,11.7,2.887,15.13,0.479
2005-07-22,0.2,2.961,15.32,0.39
2005-07-23,0,3.05,15.931,0.36
2005-07-24,0,3.21,16.26,0.325
2005-07-25,8.1,3.193,16.504,0.338
2005-07-26,1.8,3.48,17.961,0.335
2005-07-27,0.1,3.44,17.803,0.319
2005-07-28,0.2,4.335,21.301,0.324
2005-07-29,5,4.478,22.114,0.325
2005-07-30,24.9,3.664,19.053,0.726
2005-07-31,3.1,3.064,16.01,0.517
2005-08-01,0.2,2.728,14.913,0.434
2005-08-02,0,3.113,16.209,0.407
2005-08-03,0.2,3.147,15.975,0.392
2005-08-04,0.1,2.868,15.497,0.379
2005-08-05,0,2.869,15.017,0.366
2005-08-06,3.1,2.586,14.195,0.385
2005-08-07,0.1,2.442,13.033,0.404
2005-08-08,2.3,2.238,11.801,0.388
2005-08-09,1.2,2.337,12.193,0.381
2005-08-10,0.1,2.588,13.657,0.385
2005-08-11,0,2.606,14.175,0.384
2005-08-12,1.6,2.491,14.14,0.376
2005-08-13,0.4,2.714,15.167,0.375
2005-08-14,0.1,2.682,14.686,0.378
2005-08-15,13.4,2.46,13.543,0.455
2005-08-16,4.6,2.453,13.435,0.475
2005-08-17,0,3.1,16.445,0.379
2005-08-18,0.1,3.126,17.053,0.363
2005-08-19,0.1,3.284,17.949,0.364
2005-08-20,0.3,2.803,16.387,0.372
2005-08-21,0,2.627,14.891,0.369
2005-08-22,0.1,2.588,14.963,0.37
2005-08-23,0,2.943,16.551,0.378
2005-08-24,1.6,2.55,15.059,0.392
2005-08-25,0,2.661,15.165,0.363
2005-08-26,4.9,2.349,13.526,0.379
2005-08-27,0.2,2.122,12.141,0.392
2005-08-28,0.1,2.173,12.221,0.397
2005-08-29,0.1,2.54,14.456,0.373
2005-08-30,0.1,2.785,15.943,0.364
2005-08-31,0,3.151,18.371,0.364
2005-09-01,0.1,3.454,20.058,0.37
2005-09-02,0,2.969,18.057,0.389
2005-09-03,0.1,3.078,18.06,0.374
2005-09-04,0.1,2.997,17.867,0.373
2005-09-05,0.2,3.136,18.062,0.385
2005-09-06,0.1,3.023,18.315,0.397
2005-09-07,0.5,3.104,18.902,0.398
2005-09-08,0.2,3.144,19.223,0.396
2005-09-09,0.8,3.193,19.353,0.403
2005-09-10,5.1,2.936,17.865,0.437
2005-09-11,6.1,2.711,17.296,0.455
2005-09-12,2.1,2.545,16.196,0.419
2005-09-13,5.1,2.497,15.596,0.442
2005-09-14,0,2.563,15.596,0.377
2005-09-15,0.2,2.237,15.104,0.372
2005-09-16,1,2.673,17.476,0.385
2005-09-17,9.2,2.069,12.915,0.474
2005-09-18,0,1.636,8.238,0.404
2005-09-19,0.2,1.576,8.396,0.413
2005-09-20,0.1,1.599,8.861,0.419
2005-09-21,0.1,1.66,9.395,0.411
2005-09-22,0.2,1.689,10.125,0.404
2005-09-23,0.1,1.764,10.798,0.407
2005-09-24,0.2,1.837,11.754,0.405
2005-09-25,0.1,1.97,13.194,0.424
2005-09-26,0.3,2.072,14.351,0.444
2005-09-27,0.2,2.098,14.062,0.43
2005-09-28,0,2.108,14.5,0.419
2005-09-29,1.7,1.84,12.488,0.423
2005-09-30,1.8,1.626,10.17,0.413
2005-10-01,1.2,1.466,9.37,0.378
2005-10-02,11.2,1.711,11.262,0.449
2005-10-03,0.8,1.496,9.124,0.37
2005-10-04,0.2,1.528,9.61,0.366
2005-10-05,0,1.784,12.352,0.362
2005-10-06,0,2.028,14.236,0.361
2005-10-07,0,2.041,14.301,0.37
2005-10-08,0,2.003,13.956,0.369
2005-10-09,0.1,1.791,12.27,0.385
2005-10-10,0.3,1.651,11.394,0.364
2005-10-11,0.2,1.661,11.669,0.367
2005-10-12,0.3,1.591,11.078,0.368
2005-10-13,0.3,1.625,12.247,0.367
2005-10-14,0,1.509,10.814,0.383
2005-10-15,0.3,1.457,9.868,0.372
2005-10-16,0.2,1.358,9.366,0.378
2005-10-17,0.3,1.379,9.448,0.366
2005-10-18,0.1,1.208,6.84,0.354
2005-10-19,0.2,1.185,6.695,0.349
2005-10-20,5.4,1.237,8.086,0.356
2005-10-21,3.1,1.522,11.393,0.37
2005-10-22,6.9,1.702,13.248,0.386
2005-10-23,10.8,1.731,13.678,0.544
2005-10-24,3.2,1.515,11.394,0.441
2005-10-25,0.2,1.368,10.269,0.351
2005-10-26,1.1,1.682,13.67,0.348
2005-10-27,0,1.751,14.362,0.343
2005-10-28,0.3,1.709,12.941,0.331
2005-10-29,0.3,1.724,13.39,0.331
2005-10-30,0.2,1.572,12.783,0.354
2005-10-31,0.2,1.531,12.065,0.392
2005-11-01,0.9,1.627,13.499,0.444
2005-11-02,6.1,1.391,10.905,0.54
2005-11-03,7.1,1.239,9.793,0.625
2005-11-04,0.1,1.593,12.809,0.61
2005-11-05,4.8,1.381,11.299,0.593
2005-11-06,2.5,1.087,7.598,0.522
2005-11-07,0.1,1.118,7.584,0.484
2005-11-08,1.1,1.008,7.244,0.448
2005-11-09,0.1,1.213,8.72,0.481
2005-11-10,1.4,0.994,6.889,0.501
2005-11-11,0,1.051,7.196,0.501
2005-11-12,0.3,1.05,7.551,0.499
2005-11-13,1.2,0.953,6.237,0.509
2005-11-14,0.8,1.148,8.963,0.497
2005-11-15,0,0.967,6.721,0.476
2005-11-16,6.5,0.865,4.897,0.546
2005-11-17,1.7,0.816,4.089,0.517
2005-11-18,0.3,0.743,2.613,0.463
2005-11-19,0,0.722,2.066,0.419
2005-11-20,0.1,0.585,-0.485,0.379
2005-11-21,0.1,0.567,-0.586,0.37
2005-11-22,0,0.761,3.365,0.404
2005-11-23,0.1,0.591,-0.711,0.442
2005-11-24,0.2,0.613,0.231,0.509
2005-11-25,1.3,0.667,1.636,0.532
2005-11-26,0.3,0.569,-0.459,0.555
2005-11-27,0,0.564,-0.38,0.526
2005-11-28,1.6,0.591,0.364,0.54
2005-11-29,5.4,0.622,1.138,0.682
2005-11-30,0,0.637,0.837,0.667
2005-12-01,0,0.594,0.3,0.59
2005-12-02,0.1,0.58,-0.506,0.533
2005-12-03,8.2,0.609,1.265,0.71
2005-12-04,9.4,0.835,5.51,0.771
2005-12-05,19.9,0.885,6.577,1.589
2005-12-06,3.5,0.78,4.688,0.946
2005-12-07,0.2,0.72,3.455,0.557
2005-12-08,0,0.727,3.807,0.383
2005-12-09,5.3,0.679,2.678,0.454
2005-12-10,0.1,0.641,1.674,0.382
2005-12-11,0.1,0.555,-1.023,0.344
2005-12-12,0.2,0.498,-2.387,0.317
2005-12-13,0.1,0.609,1.575,0.318
2005-12-14,0.1,0.675,2.093,0.322
2005-12-15,0,0.696,2.821,0.317
2005-12-16,0.1,0.687,3.363,0.317
2005-12-17,5.8,0.795,5.256,0.38
2005-12-18,0.4,0.565,0.302,0.403
2005-12-19,1.1,0.57,0.372,0.37
2005-12-20,0.5,0.545,-0.058,0.351
2005-12-21,0.6,0.564,0.431,0.352
2005-12-22,0.5,0.579,0.647,0.341
2005-12-23,0.1,0.59,1.054,0.346
2005-12-24,0.2,0.661,2.924,0.345
2005-12-25,0,0.72,3.874,0.339
2005-12-26,0,0.689,2.686,0.317
2005-12-27,0.4,0.55,-0.233,0.317
2005-12-28,0,0.439,-3.483,0.317
2005-12-29,0,0.448,-3.415,0.317
2005-12-30,0,0.388,-4.848,0.331
2005-12-31,0,0.418,-4.104,0.336
2006-01-01,10.8,0.676,2.963,0.496
2006-01-02,5.5,0.689,2.516,0.818
2006-01-03,0,0.712,2.559,0.674
2006-01-04,0.1,0.592,0.206,0.484
2006-01-05,0,0.518,-1.248,0.413
2006-01-06,0,0.518,-1.443,0.37
2006-01-07,0,0.44,-2.788,0.354
2006-01-08,0,0.458,-2.84,0.328
2006-01-09,0.4,0.531,-1,0.317
2006-01-10,0,0.432,-3.772,0.314
2006-01-11,0,0.448,-3.579,0.323
2006-01-12,0,0.5,-1.779,0.332
2006-01-13,3.1,0.612,0.798,0.368
2006-01-14,0,0.542,-1.031,0.361
2006-01-15,0,0.479,-3.519,0.36
2006-01-16,0,0.392,-5.706,0.356
2006-01-17,0.1,0.464,-3.722,0.321
2006-01-18,14,0.706,2.507,0.812
2006-01-19,0.4,0.717,2.685,0.687
2006-01-20,0.3,0.631,0.921,0.492
2006-01-21,2.4,0.812,4.605,0.53
2006-01-22,0.8,0.732,2.854,0.497
2006-01-23,0.1,0.654,0.817,0.452
2006-01-24,0,0.483,-3.529,0.411
2006-01-25,0,0.454,-4.7,0.404
2006-01-26,0,0.489,-3.28,0.384
2006-01-27,0,0.537,-2.054,0.369
2006-01-28,0,0.409,-6.056,0.378
2006-01-29,0,0.56,-2.566,0.354
2006-01-30,0,0.783,1.248,0.342
2006-01-31,0,0.672,-0.152,0.341
2006-02-01,0,0.615,-1.047,0.339
2006-02-02,0,0.543,-2.789,0.344
2006-02-03,0,0.463,-4.82,0.348
2006-02-04,0,0.441,-5.368,0.332
2006-02-05,0,0.651,-0.452,0.315
2006-02-06,0,0.692,0.939,0.326
2006-02-07,0,0.782,2.345,0.336
2006-02-08,0.2,0.787,2.917,0.36
2006-02-09,5.3,0.792,2.685,0.413
2006-02-10,1.4,0.682,0.714,0.392
2006-02-11,1.1,0.72,1.118,0.385
2006-02-12,0.1,0.704,0.344,0.386
2006-02-13,0,0.667,-0.217,0.393
2006-02-14,0,0.645,-0.714,0.392
2006-02-15,2.1,0.775,1.679,0.42
2006-02-16,17.6,0.973,5.162,1.217
2006-02-17,6.2,1.035,5.865,1.478
2006-02-18,2.5,0.95,4.516,0.686
2006-02-19,15.5,0.909,3.771,1.22
2006-02-20,2.1,0.987,4.725,1.061
2006-02-21,2.2,0.961,4.007,0.686
2006-02-22,0.5,0.83,2.265,0.619
2006-02-23,0.8,0.798,1.549,0.548
2006-02-24,0,0.707,-0.359,0.487
2006-02-25,0,0.765,0.8,0.468
2006-02-26,0,0.735,0.036,0.44
2006-02-27,0,0.599,-3.145,0.414
2006-02-28,0.3,0.594,-2.742,0.402
2006-03-01,1.9,0.721,-0.196,0.412
2006-03-02,0,0.635,-2.056,0.406
2006-03-03,0.3,0.657,-1.84,0.383
2006-03-04,0,0.68,-1.724,0.396
2006-03-05,1.2,0.595,-3.041,0.387
2006-03-06,1.5,0.504,-4.298,0.382
2006-03-07,3,0.597,-2.427,0.363
2006-03-08,2.9,0.776,0.214,0.362
2006-03-09,8.9,0.861,2.044,0.518
2006-03-10,5.3,1.154,6.167,-0.1
2006-03-11,3.5,0.98,3.203,1.497
2006-03-12,1.9,0.844,0.939,0.868
2006-03-13,0,0.603,-4.3,0.602
2006-03-14,0,0.655,-3.187,0.556
2006-03-15,0,0.766,-1.178,0.528
2006-03-16,0,0.894,1.267,0.491
2006-03-17,0,0.803,-0.127,0.435
2006-03-18,0,0.917,1.526,0.414
2006-03-19,0,0.999,2.644,0.41
2006-03-20,0.1,1.104,3.153,0.419
2006-03-21,0.1,1.143,4.401,0.433
2006-03-22,2.9,1.024,2.97,0.466
2006-03-23,0.5,1.014,2.742,0.443
2006-03-24,0,1.108,3.829,0.376
2006-03-25,4.5,1.274,5.956,0.431
2006-03-26,6.4,1.684,10.456,0.579
2006-03-27,3.6,1.951,12.469,0.738
2006-03-28,4.2,1.834,11.783,0.708
2006-03-29,2.5,1.489,8.27,0.628
2006-03-30,3.4,1.372,6.61,0.622
2006-03-31,20.8,1.717,10.399,1.619
2006-04-01,3.4,1.763,10.716,1.32
2006-04-02,10.6,1.549,8.551,1.329
2006-04-03,4.1,1.505,7.898,1.328
2006-04-04,6,1.34,6.325,1.118
2006-04-05,0.1,1.232,4.917,0.879
2006-04-06,0,1.136,3.1,0.708
2006-04-07,0,1.142,3.21,0.598
2006-04-08,0,1.254,4.736,0.568
2006-04-09,0,1.356,6.337,0.551
2006-04-10,0.3,1.453,6.49,0.522
2006-04-11,0,1.361,4.984,0.54
2006-04-12,0,1.227,4.139,0.534
2006-04-13,1.1,1.471,6.551,0.54
2006-04-14,1.6,1.418,6.661,0.486
2006-04-15,2,1.731,9.3,0.503
2006-04-16,4.8,1.781,9.748,0.486
2006-04-17,12.4,1.836,10.107,1.067
2006-04-18,0.1,1.865,10.054,0.647
2006-04-19,0,1.712,8.494,0.572
2006-04-20,0,1.583,7.543,0.54
2006-04-21,0,1.722,8.669,0.474
2006-04-22,0,2.056,12.04,0.46
2006-04-23,0.2,1.907,11.35,0.464
2006-04-24,0,1.664,8.662,0.458
2006-04-25,0.1,2.614,13.376,0.472
2006-04-26,0,2.49,14.048,0.464
2006-04-27,0.3,2.28,12.389,0.468
2006-04-28,0,2.067,10.607,0.423
2006-04-29,0,1.879,8.971,0.407
2006-04-30,0,1.489,5.49,0.397
2006-05-01,7.4,1.242,3.305,0.423
2006-05-02,4.5,1.633,7.086,0.485
2006-05-03,0.1,2.279,11.778,0.469
2006-05-04,0,2.745,15.077,0.466
2006-05-05,0,3.134,17.043,0.429
2006-05-06,0.6,2.78,15.22,0.437
2006-05-07,0.1,2.96,15.564,0.448
2006-05-08,0,2.776,14.66,0.431
2006-05-09,12.4,2.514,13.378,0.546
2006-05-10,0.5,2.528,13.004,0.512
2006-05-11,1.8,2.437,12.44,0.465
2006-05-12,0.2,2.766,14.414,0.463
2006-05-13,10.4,2.838,15.132,0.436
2006-05-14,6.4,2.514,13.218,0.693
2006-05-15,0,2.326,11.61,0.466
2006-05-16,0.1,2.655,13.827,0.453
2006-05-17,5.1,2.925,15.659,0.435
2006-05-18,0.5,2.97,15.512,0.442
2006-05-19,2.5,3.011,15.514,0.432
2006-05-20,3.5,2.31,11.566,0.44
2006-05-21,20,2.149,10.392,1.103
2006-05-22,0.3,2.532,12.802,0.673
2006-05-23,7.6,2.563,12.652,0.595
2006-05-24,5.5,2.044,9.283,0.57
2006-05-25,1.8,1.912,8.637,0.555
2006-05-26,7.7,2.128,10.139,0.786
2006-05-27,12.4,2.629,13.568,1.27
2006-05-28,1.4,2.936,15.285,1.15
2006-05-29,5.7,2.827,14.505,1.105
2006-05-30,4,2.019,9.065,0.816
2006-05-31,0.4,1.813,7.196,0.737
2006-06-01,0.1,1.825,7.398,0.615
2006-06-02,1.3,1.812,6.989,0.534
2006-06-03,0.1,2.259,9.603,0.491
2006-06-04,0,2.488,12.027,0.448
2006-06-05,0,2.742,13.098,0.402
2006-06-06,0.4,2.679,12.572,0.366
2006-06-07,0,2.431,11.043,0.383
2006-06-08,0,2.714,12.929,0.352
2006-06-09,0,3.085,15.036,0.31
2006-06-10,0,3.324,16.336,0.295
2006-06-11,0,3.66,17.871,0.275
2006-06-12,0,3.943,19.06,0.268
2006-06-13,0,3.962,19.131,0.267
2006-06-14,0,4.422,21.13,0.257
2006-06-15,0.1,4.404,21.466,0.252
2006-06-16,4.2,3.662,18.262,0.274
2006-06-17,0,3.214,15.535,0.261
2006-06-18,0,3.41,16.338,0.252
2006-06-19,9.5,3.942,19.463,0.301
2006-06-20,4.9,3.872,18.89,0.326
2006-06-21,0,3.725,18.43,0.339
2006-06-22,0,3.518,17.571,0.338
2006-06-23,0.5,2.881,14.116,0.335
2006-06-24,0,3.094,14.769,0.323
2006-06-25,0,3.727,17.836,0.313
2006-06-26,8,3.79,18.794,0.332
2006-06-27,2.1,3.536,17.635,0.298
2006-06-28,0,3.477,17.308,0.288
2006-06-29,0,3.872,18.151,0.284
2006-06-30,19.7,3.83,18.062,0.63
2006-07-01,0,4.328,19.782,0.315
2006-07-02,0,4.434,20.632,0.277
2006-07-03,0,4.329,20.171,0.267
2006-07-04,0,4.457,20.479,0.258
2006-07-05,0,4.798,22.225,0.253
2006-07-06,1,4.55,21.847,0.254
2006-07-07,0.2,4.049,19.706,0.252
2006-07-08,0,3.951,19.62,0.252
2006-07-09,0,3.993,19.323,0.252
2006-07-10,0,3.744,18.859,0.252
2006-07-11,0,4.168,20.381,0.252
2006-07-12,0,4.748,22.778,0.252
2006-07-13,0,4.814,22.475,0.252
2006-07-14,0,4.266,21.126,0.252
2006-07-15,0,4.356,20.536,0.252
2006-07-16,0,4.019,19.069,0.252
2006-07-17,0,4.286,20.493,0.252
2006-07-18,0,4.392,21.096,0.252
2006-07-19,0,4.629,22.245,0.252
2006-07-20,0,4.969,23.789,0.252
2006-07-21,0,5.002,23.739,0.252
2006-07-22,0,5.332,24.554,0.252
2006-07-23,15.4,4.568,22.206,0.264
2006-07-24,0.3,4.466,21.537,0.279
2006-07-25,0,4.751,22.467,0.252
2006-07-26,0,5.35,24.474,0.252
2006-07-27,0,5.655,25.614,0.252
2006-07-28,0,4.901,23.321,0.252
2006-07-29,2.4,3.81,19.45,0.252
2006-07-30,0,3.928,20.711,0.252
2006-07-31,0,3.801,20.043,0.252
2006-08-01,0.9,3.654,19.081,0.252
2006-08-02,2.2,3.003,16.411,0.252
2006-08-03,9.9,2.676,14.296,0.275
2006-08-04,3.1,2.579,13.473,0.254
2006-08-05,22.9,2.74,14.711,0.478
2006-08-06,1.5,3.502,17.746,0.275
2006-08-07,0,3.528,18.004,0.252
2006-08-08,0,3.567,18.353,0.252
2006-08-09,0,3.292,17.188,0.252
2006-08-10,0.4,2.788,15.093,0.252
2006-08-11,0.5,2.521,13.673,0.252
2006-08-12,13.6,2.316,12.125,0.295
2006-08-13,0.4,2.33,12.238,0.253
2006-08-14,0.2,2.425,12.902,0.252
2006-08-15,5.9,2.52,13.713,0.258
2006-08-16,0.2,2.672,14.897,0.252
2006-08-17,0.7,2.663,14.841,0.252
2006-08-18,8.7,3.122,17.293,0.263
2006-08-19,4.6,3.005,16.521,0.299
2006-08-20,5.1,2.871,16.29,0.257
2006-08-21,3.2,2.601,14.996,0.258
2006-08-22,3.5,2.593,14.914,0.257
2006-08-23,0.1,2.55,14.589,0.259
2006-08-24,0,2.729,15.495,0.252
2006-08-25,19.3,2.385,13.724,0.374
2006-08-26,11.5,2.387,13.8,0.691
2006-08-27,2.8,2.414,13.463,0.369
2006-08-28,0.5,2.515,14.934,0.303
2006-08-29,11.4,2.101,12.13,0.456
2006-08-30,4.8,1.926,10.811,0.463
2006-08-31,0.2,2.003,11.435,0.342
2006-09-01,0,2.103,12.278,0.277
2006-09-02,0,2.585,15.372,0.272
2006-09-03,0,2.825,17.14,0.261
2006-09-04,2.1,3.081,18.868,0.263
2006-09-05,0,3.065,18.654,0.261
2006-09-06,0.1,2.808,17.203,0.252
2006-09-07,0,3.036,18.355,0.254
2006-09-08,0,2.618,16.481,0.258
2006-09-09,0,2.175,12.697,0.252
2006-09-10,0.1,2.246,13.621,0.252
2006-09-11,0,2.53,15.538,0.252
2006-09-12,0,2.718,17.032,0.252
2006-09-13,0.1,2.874,18.079,0.252
2006-09-14,0,2.896,18.17,0.259
2006-09-15,0.2,2.748,17.638,0.253
2006-09-16,0.3,2.735,17.333,0.273
2006-09-17,0.1,2.408,15.693,0.268
2006-09-18,0,2.678,17.525,0.252
2006-09-19,1.6,2.4,15.737,0.261
2006-09-20,0.1,2.084,13.531,0.268
2006-09-21,0,2.081,13.374,0.287
2006-09-22,0.1,2.278,15.075,0.279
2006-09-23,0.1,2.649,17.425,0.279
2006-09-24,0,2.622,17.574,0.282
2006-09-25,0.2,2.681,17.76,0.285
2006-09-26,0.7,2.279,15.372,0.288
2006-09-27,0.5,2.123,14.395,0.288
2006-09-28,0.1,1.877,12.379,0.275
2006-09-29,0,1.93,12.818,0.285
2006-09-30,0.1,2.025,13.706,0.291
2006-10-01,11.3,1.998,14.157,0.33
2006-10-02,0.5,2.179,15.475,0.305
2006-10-03,2.5,1.951,13.607,0.299
2006-10-04,16.6,1.767,11.979,0.488
2006-10-05,0.2,1.603,10.499,0.355
2006-10-06,0.6,1.547,10.577,0.276
2006-10-07,10.4,1.874,13.483,0.277
2006-10-08,0.6,1.649,11.158,0.348
2006-10-09,0.1,1.302,7.52,0.252
2006-10-10,0.1,1.51,10.16,0.252
2006-10-11,0.2,1.916,13.444,0.253
2006-10-12,0.1,1.654,11.899,0.252
2006-10-13,0.8,1.797,13.42,0.252
2006-10-14,0,2.026,15.015,0.258
2006-10-15,0,1.731,12.731,0.252
2006-10-16,0,1.521,10.329,0.252
2006-10-17,0.1,1.404,9.128,0.257
2006-10-18,0.1,1.31,8.45,0.254
2006-10-19,0,1.486,10.862,0.267
2006-10-20,2.7,1.616,12.28,0.287
2006-10-21,4.1,1.777,13.704,0.292
2006-10-22,0.6,1.745,13.578,0.267
2006-10-23,2.2,1.816,14.296,0.254
2006-10-24,9.1,1.931,15.427,0.359
2006-10-25,14.5,1.529,11.837,0.72
2006-10-26,0.1,1.413,10.273,0.415
2006-10-27,0,1.709,13.464,0.303
2006-10-28,3.3,1.78,14.731,0.294
2006-10-29,0.1,1.708,14.141,0.288
2006-10-30,0.3,1.634,13.255,0.272
2006-10-31,0.1,1.14,7.669,0.253
2006-11-01,0.6,1.083,7.599,0.268
2006-11-02,1.3,0.964,5.529,0.271
2006-11-03,0.2,0.761,1.938,0.252
2006-11-04,0.1,0.855,3.475,0.252
2006-11-05,0,0.948,5.621,0.252
2006-11-06,0,0.919,5.246,0.252
2006-11-07,0,0.912,4.928,0.252
2006-11-08,0.1,0.827,3.306,0.261
2006-11-09,0,0.927,5.728,0.252
2006-11-10,0.4,1.114,8.22,0.252
2006-11-11,0.1,0.71,1.808,0.252
2006-11-12,2.7,0.836,4.828,0.264
2006-11-13,0.4,0.951,6.595,0.254
2006-11-14,3.4,1.053,8.107,0.263
2006-11-15,2.8,1.315,11.554,0.332
2006-11-16,0,1.286,10.616,0.288
2006-11-17,0.4,1.271,11.346,0.276
2006-11-18,9.6,1.188,9.592,0.53
2006-11-19,0.4,0.94,6.604,0.375
2006-11-20,14.2,0.936,6.525,0.973
2006-11-21,8.4,0.882,5.656,0.615
2006-11-22,9.8,0.976,7.111,1.373
2006-11-23,1.5,0.808,4.334,0.62
2006-11-24,22,1.083,9.092,1.738
2006-11-25,4.3,1.136,9.646,1.25
2006-11-26,6.2,1.407,12.741,0.934
2006-11-27,0.6,1.057,8.602,0.643
2006-11-28,0,0.967,7.672,0.476
2006-11-29,0.6,1.024,8.268,0.413
2006-11-30,0.5,0.946,7.278,0.363
2006-12-01,0.1,0.733,3.461,0.339
2006-12-02,0,0.892,6.146,0.326
2006-12-03,0,0.871,6.187,0.312
2006-12-04,12.7,1.052,9.16,0.618
2006-12-05,12.2,1.017,8.807,1.144
2006-12-06,3.8,1.273,12.256,0.88
2006-12-07,1.5,0.976,8.061,0.702
2006-12-08,9.2,0.885,6.675,0.874
2006-12-09,10.6,0.994,8.511,1.413
2006-12-10,1,0.795,5.162,0.791
2006-12-11,0.2,0.61,1.709,0.535
2006-12-12,5.3,0.715,3.646,0.506
2006-12-13,2.8,0.784,4.847,0.896
2006-12-14,0,0.779,4.902,0.565
2006-12-15,0,0.803,5.183,0.484
2006-12-16,0,0.579,0.302,0.44
2006-12-17,3,0.706,3.71,0.423
2006-12-18,0.2,0.612,1.454,0.414
2006-12-19,0,0.615,1.409,0.386
2006-12-20,0,0.632,1.625,0.36
2006-12-21,0,0.595,0.086,0.36
2006-12-22,0,0.743,3.765,0.354
2006-12-23,0.1,0.676,1.476,0.33
2006-12-24,0.1,0.609,0.985,0.324
2006-12-25,0,0.664,1.584,0.322
2006-12-26,0.2,0.515,-1.134,0.316
2006-12-27,0,0.538,-0.395,0.306
2006-12-28,0,0.501,-1.594,0.294
2006-12-29,0,0.503,-1.494,0.288
2006-12-30,0,0.527,-1.417,0.288
2006-12-31,15.7,0.668,3.245,0.73
2007-01-01,10.5,0.99,8.695,1.206
2007-01-02,16.4,0.883,6.685,2.333
2007-01-03,4.1,0.715,3.545,1.08
2007-01-04,0.4,0.766,4.54,0.812
2007-01-05,5.7,0.857,6.249,0.829
2007-01-06,1.6,0.882,6.732,0.733
2007-01-07,9.1,1.043,9.25,0.955
2007-01-08,0.2,0.902,6.824,1.092
2007-01-09,13,0.97,7.959,1.487
2007-01-10,2.1,1.185,11.077,1.219
2007-01-11,4.6,1.032,8.524,0.906
2007-01-12,9.3,0.857,5.969,1.056
2007-01-13,0.4,0.937,7.45,1.065
2007-01-14,0.6,1.087,9.635,0.749
2007-01-15,1,0.852,5.459,0.657
2007-01-16,0.2,0.561,-0.759,0.589
2007-01-17,0,0.731,3.34,0.542
2007-01-18,15.4,1.04,8.579,0.846
2007-01-19,47,1.228,11.095,5.413
2007-01-20,6.5,1.234,11.295,2.618
2007-01-21,4,1.134,9.642,1.551
2007-01-22,1.3,0.872,5.494,1.172
2007-01-23,0,0.725,2.391,0.927
2007-01-24,0,0.539,-1.741,0.797
2007-01-25,0.1,0.536,-2.343,0.712
2007-01-26,0,0.487,-3.826,0.634
2007-01-27,0,0.456,-4.211,0.613
2007-01-28,0.1,0.682,1.534,0.596
2007-01-29,0.1,0.73,2.686,0.588
2007-01-30,0.2,0.851,4.534,0.573
2007-01-31,0,0.917,5.096,0.545
2007-02-01,0,0.87,4.721,0.527
2007-02-02,0,0.955,5.898,0.505
2007-02-03,0,1.06,7.442,0.5
2007-02-04,0,0.853,3.518,0.488
2007-02-05,0,0.78,2.906,0.526
2007-02-06,0.5,0.655,0.684,0.555
2007-02-07,3.8,0.684,0.701,0.535
2007-02-08,1.6,0.685,0.504,0.552
2007-02-09,11.2,0.738,1.951,0.829
2007-02-10,0.6,0.875,3.976,0.828
2007-02-11,3.8,0.94,4.998,0.766
2007-02-12,16.4,1.078,6.991,1.498
2007-02-13,13.8,1.083,6.891,1.997
2007-02-14,3.2,1.002,5.405,1.368
2007-02-15,11.5,0.953,4.881,1.54
2007-02-16,0,1.003,4.628,1.317
2007-02-17,0.2,0.856,2.879,0.945
2007-02-18,0.1,0.888,2.941,0.812
2007-02-19,0.1,0.904,3.711,0.719
2007-02-20,0,0.938,3.975,0.659
2007-02-21,0,0.923,3.39,0.627
2007-02-22,1.7,0.881,3.166,0.604
2007-02-23,0,1.099,5.774,0.587
2007-02-24,2.2,1.224,7.446,0.575
2007-02-25,11.6,1.229,7.676,0.919
2007-02-26,14,1.117,6.351,1.528
2007-02-27,4.2,1.089,5.849,1.235
2007-02-28,4.1,1.058,5.42,0.983
2007-03-01,11,1.299,8.403,1.425
2007-03-02,20.6,1.217,7.282,2.614
2007-03-03,2.7,1.059,4.872,1.509
2007-03-04,11.3,1.178,6.748,2.069
2007-03-05,0,1.132,6.043,1.237
2007-03-06,3.7,1.288,7.848,1.082
2007-03-07,12.1,1.253,6.99,1.15
2007-03-08,7.6,1.19,6.119,2.016
2007-03-09,0.2,1.076,4.659,1.195
2007-03-10,2.5,0.989,3.715,1.024
2007-03-11,0.2,1.1,4.19,0.91
2007-03-12,0,1.123,4.553,0.857
2007-03-13,0.1,1.163,5.173,0.828
2007-03-14,0,1.222,5.783,0.782
2007-03-15,0,1.334,6.955,0.755
2007-03-16,0,1.247,5.789,0.746
2007-03-17,0.1,1.187,5.411,0.737
2007-03-18,0.2,1.302,7.149,0.729
2007-03-19,7,1.262,6.383,0.829
2007-03-20,4.7,0.929,1.326,0.934
2007-03-21,2.3,0.942,1.854,0.799
2007-03-22,0.4,0.995,2.527,0.741
2007-03-23,4,0.965,1.721,0.855
2007-03-24,1.1,1.007,2.592,0.82
2007-03-25,0.6,1.133,3.986,0.773
2007-03-26,0.8,1.379,6.501,0.749
2007-03-27,0,1.62,8.183,0.716
2007-03-28,0,1.489,7.567,0.707
2007-03-29,0.3,1.498,7.865,0.708
2007-03-30,3.7,1.519,7.879,0.73
2007-03-31,1.6,1.431,7.163,0.713
2007-04-01,2.3,1.464,7.256,0.687
2007-04-02,0.3,1.787,9.738,0.684
2007-04-03,0,1.808,9.521,0.669
2007-04-04,0,1.409,6.815,0.663
2007-04-05,0,1.42,6.234,0.645
2007-04-06,0,1.52,6.84,0.628
2007-04-07,0,1.795,9.74,0.614
2007-04-08,0,1.578,7.752,0.617
2007-04-09,0,1.575,7.56,0.615
2007-04-10,0,1.751,9.497,0.611
2007-04-11,0,1.757,9.351,0.602
2007-04-12,0,1.877,10.453,0.596
2007-04-13,0,2.342,13.259,0.613
2007-04-14,0,2.551,15.353,0.597
2007-04-15,0,2.841,17.096,0.591
2007-04-16,0,2.794,16.721,0.606
2007-04-17,0,2.67,16.166,0.61
2007-04-18,0,2.251,13.088,0.614
2007-04-19,0,1.72,7.771,0.606
2007-04-20,0,1.77,8.793,0.605
2007-04-21,0,1.881,9.37,0.605
2007-04-22,0,1.833,8.994,0.595
2007-04-23,0,2.151,11.912,0.585
2007-04-24,0,2.51,14.766,0.582
2007-04-25,0,3.021,17.039,0.578
2007-04-26,0,3.272,18.067,0.56
2007-04-27,0,2.898,16.52,0.548
2007-04-28,0,2.844,16.032,0.541
2007-04-29,2.2,2.758,15.857,0.537
2007-04-30,0.1,2.695,15.268,0.537
2007-05-01,0,2.544,13.728,0.535
2007-05-02,0,2.522,12.877,0.522
2007-05-03,0,2.378,12.1,0.518
2007-05-04,0,2.317,12.132,0.506
2007-05-05,3.1,2.335,12.016,0.503
2007-05-06,0.2,2.981,14.854,0.498
2007-05-07,0,2.799,14.729,0.485
2007-05-08,3.8,2.36,12.611,0.507
2007-05-09,7.9,2.432,12.977,0.54
2007-05-10,5.8,2.297,12.035,0.561
2007-05-11,3.9,2.833,15.281,0.524
2007-05-12,1.5,2.431,12.765,0.516
2007-05-13,2.1,2.432,12.695,0.526
2007-05-14,3.6,2.565,13.706,0.532
2007-05-15,1.1,2.492,12.947,0.52
2007-05-16,3.7,2.154,10.441,0.542
2007-05-17,12.5,2.091,9.986,0.687
2007-05-18,5.9,2.256,10.938,0.718
2007-05-19,0,2.472,12.37,0.548
2007-05-20,0.5,2.9,14.945,0.532
2007-05-21,1.8,3.203,16.609,0.52
2007-05-22,0,3.572,18.364,0.505
2007-05-23,0,3.648,18.728,0.484
2007-05-24,0,3.439,17.048,0.476
2007-05-25,0,3.893,19.21,0.47
2007-05-26,1.5,4.04,20.178,0.471
2007-05-27,10.3,3.436,17.326,0.526
2007-05-28,3.2,2.638,13.22,0.539
2007-05-29,0.7,2.298,10.631,0.484
2007-05-30,0.1,2.112,9.442,0.472
2007-05-31,0.8,2.319,10.987,0.456
2007-06-01,3.4,2.887,14.119,0.479
2007-06-02,20.4,2.597,12.598,0.9
2007-06-03,0.3,3.346,15.786,0.533
2007-06-04,0,3.388,16.235,0.465
2007-06-05,0,3.558,17.102,0.443
2007-06-06,0,3.827,18.289,0.436
2007-06-07,0,4.307,19.519,0.424
2007-06-08,0,4.445,20.824,0.42
2007-06-09,1,4.07,19.975,0.422
2007-06-10,0.2,4.047,19.109,0.429
2007-06-11,0,3.653,17.241,0.425
2007-06-12,0.3,3.829,18.133,0.492
2007-06-13,1.2,3.685,17.861,0.443
2007-06-14,0.2,3.549,17.114,0.413
2007-06-15,0.4,3.792,18.406,0.412
2007-06-16,1.7,3.391,16.545,0.409
2007-06-17,1.5,2.987,14.553,0.403
2007-06-18,2.4,3.352,16.416,0.397
2007-06-19,3.5,3.59,17.427,0.405
2007-06-20,0.2,4.275,20.059,0.392
2007-06-21,5.3,3.976,18.772,0.415
2007-06-22,1.7,3.414,16.241,0.402
2007-06-23,4.3,2.879,14.234,0.417
2007-06-24,29.3,2.89,14.215,1.22
2007-06-25,18.4,3.422,16.553,0.682
2007-06-26,12.4,2.822,14.168,1.663
2007-06-27,9.1,2.464,11.746,1.228
2007-06-28,0,2.467,11.483,0.648
2007-06-29,2.3,2.686,12.935,0.538
2007-06-30,1.3,2.813,13.823,0.492
2007-07-01,0.2,3.225,15.892,0.476
2007-07-02,0.4,3.444,16.96,0.462
2007-07-03,4.3,3.088,15.206,0.466
2007-07-04,14.7,2.581,12.51,0.758
2007-07-05,3.6,2.619,12.887,0.863
2007-07-06,4.5,2.755,13.538,0.656
2007-07-07,2.8,2.981,14.67,0.608
2007-07-08,0,2.819,13.612,0.491
2007-07-09,0.5,3.115,15.376,0.461
2007-07-10,1.2,2.687,12.986,0.445
2007-07-11,0,2.719,12.857,0.442
2007-07-12,0.9,2.524,12.14,0.431
2007-07-13,0.1,2.937,14.811,0.423
2007-07-14,0.2,4.014,19.367,0.414
2007-07-15,0,4.531,21.448,0.4
2007-07-16,0,5.016,23.185,0.383
2007-07-17,0,4.607,22.258,0.379
2007-07-18,1.3,3.865,18.693,0.379
2007-07-19,0,3.682,18.122,0.371
2007-07-20,4.2,3.437,17.094,0.391
2007-07-21,6.4,3.52,17.251,0.428
2007-07-22,0,3.15,16.203,0.39
2007-07-23,0,3.138,15.477,0.383
2007-07-24,1.3,2.684,13.823,0.404
2007-07-25,3,3.013,15.441,0.404
2007-07-26,0,3.202,16.07,0.384
2007-07-27,0,3.529,18.322,0.378
2007-07-28,0,3.511,18.082,0.368
2007-07-29,4,3.272,17.354,0.382
2007-07-30,4,2.761,14.312,0.397
2007-07-31,0,2.545,12.619,0.378
2007-08-01,0,2.506,11.837,0.366
2007-08-02,0,2.937,14.758,0.363
2007-08-03,4,3.039,16.106,0.384
2007-08-04,0,3.266,16.693,0.355
2007-08-05,0,3.353,17.102,0.345
2007-08-06,0,3.86,19.608,0.35
2007-08-07,7.2,3.643,19.096,0.378
2007-08-08,0.8,3.062,16.07,0.395
2007-08-09,2.6,2.778,14.633,0.404
2007-08-10,3.8,2.509,13.222,0.416
2007-08-11,2,3.239,17.175,0.421
2007-08-12,0,3.402,17.763,0.4
2007-08-13,4.4,3.156,17.01,0.418
2007-08-14,0.2,3.074,16.438,0.459
2007-08-15,0.5,3.235,17.507,0.434
2007-08-16,17.5,3.472,19.339,0.542
2007-08-17,0.9,2.78,15.454,0.51
2007-08-18,0.2,2.515,13.474,0.407
2007-08-19,0,2.505,13.554,0.391
2007-08-20,1.7,2.755,15.299,0.394
2007-08-21,3.6,2.387,12.969,0.414
2007-08-22,2.3,2.638,14.32,0.396
2007-08-23,16.3,2.429,14.048,0.738
2007-08-24,0.1,2.84,15.856,0.476
2007-08-25,0,3.021,16.801,0.411
2007-08-26,0,3.297,18.108,0.385
2007-08-27,0.1,3.231,17.827,0.373
2007-08-28,0,2.848,15.998,0.372
2007-08-29,0,2.279,12.843,0.372
2007-08-30,0,2.469,13.364,0.366
2007-08-31,0,2.286,12.637,0.365
2007-09-01,0,2.662,15.845,0.369
2007-09-02,0,2.599,15.326,0.359
2007-09-03,0,2.416,14.62,0.36
2007-09-04,7.6,2.221,12.737,0.407
2007-09-05,0.2,1.87,9.921,0.369
2007-09-06,0.5,1.81,9.751,0.37
2007-09-07,0.1,2.388,13.984,0.375
2007-09-08,0,2.371,14.169,0.37
2007-09-09,0,2.385,14.341,0.366
2007-09-10,0,2.284,13.655,0.353
2007-09-11,0.5,1.88,11.424,0.351
2007-09-12,0.1,2.055,12.195,0.35
2007-09-13,0,2.068,11.747,0.345
2007-09-14,0,1.954,11.842,0.346
2007-09-15,0.1,2.049,13.074,0.342
2007-09-16,0,2.215,13.325,0.34
2007-09-17,0,2.001,12.747,0.342
2007-09-18,5.3,2.077,13.73,0.351
2007-09-19,2.6,1.658,9.669,0.368
2007-09-20,0,1.417,7.749,0.36
2007-09-21,0,1.713,10.378,0.345
2007-09-22,0,1.716,10.61,0.343
2007-09-23,0,1.948,12.425,0.345
2007-09-24,0,2.258,15,0.347
2007-09-25,2.4,2.001,13.476,0.355
2007-09-26,0.3,1.655,10.312,0.364
2007-09-27,1.8,1.479,8.639,0.375
2007-09-28,10.1,1.521,9.266,0.42
2007-09-29,1,1.557,9.501,0.417
2007-09-30,1.2,1.602,10.474,0.384
2007-10-01,0,1.822,11.615,0.377
2007-10-02,0.1,1.911,13.175,0.373
2007-10-03,0.1,2.339,16.095,0.363
2007-10-04,5.2,2.28,16.111,0.424
2007-10-05,0,2.271,15.374,0.412
2007-10-06,0,1.8,12.023,0.413
2007-10-07,0.1,1.587,9.606,0.404
2007-10-08,0.1,1.408,8.796,0.4
2007-10-09,0.1,1.408,8.805,0.404
2007-10-10,0.6,1.478,9.996,0.406
2007-10-11,5.5,1.565,10.321,0.467
2007-10-12,0.1,1.413,8.944,0.431
2007-10-13,0,1.421,9.443,0.43
2007-10-14,0.1,1.411,9.281,0.428
2007-10-15,0.1,1.321,8.169,0.417
2007-10-16,0.1,1.332,8.96,0.402
2007-10-17,0.1,1.514,10.703,0.398
2007-10-18,1.4,1.321,9.491,0.403
2007-10-19,0.1,1.196,6.965,0.396
2007-10-20,0,0.994,4.802,0.381
2007-10-21,0.2,0.925,3.19,0.389
2007-10-22,1,0.871,3.493,0.406
2007-10-23,0.1,0.919,3.117,0.39
2007-10-24,0.1,0.914,3.034,0.371
2007-10-25,0,0.961,4.625,0.35
2007-10-26,0,1.149,7.372,0.351
2007-10-27,0,1.145,7.322,0.356
2007-10-28,0,1.122,7.091,0.359
2007-10-29,0,1.06,6.386,0.344
2007-10-30,12.8,1.071,6.729,0.413
2007-10-31,0.5,1.081,6.654,0.405
2007-11-01,0,0.87,3.551,0.348
2007-11-02,0.1,0.915,4.484,0.356
2007-11-03,0,1.325,9.813,0.361
2007-11-04,0.1,1.381,10.897,0.353
2007-11-05,0,1.183,8.3,0.354
2007-11-06,0,1.052,6.67,0.359
2007-11-07,1.6,0.989,6.458,0.377
2007-11-08,0.2,0.955,6.228,0.374
2007-11-09,8,1.1,8.343,0.396
2007-11-10,8.7,0.777,3.075,0.667
2007-11-11,2.4,0.898,5.668,0.465
2007-11-12,2.3,1.05,7.556,0.501
2007-11-13,0.1,0.76,2.475,0.434
2007-11-14,4.5,0.73,2.581,0.426
2007-11-15,0.4,0.712,1.786,0.453
2007-11-16,0,0.631,-0.325,0.407
2007-11-17,0,0.548,-1.985,0.401
2007-11-18,0,0.612,0.297,0.403
2007-11-19,0,0.626,0.71,0.405
2007-11-20,8.6,0.67,1.403,0.449
2007-11-21,3.5,0.873,4.733,0.667
2007-11-22,5.8,0.956,6.571,0.608
2007-11-23,0,1.022,7.858,0.467
2007-11-24,0.1,0.914,6.26,0.406
2007-11-25,0,0.614,0.336,0.379
2007-11-26,1.4,0.73,3.521,0.378
2007-11-27,2.1,0.718,3.091,0.389
2007-11-28,2.1,0.751,3.319,0.426
2007-11-29,0,0.603,-0.115,0.406
2007-11-30,1.2,0.559,-0.299,0.392
2007-12-01,0.3,0.776,4.645,0.402
2007-12-02,8.5,0.89,6.474,0.642
2007-12-03,34.8,0.946,7.706,1.779
2007-12-04,7.6,0.833,5.872,1.536
2007-12-05,4.1,0.784,4.824,0.966
2007-12-06,4.1,1.008,8.775,0.638
2007-12-07,9.7,0.992,8.631,0.928
2007-12-08,16.1,0.997,8.597,1.874
2007-12-09,7.6,0.72,3.757,0.937
2007-12-10,11.8,0.841,6.114,1.349
2007-12-11,2,0.803,5.341,1.305
2007-12-12,0.3,0.724,3.423,0.74
2007-12-13,0.1,0.655,1.873,0.618
2007-12-14,0,0.735,3.661,0.557
2007-12-15,0,0.566,0.044,0.516
2007-12-16,0,0.531,-0.961,0.499
2007-12-17,0,0.487,-2.604,0.49
2007-12-18,0,0.47,-2.495,0.477
2007-12-19,0,0.48,-3.078,0.49
2007-12-20,0.1,0.496,-3.005,0.502
2007-12-21,0,0.439,-3.599,0.489
2007-12-22,0,0.384,-5.53,0.489
2007-12-23,0,0.345,-6.737,0.488
2007-12-24,0,0.372,-5.787,0.478
2007-12-25,0.1,0.408,-4.387,0.452
2007-12-26,0,0.407,-4.559,0.479
2007-12-27,0,0.483,-1.779,0.437
2007-12-28,2.3,0.604,1.008,0.448
2007-12-29,0.3,0.624,1.712,0.457
2007-12-30,3.3,0.636,2.084,0.555
2007-12-31,0.5,0.688,3.325,0.552
2008-01-01,0,0.622,1.681,0.506
2008-01-02,0,0.584,0.482,0.506
2008-01-03,0.1,0.467,-2.568,0.475
2008-01-04,0,0.501,-1.381,0.478
2008-01-05,0.7,0.559,-0.025,0.479
2008-01-06,12.9,0.788,4.922,0.898
2008-01-07,2.9,0.696,3.044,0.983
2008-01-08,3.1,0.789,5.413,0.808
2008-01-09,0.3,0.743,3.431,0.667
2008-01-10,3.5,0.675,2.915,0.695
2008-01-11,0.4,0.831,5.54,0.692
2008-01-12,8.7,1.037,8.712,0.748
2008-01-13,0.4,0.767,3.887,0.93
2008-01-14,0.1,0.616,0.291,0.624
2008-01-15,1,0.689,2.823,0.606
2008-01-16,3.2,0.89,6.279,0.639
2008-01-17,11,0.88,5.91,1.162
2008-01-18,9.3,0.866,5.741,1.047
2008-01-19,3.1,0.997,8.044,1.257
2008-01-20,1.3,1.172,10.422,1.066
2008-01-21,0,1.129,9.712,0.831
2008-01-22,3.5,1.015,7.984,0.738
2008-01-23,5.5,0.812,3.941,1.034
2008-01-24,0,0.643,1.354,0.781
2008-01-25,0.4,0.781,4.417,0.725
2008-01-26,0,0.625,0.988,0.644
2008-01-27,0,0.702,2.378,0.637
2008-01-28,0,0.724,2.979,0.61
2008-01-29,0,0.797,4.395,0.628
2008-01-30,0,0.699,2.989,0.599
2008-01-31,1.7,0.627,0.453,0.591
2008-02-01,5.5,0.649,0.594,0.607
2008-02-02,25.2,0.749,2.427,2.345
2008-02-03,1,0.66,0.272,1.319
2008-02-04,0,0.63,-0.161,0.927
2008-02-05,8.4,0.829,3.151,1.07
2008-02-06,18.1,0.895,4.862,1.881
2008-02-07,18.3,1.021,6.607,3.306
2008-02-08,0.2,0.663,-0.208,1.605
2008-02-09,0.2,0.708,0.073,1.171
2008-02-10,0.2,0.796,1.681,1
2008-02-11,0,0.815,2.162,0.882
2008-02-12,0.1,0.942,3.641,0.809
2008-02-13,0.2,0.886,3.362,0.759
2008-02-14,0.1,0.674,-0.033,0.717
2008-02-15,0.1,0.699,-0.398,0.691
2008-02-16,0,0.723,0.441,0.659
2008-02-17,0,0.655,-1.544,0.651
2008-02-18,0,0.678,-1.82,0.695
2008-02-19,0,0.705,-0.755,0.697
2008-02-20,0,0.716,-0.564,0.673
2008-02-21,1.8,0.744,1.173,0.693
2008-02-22,0.1,0.979,5.132,0.707
2008-02-23,0,1.192,7.86,0.715
2008-02-24,0,1.186,7.166,0.713
2008-02-25,0.1,1,4.599,0.697
2008-02-26,1.4,1.202,7.929,0.721
2008-02-27,6,1.285,8.444,0.788
2008-02-28,0,1.056,5.514,0.777
2008-02-29,5.4,1.104,5.9,0.785
2008-03-01,9.9,1.298,8.695,1.475
2008-03-02,18.7,1.311,8.511,2.598
2008-03-03,2.6,1.318,8.685,1.352
2008-03-04,2.2,1.145,5.667,1.167
2008-03-05,4.3,0.83,1.063,1.066
2008-03-06,0,0.805,-0.032,1.001
2008-03-07,0,0.79,0.547,0.993
2008-03-08,0,1.052,4.47,0.948
2008-03-09,0,1.08,4.71,0.886
2008-03-10,1.1,1.173,5.967,0.867
2008-03-11,7.8,1.126,5.244,0.939
2008-03-12,22.8,1.242,6.849,1.984
2008-03-13,7.4,1.291,7.194,2.803
2008-03-14,2.1,1.176,5.785,1.439
2008-03-15,4,1.424,8.516,1.483
2008-03-16,1.5,1.509,9.149,1.272
2008-03-17,13.6,1.393,7.932,2.049
2008-03-18,0.7,1.113,4.221,1.518
2008-03-19,0,1.005,2.135,1.181
2008-03-20,0.5,0.954,1.613,1.057
2008-03-21,4.8,0.972,2.119,1.016
2008-03-22,18,1.012,2.719,2.23
2008-03-23,5.2,0.966,1.863,1.843
2008-03-24,0,0.854,-0.644,1.387
2008-03-25,1.7,0.813,-0.447,1.236
2008-03-26,0.4,0.873,0.384,1.135
2008-03-27,0.9,1.076,3.29,1.108
2008-03-28,5.4,1.048,2.923,1.152
2008-03-29,5.3,1.254,5.27,1.211
2008-03-30,0,1.425,6.999,1.247
2008-03-31,2.8,1.585,8.661,1.119
2008-04-01,0.9,1.559,8.073,1.103
2008-04-02,0,1.374,6.709,1.022
2008-04-03,0,1.468,7.808,1
2008-04-04,0,1.39,6.416,0.962
2008-04-05,0,1.424,6.379,0.95
2008-04-06,2.8,1.377,6.058,0.965
2008-04-07,2.4,1.111,2.539,0.988
2008-04-08,7.4,0.988,0.625,1.18
2008-04-09,0.1,1.065,1.526,1.083
2008-04-10,3,1.208,3.64,1.058
2008-04-11,0.1,1.408,5.643,1.076
2008-04-12,0.6,1.508,6.703,1.03
2008-04-13,1.1,1.357,5.799,0.943
2008-04-14,10.5,1.536,7.133,1.09
2008-04-15,14.7,1.366,5.241,1.751
2008-04-16,1.1,1.375,4.885,1.541
2008-04-17,0.1,1.221,3.059,1.114
2008-04-18,0,1.255,3.761,1.018
2008-04-19,0,1.743,8.589,0.992
2008-04-20,4.1,1.661,7.735,0.948
2008-04-21,0.1,1.951,10.065,0.945
2008-04-22,1.8,2.049,10.805,0.901
2008-04-23,0.1,2.174,11.778,0.906
2008-04-24,8.1,2.026,10.548,1.032
2008-04-25,1.8,2.074,11.138,1.035
2008-04-26,0.2,1.91,9.509,0.912
2008-04-27,0,2.157,11.082,0.904
2008-04-28,0,2.336,12.99,0.861
2008-04-29,12.6,2.06,10.738,1.065
2008-04-30,4.2,1.87,9.098,1.138
2008-05-01,3.2,1.864,8.42,1.054
2008-05-02,3.2,1.691,7.564,0.986
2008-05-03,0,2.076,10.175,0.935
2008-05-04,0,2.265,11.671,0.889
2008-05-05,0,2.499,12.734,0.863
2008-05-06,0,2.454,12.781,0.841
2008-05-07,0,2.761,14.629,0.838
2008-05-08,0,2.772,14.746,0.823
2008-05-09,0,2.753,14.725,0.845
2008-05-10,0,2.856,15.473,0.856
2008-05-11,0,3.076,16.416,0.838
2008-05-12,0,2.947,15.44,0.836
2008-05-13,0,2.95,15.707,0.822
2008-05-14,0,3.096,16.151,0.798
2008-05-15,0,3.083,16.44,0.781
2008-05-16,2,2.918,15.295,0.779
2008-05-17,3.7,3.029,15.75,0.781
2008-05-18,8.1,2.639,13.456,0.822
2008-05-19,0.2,2.339,11.034,0.788
2008-05-20,0,2.383,11.08,0.758
2008-05-21,0,2.424,10.964,0.743
2008-05-22,0,2.461,11.41,0.736
2008-05-23,0,2.606,12.537,0.741
2008-05-24,0,2.868,14.332,0.743
2008-05-25,0.9,2.629,13.263,0.743
2008-05-26,1.3,3.351,16.861,0.744
2008-05-27,1.2,3.523,17.599,0.725
2008-05-28,2.3,3.656,18.041,0.736
2008-05-29,1.5,3.761,18.417,0.7
2008-05-30,43.5,3.509,17.984,2.778
2008-05-31,2.9,3.698,18.393,1.26
2008-06-01,0,3.369,16.744,0.877
2008-06-02,0,3.455,17.377,0.777
2008-06-03,0,3.972,19.758,0.736
2008-06-04,1.6,3.456,17.333,0.709
2008-06-05,0.1,3.141,15.657,0.689
2008-06-06,10.2,3.079,15.074,0.753
2008-06-07,10.6,3.133,15.363,0.944
2008-06-08,0.4,2.788,13.641,0.84
2008-06-09,0,3.756,17.299,0.753
2008-06-10,0,4.16,19.116,0.704
2008-06-11,0,4.073,19.189,0.677
2008-06-12,0,3.136,14.728,0.662
2008-06-13,0.1,2.232,10.149,0.703
2008-06-14,0.1,2.321,10.238,0.682
2008-06-15,0,2.34,10.51,0.683
2008-06-16,0.1,2.463,11.574,0.693
2008-06-17,0,2.82,12.965,0.659
2008-06-18,0,3.042,13.856,0.645
2008-06-19,0.1,3.12,15.436,0.63
2008-06-20,4.3,3.224,16.141,0.649
2008-06-21,0.1,3.122,15.303,0.68
2008-06-22,0,3.957,18.878,0.629
2008-06-23,2.6,3.921,19.67,0.627
2008-06-24,0,3.119,17,0.682
2008-06-25,0,3.932,19.388,0.61
2008-06-26,6.9,3.928,18.984,0.731
2008-06-27,0,3.264,15.884,0.626
2008-06-28,0,2.94,14.933,0.634
2008-06-29,0.1,3.493,17.365,0.607
2008-06-30,0,3.631,18.024,0.59
2008-07-01,0,3.509,17.123,0.572
2008-07-02,0,3.988,19.053,0.575
2008-07-03,6.1,4.306,21.13,0.592
2008-07-04,12.3,3.173,15.908,0.677
2008-07-05,1.4,2.995,14.36,0.676
2008-07-06,0.6,3.23,15.894,0.597
2008-07-07,0.1,3.301,16.279,0.617
2008-07-08,3,2.906,14.678,0.661
2008-07-09,2.4,2.796,14.043,0.65
2008-07-10,0,3.034,15.301,0.604
2008-07-11,0,3.84,19.116,0.604
2008-07-12,4.5,3.25,16.424,0.638
2008-07-13,1.5,2.987,14.835,0.619
2008-07-14,0,2.936,13.994,0.587
2008-07-15,0,3.006,14.789,0.566
2008-07-16,0,3.391,17.144,0.563
2008-07-17,1,3.189,16.288,0.572
2008-07-18,0.6,2.975,14.795,0.598
2008-07-19,0.1,3.081,15.764,0.609
2008-07-20,1.3,3.261,16.96,0.611
2008-07-21,0.6,2.597,13.09,0.601
2008-07-22,0.9,2.308,11.461,0.635
2008-07-23,0,2.812,14.034,0.585
2008-07-24,0,3.277,16.25,0.558
2008-07-25,0,3.538,17.856,0.558
2008-07-26,0,3.927,19.483,0.546
2008-07-27,2.7,3.987,20.058,0.553
2008-07-28,3.4,3.798,19.553,0.547
2008-07-29,2.6,4.338,21.278,0.557
2008-07-30,0,3.83,19.488,0.541
2008-07-31,0,4.094,20.317,0.543
2008-08-01,0,4.489,22.128,0.542
2008-08-02,1.1,3.656,19.069,0.565
2008-08-03,0.3,3.236,17.549,0.566
2008-08-04,2.8,3.531,19.042,0.58
2008-08-05,22.9,3.29,17.479,0.814
2008-08-06,0,3.059,16.211,0.566
2008-08-07,0,3.816,19.705,0.559
2008-08-08,1.3,3.373,18.494,0.554
2008-08-09,9.4,2.922,15.995,0.637
2008-08-10,0,3.066,16.205,0.571
2008-08-11,1.1,3.045,16.761,0.557
2008-08-12,0.2,3.018,16.64,0.554
2008-08-13,1.9,3.147,17.439,0.578
2008-08-14,2,2.846,15.774,0.549
2008-08-15,0,2.639,14.381,0.545
2008-08-16,0,2.581,13.923,0.536
2008-08-17,0,2.574,14.125,0.537
2008-08-18,1.8,2.645,15.007,0.532
2008-08-19,0.3,3.151,17.893,0.529
2008-08-20,1.5,3.058,17.325,0.523
2008-08-21,0.6,2.546,14.581,0.531
2008-08-22,0,2.66,15.243,0.517
2008-08-23,16.5,2.473,14.269,0.656
2008-08-24,0.1,2.336,13.431,0.559
2008-08-25,3.9,2.28,13.191,0.544
2008-08-26,0.2,2.544,14.543,0.54
2008-08-27,0,2.736,16.127,0.538
2008-08-28,0,2.423,14.497,0.539
2008-08-29,0,2.709,15.998,0.538
2008-08-30,0,2.834,16.269,0.552
2008-08-31,0,2.963,17.427,0.554
2008-09-01,0,3.137,18.708,0.544
2008-09-02,0,2.765,16.665,0.538
2008-09-03,4.5,2.591,16.141,0.545
2008-09-04,5.1,2.027,11.814,0.568
2008-09-05,0.1,2.087,12.051,0.537
2008-09-06,24.3,2.234,13.993,0.81
2008-09-07,1.5,2.491,15.375,0.774
2008-09-08,2.4,2.184,13.294,0.609
2008-09-09,0.1,2.223,13.519,0.583
2008-09-10,0.1,2.358,14.609,0.567
2008-09-11,0.1,2.712,17.029,0.563
2008-09-12,1.8,2.572,16.17,0.58
2008-09-13,15.9,2.192,14.089,1.22
2008-09-14,18.8,1.802,10.898,1.409
2008-09-15,0.1,1.656,8.713,0.973
2008-09-16,0,1.569,8.356,0.769
2008-09-17,0,1.723,9.66,0.73
2008-09-18,0,1.539,8.247,0.709
2008-09-19,0,1.441,7.315,0.687
2008-09-20,0,1.624,8.865,0.675
2008-09-21,0,1.5,8.261,0.664
2008-09-22,0,1.463,7.971,0.663
2008-09-23,0,1.544,8.884,0.68
2008-09-24,0.7,1.557,9.363,0.683
2008-09-25,0.2,1.743,10.593,0.685
2008-09-26,0,1.778,10.77,0.656
2008-09-27,0,1.692,9.595,0.635
2008-09-28,0,1.567,9.171,0.655
2008-09-29,0,1.479,8.741,0.672
2008-09-30,0.3,1.403,8.565,0.678
2008-10-01,10.3,1.423,8.806,0.726
2008-10-02,12.8,1.604,10.725,0.992
2008-10-03,6.4,1.332,7.803,0.732
2008-10-04,2.4,1.208,6.225,0.664
2008-10-05,0.1,1.282,7.109,0.598
2008-10-06,15.9,1.357,8.608,0.907
2008-10-07,7.5,1.797,12.892,1.501
2008-10-08,0.9,1.852,13.316,0.81
2008-10-09,1.8,1.693,11.949,0.701
2008-10-10,0,1.542,10.004,0.633
2008-10-11,0,1.506,10.056,0.617
2008-10-12,0.1,1.464,10.015,0.613
2008-10-13,0.1,1.64,11.785,0.626
2008-10-14,0.1,1.684,12.23,0.637
2008-10-15,0,1.724,12.826,0.631
2008-10-16,5.6,1.608,12.201,0.674
2008-10-17,1.8,1.359,9.14,0.795
2008-10-18,0.2,1.061,5.153,0.707
2008-10-19,0.1,0.986,4.376,0.686
2008-10-20,0.1,1.017,5.059,0.665
2008-10-21,0.1,1.193,7.701,0.669
2008-10-22,3.8,1.485,11.069,0.736
2008-10-23,0.1,1.128,6.751,0.72
2008-10-24,0.1,1.049,5.465,0.7
2008-10-25,0.4,1.046,5.903,0.721
2008-10-26,0,1.328,9.291,0.77
2008-10-27,0.1,1.204,8.62,0.77
2008-10-28,12.3,1.214,8.328,1.143
2008-10-29,0.1,0.899,3.811,0.74
2008-10-30,0.2,0.825,2.493,0.687
2008-10-31,4.2,0.849,3.165,0.771
2008-11-01,4.7,0.949,5.103,1.021
2008-11-02,4.3,1.066,7.039,0.967
2008-11-03,0.1,1.213,8.281,0.898
2008-11-04,0,1.21,8.585,0.78
2008-11-05,0.1,1.229,8.949,0.711
2008-11-06,0,1.22,9.231,0.648
2008-11-07,0.1,1.106,7.525,0.581
2008-11-08,0.1,1.076,7.499,0.553
2008-11-09,0.1,1.067,7.015,0.565
2008-11-10,16,1.145,8.834,1.01
2008-11-11,5.3,1.353,11.7,1.009
2008-11-12,5.6,1.217,9.885,0.965
2008-11-13,3.1,0.985,6.533,0.738
2008-11-14,0.1,0.907,5.21,0.636
2008-11-15,0,0.813,3.794,0.562
2008-11-16,0.1,1.05,7.927,0.557
2008-11-17,0.9,1.131,9.122,0.55
2008-11-18,0.2,0.722,2.059,0.513
2008-11-19,0.1,0.767,3.767,0.519
2008-11-20,0.1,0.933,6.309,0.52
2008-11-21,0.3,1.017,8.119,0.534
2008-11-22,2.2,0.841,5.018,0.538
2008-11-23,0.8,0.596,0.055,0.539
2008-11-24,0,0.564,-0.643,0.532
2008-11-25,5.8,0.626,0.997,0.713
2008-11-26,0.4,0.575,-0.931,0.652
2008-11-27,0,0.584,-0.206,0.568
2008-11-28,0,0.587,-0.097,0.559
2008-11-29,0,0.502,-2.066,0.538
2008-11-30,0,0.531,-1.505,0.522
2008-12-01,4,0.604,0.401,0.587
2008-12-02,5.9,0.581,0.068,0.778
2008-12-03,2.4,0.644,1.62,1.038
2008-12-04,9.7,0.569,0.151,1.462
2008-12-05,11.5,0.593,0.388,1.757
2008-12-06,9.5,0.769,4.089,2.411
2008-12-07,3.1,0.717,3.517,1.696
2008-12-08,0.1,0.68,2.11,1.062
2008-12-09,0,0.474,-2.484,0.869
2008-12-10,0,0.528,-0.9,0.808
2008-12-11,1.1,0.582,-0.016,0.765
2008-12-12,0.1,0.552,-0.311,0.713
2008-12-13,0,0.542,-0.715,0.674
2008-12-14,0,0.491,-1.846,0.673
2008-12-15,1.1,0.597,0.735,0.675
2008-12-16,0.1,0.63,0.173,0.625
2008-12-17,0,0.513,-1.291,0.634
2008-12-18,1.4,0.495,-1.531,0.632
2008-12-19,1.2,0.571,0.409,0.659
2008-12-20,0.3,0.679,3.009,0.696
2008-12-21,1,0.804,6.022,0.709
2008-12-22,0,0.926,7.959,0.714
2008-12-23,0,0.891,7.191,0.697
2008-12-24,0.1,0.765,3.984,0.66
2008-12-25,0,0.64,2.163,0.643
2008-12-26,0.1,0.691,2.971,0.616
2008-12-27,0,0.53,-0.837,0.567
2008-12-28,0,0.458,-2.866,0.562
2008-12-29,0,0.454,-3.3,0.608
2008-12-30,0,0.402,-5.051,0.587
2008-12-31,0,0.38,-5.711,0.587
2009-01-01,1.5,0.498,-1.589,0.587
2009-01-02,2.4,0.528,-1.075,0.586
2009-01-03,0,0.417,-4.006,0.549
2009-01-04,0.1,0.475,-3.13,0.534
2009-01-05,0,0.425,-4.009,0.522
2009-01-06,0,0.471,-2.753,0.509
2009-01-07,0,0.372,-6.542,0.504
2009-01-08,0,0.292,-8.994,0.504
2009-01-09,0,0.408,-5.015,0.504
2009-01-10,0,0.304,-8.787,0.504
2009-01-11,0,0.311,-8.257,0.504
2009-01-12,0,0.318,-7.866,0.504
2009-01-13,0,0.36,-6.336,0.504
2009-01-14,0,0.596,-0.288,0.504
2009-01-15,0.9,0.602,0.37,0.504
2009-01-16,0,0.532,-1.511,0.504
2009-01-17,0,0.558,-0.479,0.507
2009-01-18,1.1,0.681,2.114,0.526
2009-01-19,8.9,0.731,3.027,1.276
2009-01-20,7.7,0.814,4.701,1.292
2009-01-21,0.5,0.663,1.265,1.061
2009-01-22,0,0.624,0.356,0.76
2009-01-23,2.9,0.647,1.089,0.763
2009-01-24,22.8,0.791,4.119,3.54
2009-01-25,0,0.657,0.518,1.672
2009-01-26,0,0.57,-0.804,0.953
2009-01-27,0,0.552,-1.42,0.764
2009-01-28,0,0.551,-1.505,0.664
2009-01-29,0.1,0.511,-3.219,0.611
2009-01-30,0,0.577,-1.547,0.576
2009-01-31,0,0.567,-2.153,0.541
2009-02-01,0,0.522,-3.015,0.528
2009-02-02,0,0.554,-2.402,0.509
2009-02-03,0.5,0.613,-0.797,0.506
2009-02-04,0.4,0.679,0.488,0.504
2009-02-05,0.7,0.666,0.278,0.493
2009-02-06,0.2,0.744,1.624,0.501
2009-02-07,0,0.813,2.867,0.54
2009-02-08,1.8,0.781,2.362,0.573
2009-02-09,0,0.678,0.309,0.502
2009-02-10,8.1,0.677,0.278,0.53
2009-02-11,12.2,0.842,3.293,3.211
2009-02-12,0.5,0.7,0.696,1.349
2009-02-13,1.3,0.642,-0.981,0.923
2009-02-14,0.2,0.65,-0.58,0.775
2009-02-15,0,0.671,-0.823,0.704
2009-02-16,0,0.553,-3.033,0.64
2009-02-17,5.3,0.764,1.516,0.635
2009-02-18,1.4,0.928,4.374,0.833
2009-02-19,0,0.62,-2.092,0.649
2009-02-20,0,0.652,-1.154,0.594
2009-02-21,0.5,0.846,2.553,0.592
2009-02-22,0,0.924,3.313,0.594
2009-02-23,0.5,0.942,4.11,0.597
2009-02-24,0.5,0.95,3.946,0.613
2009-02-25,0,0.916,2.776,0.587
2009-02-26,0,0.784,1.047,0.559
2009-02-27,0,0.959,4.218,0.555
2009-02-28,0,1.007,4.865,0.551
2009-03-01,0,1.192,6.671,0.548
2009-03-02,0.8,1.089,5.78,0.545
2009-03-03,0.3,1.15,5.85,0.536
2009-03-04,0,0.863,2.294,0.529
2009-03-05,5.8,0.974,3.514,0.7
2009-03-06,4.7,0.923,2.697,0.765
2009-03-07,2.3,0.952,3.097,0.634
2009-03-08,0,0.94,3.106,0.571
2009-03-09,3.6,1.143,5.847,0.651
2009-03-10,1.4,0.973,3.368,0.681
2009-03-11,4.8,1.016,3.801,0.912
2009-03-12,0,1.049,3.741,0.81
2009-03-13,0.1,1.02,4.267,0.678
2009-03-14,0.2,1.294,7.172,0.65
2009-03-15,0,1.283,7.345,0.618
2009-03-16,0,1.36,7.829,0.572
2009-03-17,0,1.362,6.983,0.56
2009-03-18,0,1.166,4.991,0.557
2009-03-19,0,1.159,4.395,0.55
2009-03-20,0,1.103,3.847,0.541
2009-03-21,0,0.984,1.752,0.528
2009-03-22,0,1.01,2.081,0.532
2009-03-23,0,1.031,3.123,0.539
2009-03-24,3.5,1.208,5.664,0.57
2009-03-25,0.8,1.045,3.035,0.619
2009-03-26,4.1,0.979,2.061,0.883
2009-03-27,3.4,1.175,4.909,1.138
2009-03-28,1.6,1.249,5.52,1.038
2009-03-29,1.7,1.244,5.43,1.014
2009-03-30,0,1.239,4.987,0.76
2009-03-31,0,1.258,4.295,0.646
2009-04-01,0,1.322,5.496,0.618
2009-04-02,0,1.635,7.764,0.602
2009-04-03,0,1.999,10.988,0.594
2009-04-04,0,1.928,11.859,0.575
2009-04-05,0,1.846,10.843,0.558
2009-04-06,0,1.73,9.433,0.56
2009-04-07,0,1.88,10.985,0.565
2009-04-08,0.1,1.726,9.844,0.555
2009-04-09,0.1,1.752,9.988,0.542
2009-04-10,0,2.092,12.327,0.544
2009-04-11,0,2.379,14.563,0.532
2009-04-12,0,2.365,14.227,0.533
2009-04-13,0,2.274,13.09,0.537
2009-04-14,0,2.279,13.224,0.54
2009-04-15,0,2.301,13.49,0.546
2009-04-16,0,2.372,14.215,0.547
2009-04-17,3.6,1.91,10.58,0.558
2009-04-18,13.4,1.691,8.484,0.707
2009-04-19,9,1.741,8.725,0.775
2009-04-20,0,2.139,11.301,0.624
2009-04-21,0,2.229,12.247,0.557
2009-04-22,0,2.325,12.651,0.525
2009-04-23,0,2.079,10.278,0.529
2009-04-24,0,1.649,7.155,0.532
2009-04-25,0,1.795,8.664,0.53
2009-04-26,0,1.865,9.665,0.535
2009-04-27,2.1,2.319,12.704,0.553
2009-04-28,0.9,1.984,10.148,0.574
2009-04-29,3.6,1.786,8.037,0.564
2009-04-30,0.6,1.59,6.794,0.554
2009-05-01,0.1,1.931,9.176,0.523
2009-05-02,0,2.338,12.585,0.509
2009-05-03,0,2.709,14.095,0.503
2009-05-04,0,2.078,11.003,0.496
2009-05-05,0,1.902,8.461,0.498
2009-05-06,0,1.819,8.843,0.518
2009-05-07,0,2.123,10.838,0.513
2009-05-08,0,2.369,12.606,0.507
2009-05-09,0.6,2.434,12.988,0.518
2009-05-10,4.6,2.095,10.453,0.536
2009-05-11,3.4,2.454,12.664,0.509
2009-05-12,14.8,2.421,12.616,0.613
2009-05-13,7.1,2.146,10.858,0.85
2009-05-14,0,2.611,13.625,0.627
2009-05-15,25,2.775,14.538,0.768
2009-05-16,6.8,2.447,12.506,0.888
2009-05-17,0,2.198,10.606,0.663
2009-05-18,0.2,2.457,12.405,0.583
2009-05-19,0.1,2.339,11.717,0.532
2009-05-20,0.9,2.561,13.082,0.526
2009-05-21,0,2.958,14.983,0.523
2009-05-22,0.1,3.057,16.142,0.518
2009-05-23,0,2.734,13.915,0.499
2009-05-24,0,2.908,14.657,0.495
2009-05-25,0,3.913,19.248,0.496
2009-05-26,0,4.202,20.623,0.484
2009-05-27,0.3,2.945,15.695,0.497
2009-05-28,0,2.174,11.091,0.496
2009-05-29,0.2,2.622,13.74,0.504
2009-05-30,0,2.932,15.08,0.494
2009-05-31,0,2.896,14.241,0.489
2009-06-01,0,2.892,14.043,0.49
2009-06-02,0,3.31,16.208,0.476
2009-06-03,0,3.607,17.128,0.473
2009-06-04,0,2.897,13.588,0.478
2009-06-05,0,2.329,10.067,0.483
2009-06-06,0,2.304,9.939,0.487
2009-06-07,3.1,2.107,8.943,0.502
2009-06-08,2,2.41,11.472,0.506
2009-06-09,0.3,2.655,12.928,0.491
2009-06-10,1.8,3.003,15.042,0.514
2009-06-11,7.2,2.789,13.936,0.512
2009-06-12,4.5,2.703,13.01,0.689
2009-06-13,0,2.706,12.789,0.515
2009-06-14,0,3.055,14.871,0.517
2009-06-15,0,3.647,18.123,0.492
2009-06-16,21.2,3.054,15.177,1.336
2009-06-17,0.1,2.917,14.137,0.738
2009-06-18,0,3.165,15.441,0.56
2009-06-19,0,3.166,16.131,0.543
2009-06-20,0,2.9,13.913,0.529
2009-06-21,0,2.425,11.232,0.539
2009-06-22,0.9,2.307,10.638,0.584
2009-06-23,0,2.57,11.23,0.559
2009-06-24,0,3.038,14.446,0.531
2009-06-25,0,3.666,16.974,0.522
2009-06-26,0,4.081,18.747,0.523
2009-06-27,0.3,3.896,18.905,0.519
2009-06-28,7.6,3.517,17.324,0.568
2009-06-29,0,3.852,18.684,0.543
2009-06-30,0,4.325,20.046,0.521
2009-07-01,0.1,4.591,20.973,0.507
2009-07-02,0,4.612,21.409,0.505
2009-07-03,0,4.924,22.299,0.505
2009-07-04,3.8,4.393,21.115,0.519
2009-07-05,0,4.346,20.189,0.516
2009-07-06,0,4.249,20.25,0.535
2009-07-07,2,3.613,17.654,0.588
2009-07-08,2.4,2.889,14.485,0.563
2009-07-09,1.9,2.987,14.88,0.555
2009-07-10,5.3,2.578,12.466,0.547
2009-07-11,0.1,2.505,12.613,0.543
2009-07-12,0,2.786,14.578,0.521
2009-07-13,2.5,3.123,16.414,0.539
2009-07-14,17.5,3.615,19.161,0.523
2009-07-15,1.3,3.803,19.57,0.505
2009-07-16,0.2,3.788,19.568,0.481
2009-07-17,0,3.845,20.364,0.474
2009-07-18,5.7,3.327,17.645,0.527
2009-07-19,0.1,2.891,15.321,0.53
2009-07-20,2,2.988,15.85,0.564
2009-07-21,0,3.316,17.474,0.543
2009-07-22,0,4.311,22.173,0.519
2009-07-23,2.2,4.282,22.099,0.535
2009-07-24,18.2,3.467,18.508,0.611
2009-07-25,2.4,3.113,16.866,0.588
2009-07-26,0.1,2.965,15.566,0.561
2009-07-27,0,3.303,17.62,0.53
2009-07-28,1.7,3.164,17.192,0.525
2009-07-29,0,3.047,15.4,0.518
2009-07-30,0.3,3.583,18.138,0.506
2009-07-31,3,3.124,16.019,0.52
2009-08-01,0,2.961,15.002,0.504
2009-08-02,0,3.488,17.962,0.504
2009-08-03,1,3.044,16.479,0.541
2009-08-04,5.1,2.968,15.136,0.525
2009-08-05,0.1,3.088,15.661,0.509
2009-08-06,0,3.394,17.586,0.493
2009-08-07,0,3.824,19.566,0.476
2009-08-08,1.2,3.863,20.105,0.492
2009-08-09,0,3.549,18.391,0.519
2009-08-10,0,3.526,18.396,0.499
2009-08-11,9.7,3.736,19.315,0.486
2009-08-12,1.6,3.356,17.684,0.491
2009-08-13,0.1,3.343,18.115,0.48
2009-08-14,14,3.13,16.7,0.705
2009-08-15,0.1,2.944,15.544,0.535
2009-08-16,0.1,3.172,17.057,0.516
2009-08-17,0,3.705,20.134,0.505
2009-08-18,0,3.453,19.067,0.509
2009-08-19,0,3.122,17.261,0.506
2009-08-20,0,3.665,19.739,0.494
2009-08-21,3.8,4.415,23.898,0.498
2009-08-22,0.7,2.893,16.972,0.544
2009-08-23,0,2.789,16.506,0.538
2009-08-24,0,2.83,17.029,0.529
2009-08-25,0,3.239,18.624,0.521
2009-08-26,0.7,3.113,17.932,0.596
2009-08-27,0,2.9,16.559,0.527
2009-08-28,0,3.162,18.467,0.524
2009-08-29,0,2.683,15.846,0.518
2009-08-30,0,2.244,12.914,0.519
2009-08-31,0,2.167,12.346,0.518
2009-09-01,0,2.65,15.316,0.517
2009-09-02,2.7,2.558,15.936,0.58
2009-09-03,0,2.521,15.05,0.55
2009-09-04,2,2.444,14.716,0.64
2009-09-05,26.4,1.932,11.233,0.767
2009-09-06,2.5,2.043,11.956,0.561
2009-09-07,0,1.951,11.401,0.535
2009-09-08,0,2.277,13.512,0.53
2009-09-09,0,2.516,14.946,0.526
2009-09-10,0,2.671,15.948,0.521
2009-09-11,0,2.525,15.639,0.517
2009-09-12,0,2.304,13.818,0.513
2009-09-13,0,2.255,12.956,0.509
2009-09-14,0,1.891,11.447,0.504
2009-09-15,8.2,1.857,10.926,0.5
2009-09-16,0,2.043,12.412,0.495
2009-09-17,0,2.336,15.235,0.491
2009-09-18,0,2.488,16.046,0.487
2009-09-19,0,2.432,15.699,0.482
2009-09-20,0,2.425,15.867,0.478
2009-09-21,1.8,2.542,16.534,0.474
2009-09-22,0,2.513,16.263,0.47
2009-09-23,0,2.13,14.103,0.467
2009-09-24,0,2.048,13.775,0.464
2009-09-25,0,2.137,14.494,0.462
2009-09-26,0,1.808,11.416,0.46
2009-09-27,0,1.745,11.023,0.457
2009-09-28,0,1.806,11.468,0.455
2009-09-29,0,1.737,11.597,0.453
2009-09-30,0,1.9,13.339,0.45
2009-10-01,0,2.089,14.046,0.448
2009-10-02,0,1.704,11.783,0.446
2009-10-03,0,1.398,8.664,0.443
2009-10-04,0,1.361,8.949,0.441
2009-10-05,0,1.737,12.221,0.439
2009-10-06,7.3,1.611,10.982,0.511
2009-10-07,2.3,2.174,15.876,0.441
2009-10-08,0.5,2.515,17.765,0.437
2009-10-09,0.1,2.107,15.436,0.466
2009-10-10,0,1.652,11.493,0.447
2009-10-11,10.1,1.763,12.655,0.488
2009-10-12,3.4,1.523,11.018,0.44
2009-10-13,0.6,1.426,9.238,0.471
2009-10-14,0,1.264,7.298,0.429
2009-10-15,0,0.923,2.335,0.42
2009-10-16,0,0.837,1.229,0.418
2009-10-17,0,1.014,5.007,0.427
2009-10-18,0.7,1.119,5.749,0.434
2009-10-19,0,0.92,2.888,0.425
2009-10-20,0.1,0.847,1.956,0.433
2009-10-21,0,1.017,4.591,0.448
2009-10-22,0,1.375,9.165,0.456
2009-10-23,0.6,1.216,8.01,0.459
2009-10-24,0.5,1.177,7.208,0.446
2009-10-25,1.3,1.266,8.86,0.446
2009-10-26,1.5,1.361,10.15,0.46
2009-10-27,0.2,1.251,8.829,0.448
2009-10-28,0,1.286,9.074,0.457
2009-10-29,0,1.016,7.528,0.463
2009-10-30,0.1,1.051,6.395,0.47
2009-10-31,0.1,1.129,7.451,0.492
2009-11-01,0,1.032,6.166,0.5
2009-11-02,6,1.156,8.483,0.573
2009-11-03,6.2,1.144,8.003,0.846
2009-11-04,4.6,1.025,6.731,0.554
2009-11-05,5.5,1.058,7.154,1.113
2009-11-06,2.1,1.012,6.621,0.764
2009-11-07,0.6,1.027,6.818,0.59
2009-11-08,6.1,0.969,5.904,0.864
2009-11-09,0.1,0.908,4.513,0.65
2009-11-10,3.6,0.947,5.712,0.537
2009-11-11,1.6,0.902,5.105,0.535
2009-11-12,0,0.803,3.408,0.437
2009-11-13,0.6,0.881,5.141,0.413
2009-11-14,0.1,1.266,10.375,0.4
2009-11-15,1.5,1.267,10.561,0.432
2009-11-16,0,1.137,8.989,0.471
2009-11-17,6.4,1.214,10.473,0.84
2009-11-18,12,1.139,9.216,1.004
2009-11-19,0,1.075,8.56,0.66
2009-11-20,0,0.992,6.96,0.567
2009-11-21,0,0.923,6.639,0.528
2009-11-22,0,1.127,9.582,0.505
2009-11-23,0.8,1.124,9.63,0.512
2009-11-24,9,1.063,8.845,1.089
2009-11-25,2.3,1.147,10.056,1.043
2009-11-26,4.7,1.083,9.166,0.726
2009-11-27,0.7,0.982,7.819,0.683
2009-11-28,9.6,0.925,6.816,1.146
2009-11-29,8.4,0.93,7.047,1.316
2009-11-30,7.1,0.966,7.44,1.023
2009-12-01,0,0.811,4.703,0.756
2009-12-02,0.5,0.73,3.622,0.574
2009-12-03,0.4,0.742,3.823,0.574
2009-12-04,7.2,0.886,6.493,1.032
2009-12-05,0,0.686,2.6,0.881
2009-12-06,2.3,0.767,4.587,0.73
2009-12-07,3,0.98,8.019,1.253
2009-12-08,2.2,0.802,5.293,0.945
2009-12-09,7.2,0.804,5.276,1.085
2009-12-10,1.1,0.799,5.338,0.823
2009-12-11,3.4,0.94,7.911,1.049
2009-12-12,0.5,0.831,5.731,0.757
2009-12-13,0.1,0.66,2.231,0.646
2009-12-14,0.1,0.573,0.253,0.585
2009-12-15,0,0.464,-2.636,0.53
2009-12-16,0,0.483,-2.088,0.511
2009-12-17,0,0.467,-2.904,0.52
2009-12-18,0,0.401,-4.891,0.518
2009-12-19,0,0.417,-4.324,0.451
2009-12-20,0,0.264,-11.03,0.475
2009-12-21,0,0.312,-7.623,0.445
2009-12-22,1.7,0.467,-2.478,0.4
2009-12-23,9.1,0.62,1.538,0.825
2009-12-24,6.4,0.567,0.289,0.584
2009-12-25,7.3,0.596,0.908,0.589
2009-12-26,4.9,0.652,2.598,2.072
2009-12-27,0,0.583,-0.265,1.147
2009-12-28,2,0.528,-0.339,0.921
2009-12-29,0.1,0.597,1.03,1.087
2009-12-30,10.5,0.601,1.493,1.497
2009-12-31,3.5,0.973,8.006,1.582
