"Date","P","E","MIX_Q_sim"
2004-09-02,0,2.113637,0
2004-09-03,0,2.284305,0
2004-09-04,0,2.757288,0
2004-09-05,0,2.852728,0
2004-09-06,0,2.882288,0
2004-09-07,0,2.759263,0
2004-09-08,0,2.680601,0
2004-09-09,0,2.677378,0
2004-09-10,0,2.387042,0
2004-09-11,0,2.376496,0
2004-09-12,2.56,2.716567,0.046061266217724
2004-09-13,0.4,2.149183,0.0402550411297468
2004-09-14,0,2.107571,0.0289470354952425
2004-09-15,1.41,1.976001,0.0462034723837127
2004-09-16,0.28,1.704098,0.0383173648190092
2004-09-17,0,1.448402,0.0276791974276029
2004-09-18,0,1.587894,0.0200824615313796
2004-09-19,0,1.871197,0.0146567202430251
2004-09-20,2.26,1.978648,0.0512966443025154
2004-09-21,0,1.634728,0.0370945066868283
2004-09-22,1.32,1.840719,0.0506072998352278
2004-09-23,1.79,1.640583,0.06881762477083
2004-09-24,14.07,1.869767,0.30749153951405
2004-09-25,0.45,1.48158,0.229447580894634
2004-09-26,0.67,1.552072,0.177783252023207
2004-09-27,0.19,1.701439,0.132147430717992
2004-09-28,0.17,1.707937,0.0992005510530323
2004-09-29,0.22,1.918793,0.0765878831505157
2004-09-30,0.24,1.802173,0.060807020164364
2004-10-01,0,1.592697,0.0451655861144992
2004-10-02,1.83,1.870887,0.0673730687078921
2004-10-03,0,1.646764,0.0499524847676599
2004-10-04,0,1.448458,0.0374993013354027
2004-10-05,0,1.877995,0.0285920123291327
2004-10-06,0.18,2.073062,0.0254850431680109
2004-10-07,6.15,1.500013,0.132618134102466
2004-10-08,0,1.218998,0.096901530379954
2004-10-09,0.46,1.205347,0.0798006309829731
2004-10-10,1.81,1.369293,0.0923635912995645
2004-10-11,0,1.256048,0.068269685764204
2004-10-12,0.03,1.158983,0.0515973014419831
2004-10-13,0.09,1.209478,0.0407725931958024
2004-10-14,0,1.27022,0.0313842099802463
2004-10-15,12.23,1.358412,0.252033478364238
2004-10-16,6.52,1.145263,0.305362392480536
2004-10-17,7.73,1.05341,0.368159803698486
2004-10-18,8.21,1.068011,0.424426374189356
2004-10-19,3.43,1.118989,0.373787741804418
2004-10-20,0,1.071919,0.271794473945047
2004-10-21,26.45,1.69434,0.727335815019188
2004-10-22,6.71,1.454203,0.661396466269577
2004-10-23,0,1.153814,0.479599684762363
2004-10-24,0,1.585888,0.349759584523641
2004-10-25,1.91,1.457917,0.295486722047602
2004-10-26,0.13,1.476742,0.220966384488294
2004-10-27,0,1.06086,0.165094140040233
2004-10-28,1.34,1.060081,0.152125996997312
2004-10-29,11.48,1.32757,0.35070793361121
2004-10-30,9.61,1.257509,0.45759577196757
2004-10-31,1.02,1.106807,0.356702220996307
2004-11-01,0,1.089128,0.263540059847633
2004-11-02,0.51,1.114508,0.207515222214255
2004-11-03,2.28,1.132146,0.204252258708722
2004-11-04,0.87,1.165112,0.172762042219683
2004-11-05,7.84,1.214399,0.296690949341884
2004-11-06,0,0.9872853,0.221235903554531
2004-11-07,5.06,0.9161867,0.274057545955474
2004-11-08,0.3,0.8776983,0.211654261082046
2004-11-09,2.13,0.7714481,0.205758778712153
2004-11-10,0,0.6820809,0.156589451826093
2004-11-11,7.52,0.6343335,0.281956294438878
2004-11-12,0.06,0.6871911,0.212716167666326
2004-11-13,0.32,0.7144714,0.168746006282271
2004-11-14,0.25,0.7467596,0.135793206404033
2004-11-15,0.03,0.6498458,0.107499411381842
2004-11-16,0,0.5261134,0.0865677711152269
2004-11-17,0.13,0.7804892,0.0743002955893275
2004-11-18,1.38,0.9692749,0.0921377470269006
2004-11-19,8.88,0.9393669,0.267152244451977
2004-11-20,5.37,0.6592451,0.317780018315864
2004-11-21,0,0.4911742,0.237552824453184
2004-11-22,1.16,0.5215181,0.205419434886731
2004-11-23,1.51,0.9227881,0.19014150108996
2004-11-24,3.09,0.943699,0.21392982796387
2004-11-25,0,0.5339188,0.163510667335651
2004-11-26,0,0.4981881,0.127414635419357
2004-11-27,0.03,0.6245914,0.102198726371605
2004-11-28,4.11,0.839671,0.173664566204498
2004-11-29,0.04,0.8040129,0.135592183938605
2004-11-30,0,0.7893474,0.107435682869139
2004-12-01,0,0.6858214,0.0872322171487939
2004-12-02,4.03,0.6522361,0.161483703411983
2004-12-03,0.91,0.6546811,0.146024220723174
2004-12-04,0.34,0.6343503,0.122398180172514
2004-12-05,0,0.4875218,0.0979626709262204
2004-12-06,0,0.4631441,0.0804157816352452
2004-12-07,0,0.6280405,0.067787002321113
2004-12-08,0,0.6087703,0.0586697800559975
2004-12-09,0,0.6529787,0.0520601124441
2004-12-10,0,0.5383515,0.0472413362522777
2004-12-11,0,0.422851,0.04370188996517
2004-12-12,0,0.3872977,0.0410766130041203
2004-12-13,0,0.3944114,0.0391048453285567
2004-12-14,0,0.3857142,0.037600519087448
2004-12-15,0,0.363615,0.0364308101511893
2004-12-16,0,0.3932182,0.0355008996540832
2004-12-17,4.62,0.4902821,0.136802507951696
2004-12-18,17.88,0.6691674,0.511746336609113
2004-12-19,2.04,0.611173,0.422783334222162
2004-12-20,5.29,0.5502534,0.433827642184353
2004-12-21,0,0.3892653,0.321372664504962
2004-12-22,0.12,0.3102131,0.243724215965832
2004-12-23,1.32,0.4280471,0.215613427620813
2004-12-24,3.09,0.6583146,0.236248916714874
2004-12-25,5.01,0.8281793,0.295868371239624
2004-12-26,7.73,0.6941871,0.403248755817304
2004-12-27,0,0.5527822,0.300464866449531
2004-12-28,0,0.4746404,0.226973075080679
2004-12-29,5.72,0.4642913,0.308477014671976
2004-12-30,4.41,0.5442014,0.336920171369314
2004-12-31,0.03,0.5549419,0.254289320868604
2005-01-01,1.26,0.6894726,0.22419385413163
2005-01-02,2.69,0.8096346,0.236619324436586
2005-01-03,1.61,0.6931758,0.220129742893716
2005-01-04,0.55,0.6132231,0.183271664454239
2005-01-05,0.03,0.6386116,0.144560313785164
2005-01-06,3.78,0.6912808,0.206043083662385
2005-01-07,1.83,0.7893056,0.203840324788126
2005-01-08,0.06,0.9149299,0.160116215059779
2005-01-09,1.97,0.8233667,0.174383913491604
2005-01-10,0.07,0.7597027,0.139266934180705
2005-01-11,1.94,0.9431185,0.158788971456008
2005-01-12,1.97,0.8727531,0.17359083964656
2005-01-13,4.68,0.8354181,0.249745174625221
2005-01-14,0.04,0.6119324,0.192673799770495
2005-01-15,0,0.4819481,0.150844184797299
2005-01-16,0,0.4505649,0.120854524171342
2005-01-17,0,0.3954557,0.0993174840621261
2005-01-18,5.88,0.5186266,0.226272161682701
2005-01-19,17.98,0.7058651,0.620295251720523
2005-01-20,0.63,0.6284215,0.473412553395405
2005-01-21,11.24,0.902652,0.635187089835117
2005-01-22,5.7,0.7698514,0.613446538603223
2005-01-23,0.09,0.6219703,0.456515959509818
2005-01-24,0.58,0.5759695,0.356736089800507
2005-01-25,0.8,0.4979846,0.290987779754164
2005-01-26,0,0.439901,0.223739349904125
2005-01-27,0,0.4464809,0.17557891086381
2005-01-28,0,0.4250468,0.141044980212166
2005-01-29,0,0.5114991,0.116239156689373
2005-01-30,0.09,0.4399706,0.100652485291933
2005-01-31,0.78,0.4875022,0.106827844624884
2005-02-01,1.74,0.6468565,0.135508476571277
2005-02-02,1.62,0.7295738,0.153031352110881
2005-02-03,1.58,0.7273596,0.164598455647762
2005-02-04,1.55,0.7654879,0.172159263013878
2005-02-05,0,0.6740511,0.13814131483116
2005-02-06,0,0.5420755,0.113708379631247
2005-02-07,0.03,0.5622185,0.0968808200905079
2005-02-08,0,0.5549156,0.083962239655723
2005-02-09,0,0.5920999,0.0745943664752832
2005-02-10,0.04,0.6052468,0.0687774470711636
2005-02-11,11.21,0.782225,0.351732922448315
2005-02-12,7.9,1.006207,0.471444276632462
2005-02-13,10.86,1.13618,0.63789363298625
2005-02-14,8.73,0.6962438,0.704058306534255
2005-02-15,8.43,0.692138,0.74625758619672
2005-02-16,0.33,0.6141471,0.560085694320287
2005-02-17,0.11,0.5508775,0.42115353519375
2005-02-18,0,0.5539304,0.318867250409265
2005-02-19,0.44,0.5415132,0.257458578335057
2005-02-20,4.57,0.6248027,0.324716584236473
2005-02-21,1.55,0.6320815,0.291816931345089
2005-02-22,0.58,0.5840309,0.242180167887848
2005-02-23,0.6,0.5496272,0.207176903155004
2005-02-24,0,0.4561931,0.165894651970011
2005-02-25,0.32,0.4425995,0.144878098345841
2005-02-26,0,0.4348168,0.121105880470053
2005-02-27,0.6,0.4946571,0.120142795853062
2005-02-28,0.36,0.5022481,0.112875831840779
2005-03-01,0,0.3873481,0.0978462710916945
2005-03-05,0.23,0.5887297,0.0931478950587311
2005-03-06,4.94,0.6015626,0.217359742967973
2005-03-07,0.49,0.5458912,0.185769202980614
2005-03-08,0.94,0.6820855,0.175319602383775
2005-03-09,1.4,0.839284,0.180314956521222
2005-03-10,1.3,0.8456676,0.181182499637395
2005-03-11,0.43,0.8152473,0.158121703628895
2005-03-12,0.34,0.838068,0.139090588962723
2005-03-13,4.26,0.8197186,0.232446554974464
2005-03-14,0.09,0.8383325,0.185529762481655
2005-03-15,0,0.9326511,0.14942460469872
2005-03-16,0,0.9829395,0.123484602867871
2005-03-17,0,1.411184,0.104802117533846
2005-03-18,0,1.589331,0.0913016700462964
2005-03-19,0,1.507555,0.0815017751835137
2005-03-20,0,1.502384,0.0743449381698118
2005-03-21,0,1.472723,0.0690763071817605
2005-03-22,0,1.40291,0.0651570559601172
2005-03-23,1.43,1.498569,0.100971470807028
2005-03-24,0,1.70044,0.0877678642090056
2005-03-25,2.74,1.542112,0.152551043203415
2005-03-26,0,1.616185,0.124576095686025
2005-03-27,0.41,1.450103,0.115562096046373
2005-03-28,0.13,1.625386,0.10142854863533
2005-03-29,2.35,1.619739,0.151407879104599
2005-03-30,0.8,1.605759,0.145154163961441
2005-03-31,5.6,1.557586,0.271619772714763
2005-04-01,0,1.604459,0.209669931969013
2005-04-02,0,1.462536,0.165294028072309
2005-04-03,0,1.440072,0.133463882535358
2005-04-04,0,1.586499,0.110590385059159
2005-04-05,0,1.552986,0.094111626979967
2005-04-06,2.32,1.541074,0.14523603079995
2005-04-07,6.78,1.396284,0.304323993551735
2005-04-08,3.63,1.530486,0.33260596263715
2005-04-09,6.71,1.224065,0.438897238042508
2005-04-10,0.52,1.093089,0.344222334765187
2005-04-11,0.39,1.224756,0.272940140198838
2005-04-12,0,1.451623,0.211162793239909
2005-04-13,0,1.538495,0.166904564842712
2005-04-14,0,1.675045,0.13515301968202
2005-04-15,0,1.745112,0.112330284336008
2005-04-16,4.33,1.592329,0.215495720259493
2005-04-17,1.58,1.512652,0.213531655490156
2005-04-18,0.2,1.785537,0.173988757112581
2005-04-19,0.17,1.748204,0.144793380279543
2005-04-20,5.69,1.599067,0.277009299914461
2005-04-21,0.44,1.423264,0.226184384105603
2005-04-22,0,1.379885,0.177590490664023
2005-04-23,0,1.460161,0.142744524759218
2005-04-24,2.18,1.509001,0.178153454802068
2005-04-25,0.33,1.940844,0.152216192732439
2005-04-26,7.72,1.824589,0.339947436600928
2005-04-27,8.3,1.884232,0.492798247343016
2005-04-28,0.76,1.886999,0.390425881005275
2005-04-29,0,1.817897,0.295882720563542
2005-04-30,1.08,2.491382,0.258567443955661
2005-05-01,0,2.654647,0.201546238179055
2005-05-02,0,2.979977,0.160676562326758
2005-05-03,0.07,2.734749,0.133293010628538
2005-05-04,5.47,2.253556,0.265187192358762
2005-05-05,4.04,1.959461,0.320028131583698
2005-05-06,0.18,1.966407,0.250737518423771
2005-05-07,1.99,1.840794,0.25211153390752
2005-05-08,11.17,1.538772,0.515444393077848
2005-05-09,0.32,1.431704,0.395297345311102
2005-05-10,0,1.499452,0.300278304383817
2005-05-11,0.08,1.527832,0.234548878723804
2005-05-12,0,1.616271,0.185188829851052
2005-05-13,0.1,1.963023,0.1526161023819
2005-05-14,0,2.134367,0.126366822843826
2005-05-15,16.04,2.091104,0.56950391476003
2005-05-16,0.86,2.068168,0.450224501271573
2005-05-17,0,2.115844,0.340232705989999
2005-05-18,0,1.993742,0.261534182541811
2005-05-19,0.03,1.84385,0.206034929815948
2005-05-20,0,2.129164,0.16537973256177
2005-05-21,10.91,2.984589,0.451903611962837
2005-05-22,0,2.696783,0.341793593748141
2005-05-23,0,2.48452,0.263007095288862
2005-05-24,0.2,2.461813,0.212340556048879
2005-05-25,0,2.439509,0.17025212983577
2005-05-26,0,3.291149,0.140024558296136
2005-05-27,0,3.752751,0.118265052359027
2005-05-28,0.05,4.226289,0.103978570067356
2005-05-29,0.05,4.319947,0.093603065601834
2005-05-30,12.94,4.156369,0.457235416294298
2005-05-31,1.46,2.537844,0.387531745551356
2005-06-01,0.23,2.296298,0.302330640740565
2005-06-02,0,2.706445,0.234737460041471
2005-06-03,0,3.043817,0.18630220742494
2005-06-04,3.33,3.260307,0.247095467339236
2005-06-05,1.08,2.522418,0.226115081652167
2005-06-06,0,2.289379,0.180103144733183
2005-06-07,2.65,2.518276,0.223064022850376
2005-06-08,0,2.14433,0.177863520302862
2005-06-09,0,2.289801,0.145414985919503
2005-06-10,0,2.503968,0.122070586396068
2005-06-11,0,2.648957,0.105226493886451
2005-06-12,0,2.54047,0.0930240879089157
2005-06-13,0,2.333608,0.0841366743842984
2005-06-14,0,2.605817,0.0776172464826729
2005-06-15,0,2.823523,0.0727898168842462
2005-06-16,0,3.095813,0.0691718511525345
2005-06-17,0,3.523176,0.0664189009649959
2005-06-18,0.03,3.933271,0.0651279243376103
2005-06-19,0.03,4.415076,0.0640402589824438
2005-06-20,0,4.288468,0.0622614323725446
2005-06-21,0,4.673518,0.0608278377741052
2005-06-22,0.04,4.772464,0.0607525135566279
2005-06-23,0,4.534642,0.0594323614849297
2005-06-24,0,4.682284,0.0583309426753705
2005-06-25,0.03,5.340871,0.0582117938899856
2005-06-26,1.11,4.299456,0.0876097900173806
2005-06-27,0,4.406134,0.078102242435848
2005-06-28,0,4.518274,0.0711616497126815
2005-06-29,0,4.98642,0.0660548660484641
2005-06-30,2.01,4.218043,0.116875428009856
2005-07-01,2.51,3.436428,0.166852586698022
2005-07-02,2.69,3.093486,0.207625662703902
2005-07-03,2.75,3.373674,0.238579563282505
2005-07-04,0,4.070348,0.185895692479214
2005-07-05,4.95,3.306112,0.283124360048252
2005-07-06,0.16,2.719457,0.22228526239825
2005-07-07,11.16,2.822993,0.481633770002525
2005-07-08,8.05,2.484864,0.583936349736025
2005-07-09,8.76,2.743725,0.679433845560111
2005-07-10,0,3.170881,0.503310796370286
2005-07-11,2,3.857578,0.4332386910061
2005-07-12,0,4.588746,0.327441708512422
2005-07-13,0,4.193992,0.251744027263781
2005-07-14,0,4.556277,0.197532898740522
2005-07-15,0,4.689089,0.158660557645135
2005-07-16,0,4.450485,0.130738734645186
2005-07-17,0,4.211437,0.110635082210246
2005-07-18,0,4.029562,0.0961137252589662
2005-07-19,3.24,3.882426,0.174268384353827
2005-07-20,1.48,3.19517,0.182051077664351
2005-07-21,6.02,2.886899,0.312671835399405
2005-07-22,0,2.960662,0.240839081821503
2005-07-23,0.11,3.049948,0.192403784792859
2005-07-24,0,3.209504,0.154656454177943
2005-07-25,8.18,3.193089,0.352824887517992
2005-07-26,3.12,3.480394,0.355772873395832
2005-07-27,0.16,3.439533,0.276410027495024
2005-07-28,1.46,4.334658,0.255325343546982
2005-07-29,3.98,4.477613,0.309703447744231
2005-07-30,16.48,3.663631,0.700578683062359
2005-07-31,2.37,3.064103,0.586295192921215
2005-08-01,3.14,2.728464,0.526522053561548
2005-08-02,0,3.112624,0.395889505777179
2005-08-03,0,3.147316,0.302445848829698
2005-08-04,0.35,2.867621,0.245316106684836
2005-08-05,0,2.868614,0.194615162498151
2005-08-06,5.47,2.5858,0.311281483670979
2005-08-07,0,2.442183,0.241934414835537
2005-08-08,3.93,2.238373,0.302355345579065
2005-08-09,0.38,2.33656,0.246253765206962
2005-08-10,0,2.587624,0.195420255726258
2005-08-11,0,2.605904,0.158940960683284
2005-08-12,2.64,2.491075,0.206441525739249
2005-08-13,0,2.714198,0.166722265749733
2005-08-14,0,2.682147,0.138179054518398
2005-08-15,13.68,2.459687,0.503739080952562
2005-08-16,3.24,2.452757,0.471562951528911
2005-08-17,0,3.099506,0.357122566964409
2005-08-18,0,3.126107,0.275232234203113
2005-08-19,0,3.283715,0.216578018712819
2005-08-20,0.68,2.803069,0.19360132238548
2005-08-21,0,2.626738,0.157990796699848
2005-08-22,0,2.588151,0.132376088954706
2005-08-23,0,2.943487,0.113898299869782
2005-08-24,0.97,2.549504,0.127582397333247
2005-08-25,0.03,2.660715,0.11103899088841
2005-08-26,4.24,2.348806,0.216704954768218
2005-08-27,0,2.122388,0.173923355668116
2005-08-28,0,2.173436,0.143195495078096
2005-08-29,0,2.540396,0.121073434359341
2005-08-30,0,2.784911,0.105096029147638
2005-08-31,0,3.151083,0.093506505320419
2005-09-01,0,3.454235,0.0850508657781678
2005-09-02,0,2.969024,0.0788339939583367
2005-09-03,0,3.078266,0.0742169410608267
2005-09-04,0.03,2.997457,0.0715678927108121
2005-09-05,0.03,3.13647,0.0695026898056692
2005-09-06,0.06,3.023247,0.0686769818688886
2005-09-07,4.47,3.103573,0.188989708794553
2005-09-08,0,3.144351,0.152483049763815
2005-09-09,0,3.193396,0.126250628083369
2005-09-10,8.96,2.936333,0.354376690638408
2005-09-11,3.53,2.710608,0.368561218279435
2005-09-12,0.99,2.545185,0.308697261221249
2005-09-13,2.24,2.49724,0.300476550846045
2005-09-14,0,2.562524,0.232756034401942
2005-09-15,0.03,2.23683,0.185063070834264
2005-09-16,0.91,2.673458,0.175074594295481
2005-09-17,8.84,2.069236,0.388410955296965
2005-09-18,0,1.635706,0.295904966846149
2005-09-19,0,1.576464,0.229689781284354
2005-09-20,0,1.598641,0.182242701801136
2005-09-21,0,1.659914,0.148194037477983
2005-09-22,0,1.688629,0.123710905116259
2005-09-23,0,1.763874,0.106057389288484
2005-09-24,0,1.836622,0.0932805862288297
2005-09-25,0,1.970443,0.0839865031364927
2005-09-26,0.1,2.072422,0.0799292401465533
2005-09-27,0,2.098127,0.0741245160091784
2005-09-28,0.38,2.107799,0.0802338893217797
2005-09-29,2.12,1.840451,0.132263223904762
2005-09-30,2.11,1.626438,0.169276075388422
2005-10-01,1.19,1.46649,0.170478181253267
2005-10-02,6.97,1.711256,0.331654865264702
2005-10-03,2.11,1.495578,0.312763083328852
2005-10-04,0,1.52791,0.240802623875534
2005-10-05,0,1.784045,0.189263703351177
2005-10-06,0,2.027596,0.152303321915843
2005-10-07,0,2.041108,0.125750751129409
2005-10-08,0,2.00324,0.106628923781353
2005-10-09,0,1.791158,0.0928128037424695
2005-10-10,0,1.651373,0.0827855316431117
2005-10-11,0,1.661337,0.0754643625701609
2005-10-12,0,1.590911,0.070076421045542
2005-10-13,0,1.62495,0.0660700153937029
2005-10-14,0,1.50876,0.0630513342677482
2005-10-15,0,1.456775,0.0607392608653542
2005-10-16,0,1.358171,0.0589331194837974
2005-10-17,0,1.379401,0.0574896531302105
2005-10-18,0,1.207543,0.0563065902244993
2005-10-19,0.07,1.184507,0.0572196033648295
2005-10-20,5.79,1.236701,0.214645316969435
2005-10-21,2.08,1.521519,0.22582068062081
2005-10-22,19.97,1.701719,0.737585989336841
2005-10-23,4.47,1.730524,0.670186120763391
2005-10-24,0.92,1.514964,0.52231100352912
2005-10-25,0,1.368209,0.390742220109504
2005-10-26,0.84,1.68172,0.320312637119536
2005-10-27,0,1.751443,0.246298962015917
2005-10-28,0.03,1.709431,0.194136502421953
2005-10-29,0,1.723678,0.155890287903788
2005-10-30,0,1.571635,0.128418817141669
2005-10-31,0,1.531022,0.108640015961053
2005-11-01,0.43,1.626909,0.106391958564677
2005-11-02,16.79,1.390835,0.571414504264835
2005-11-03,9.61,1.239053,0.703164193243991
2005-11-04,0.04,1.5933,0.522458716253675
2005-11-05,4.76,1.381366,0.529729958942936
2005-11-06,2.16,1.086596,0.460235431105617
2005-11-07,0,1.118102,0.348142658220621
2005-11-08,1.96,1.00812,0.324737384164352
2005-11-09,0,1.213065,0.251267171003408
2005-11-10,0.44,0.9936017,0.211370209196953
2005-11-11,0,1.051076,0.170013842188374
2005-11-12,0.69,1.050091,0.160268216164791
2005-11-13,0.35,0.9528222,0.143365045101376
2005-11-14,0.78,1.148047,0.143594775701367
2005-11-15,0,0.9672437,0.121099707254429
2005-11-16,5.97,0.8645967,0.278527362628567
2005-11-17,2.47,0.8156803,0.289763139069443
2005-11-18,0.13,0.7428913,0.229660783294002
2005-11-19,0,0.721917,0.182797804626957
2005-11-20,0,0.584867,0.149160367714755
2005-11-21,0,0.5666367,0.124965122831577
2005-11-22,0.13,0.7606092,0.111294273488447
2005-11-23,0,0.5914326,0.0975872573670798
2005-11-24,0.03,0.6131673,0.0884958300757827
2005-11-25,2.51,0.6668969,0.15411441298045
2005-11-26,0.2,0.568899,0.133745355490782
2005-11-27,2.1,0.5638723,0.174541783820168
2005-11-28,1.01,0.5914569,0.1719289308875
2005-11-29,3.98,0.6221925,0.257265990089129
2005-11-30,0.06,0.6370068,0.203462100556197
2005-12-01,0,0.5939674,0.163125539228253
2005-12-02,0,0.5795554,0.134156256733546
2005-12-03,10.96,0.6093981,0.438336928475388
2005-12-04,10.68,0.835227,0.651901678167926
2005-12-05,20.54,0.8852936,1.11488909083358
2005-12-06,0.86,0.780482,0.844318629840744
2005-12-07,0.42,0.7203354,0.637577025036164
2005-12-08,0.22,0.7266342,0.483703318337956
2005-12-09,5.11,0.6792817,0.52443816909698
2005-12-10,0,0.641126,0.396430927568942
2005-12-11,0,0.5554378,0.304841114396909
2005-12-12,0,0.4978358,0.239248090958914
2005-12-13,0.04,0.6092603,0.193444693931614
2005-12-14,0.06,0.6748322,0.161157903136381
2005-12-15,0.58,0.6955155,0.153909662257394
2005-12-16,0.39,0.6871021,0.142752992835492
2005-12-17,6.98,0.7945831,0.338919953131778
2005-12-18,4.19,0.5647568,0.393699031698284
2005-12-19,0,0.5699394,0.302737657981814
2005-12-20,2.13,0.5453842,0.303975642521532
2005-12-21,0,0.5635263,0.238533471956081
2005-12-22,0,0.5792199,0.19160764119847
2005-12-23,0.09,0.5903021,0.160702672081083
2005-12-24,0,0.6611409,0.135643029751186
2005-12-25,0,0.7195387,0.11754826264877
2005-12-26,0.06,0.689492,0.106292491698878
2005-12-27,3.57,0.5497398,0.207579236694717
2005-12-28,1.71,0.4394627,0.222177572319383
2005-12-29,0.69,0.4475311,0.200746474304677
2005-12-30,0.27,0.3878605,0.172202546746245
2005-12-31,9.99,0.4179907,0.458816055179534
2006-01-01,1.66,0.6755196,0.401386363796195
2006-01-02,3.85,0.6891219,0.430116373140976
2006-01-03,0,0.7122377,0.328671537043492
2006-01-04,0,0.5916529,0.256046155388007
2006-01-05,0,0.5178823,0.203994115708741
2006-01-06,0.59,0.5177258,0.185343898608677
2006-01-07,0,0.4401883,0.153184318153372
2006-01-08,0,0.4579959,0.130022112421801
2006-01-09,0,0.5305783,0.113284246964283
2006-01-10,0,0.4316201,0.101134079151001
2006-01-11,0,0.4481434,0.0922606002754236
2006-01-12,3.3,0.4999456,0.190575475086519
2006-01-13,0.57,0.6123654,0.174244914559256
2006-01-14,0,0.541813,0.144348689216697
2006-01-15,0,0.4790324,0.122811100511933
2006-01-16,0,0.391807,0.107241833688468
2006-01-17,0.57,0.463781,0.114036658667759
2006-01-18,18.58,0.7064641,0.702163206923818
2006-01-19,0.82,0.716875,0.549262334170906
2006-01-20,0,0.6305717,0.413460115474902
2006-01-21,2.95,0.8116945,0.412056468679836
2006-01-22,1.28,0.7315867,0.357066474852882
2006-01-23,0,0.6536101,0.276192580396004
2006-01-24,0,0.4829788,0.218253988991612
2006-01-25,0,0.4536762,0.176688621378372
2006-01-26,0.42,0.4885271,0.160442579479999
2006-01-27,0.11,0.5368626,0.138635158822524
2006-01-28,0,0.4089335,0.119311168643848
2006-01-29,0.1,0.5597329,0.108558961775302
2006-01-30,0,0.7826701,0.0974548912222173
2006-01-31,0,0.6719809,0.0893311455937209
2006-02-01,0,0.6150579,0.0833367023661719
2006-02-02,0,0.5432889,0.0788640854657128
2006-02-03,0.03,0.4630497,0.0764505198631642
2006-02-04,0,0.4412431,0.0735708001713746
2006-02-05,0,0.650513,0.0713271228059767
2006-02-06,0.5,0.6916068,0.0857095960918781
2006-02-07,0.03,0.7817963,0.0806560541754351
2006-02-08,0.45,0.7870484,0.0904451851937581
2006-02-09,2.95,0.7915451,0.178364072765614
2006-02-10,3.55,0.6819946,0.261147579799774
2006-02-11,0.36,0.7195751,0.216804023426112
2006-02-12,0,0.7037867,0.173310384085433
2006-02-13,2.59,0.6666952,0.226433522123284
2006-02-14,0.07,0.6449706,0.182437730320087
2006-02-15,0.27,0.7748904,0.157368745966453
2006-02-16,22.04,0.9732111,0.864072832130437
2006-02-17,8.62,1.034805,0.927012216085113
2006-02-18,1.93,0.9502857,0.748499101770539
2006-02-19,12.73,0.9093604,0.989344539409765
2006-02-20,1.49,0.9871904,0.780450181155359
2006-02-21,1.27,0.9610401,0.623851496958774
2006-02-22,0.92,0.8301464,0.500101005618231
2006-02-23,0.03,0.7976961,0.381327108726716
2006-02-24,0,0.7065107,0.295297784713988
2006-02-25,0,0.7650482,0.233661561757321
2006-02-26,0,0.7348837,0.189439308662507
2006-02-27,0,0.5994329,0.157649325292047
2006-02-28,0.4,0.594277,0.148337530678562
2006-03-01,3.36,0.7213423,0.242515738255031
2006-03-02,0.39,0.6346496,0.208692884534887
2006-03-03,0.54,0.6573148,0.189500935423446
2006-03-04,8.84,0.6795819,0.461323420266352
2006-03-05,0,0.5950798,0.352274855875804
2006-03-06,0.59,0.5040029,0.294501354599818
2006-03-07,2.9,0.5969318,0.332822560189631
2006-03-08,0.15,0.775813,0.265530511954216
2006-03-09,11.44,0.8606969,0.610770254091745
2006-03-10,7.09,1.154469,0.708566967549239
2006-03-11,2.47,0.9804657,0.617285738434092
2006-03-12,2.76,0.8441187,0.562634926152576
2006-03-13,0.03,0.6025251,0.427654047385613
2006-03-14,0,0.6547178,0.330006155528363
2006-03-15,0,0.7655962,0.260060399433506
2006-03-16,0,0.8944366,0.209890750615121
2006-03-17,0,0.8028612,0.173839615603363
2006-03-18,0,0.9173837,0.147868601583219
2006-03-19,0,0.9993356,0.129095095337127
2006-03-20,0,1.104287,0.115461475027863
2006-03-21,0.26,1.142912,0.114608032980352
2006-03-22,2.34,1.023736,0.186815034084356
2006-03-23,0.22,1.014172,0.164060859823967
2006-03-24,0,1.107618,0.139905546540407
2006-03-25,7.77,1.273506,0.396664710618679
2006-03-26,9.73,1.683638,0.652926806112466
2006-03-27,2.62,1.950993,0.584057273841585
2006-03-28,4.06,1.834449,0.586756505482471
2006-03-29,4.41,1.489434,0.602060563709478
2006-03-30,2.53,1.371952,0.546101989732777
2006-03-31,25.72,1.717335,1.36138339128434
2006-04-01,14.39,1.762839,1.53689500018151
2006-04-02,4.83,1.549207,1.30861776924335
2006-04-03,6.34,1.504987,1.20373460479463
2006-04-04,4.98,1.340376,1.0791443543747
2006-04-05,0,1.231758,0.802842593994235
2006-04-06,0,1.136354,0.605297090014348
2006-04-07,0,1.141842,0.463970698654254
2006-04-08,0,1.253996,0.362776459502132
2006-04-09,0,1.356024,0.290231529185479
2006-04-10,0.09,1.452778,0.241517052074482
2006-04-11,0,1.360654,0.203074193955405
2006-04-12,0,1.227348,0.175330031439287
2006-04-13,0.74,1.471256,0.182942265280465
2006-04-14,1.65,1.417903,0.222313224113323
2006-04-15,2.45,1.73055,0.280461869130742
2006-04-16,3.92,1.78059,0.377577767607352
2006-04-17,17.49,1.836359,0.967789068353748
2006-04-18,0,1.865053,0.723420054367816
2006-04-19,0,1.712098,0.54866740680242
2006-04-20,0,1.5832,0.423609858749909
2006-04-21,0,1.72232,0.3340276528508
2006-04-22,0,2.055787,0.26977074821677
2006-04-23,0,1.906578,0.223594052641897
2006-04-24,0,1.664318,0.190326015715184
2006-04-25,0,2.614495,0.166275173695688
2006-04-26,1,2.489932,0.186599339046249
2006-04-27,0.52,2.279525,0.1828006548528
2006-04-28,0,2.066842,0.160239146201115
2006-04-29,0,1.879394,0.143840175937212
2006-04-30,0,1.488974,0.131842920101357
2006-05-01,6.57,1.242226,0.371490515108083
2006-05-02,3.03,1.63297,0.409576824570985
2006-05-03,0,2.279322,0.322123519072635
2006-05-04,0,2.74471,0.259404904595069
2006-05-05,0,3.133681,0.214344738738718
2006-05-06,3.03,2.780145,0.296206273153446
2006-05-07,0.03,2.960251,0.241629496655671
2006-05-08,0,2.775521,0.201259862583502
2006-05-09,12.56,2.514195,0.6490827989435
2006-05-10,0.38,2.528348,0.507867034171243
2006-05-11,0.03,2.437027,0.393552892835607
2006-05-12,0,2.765869,0.310528492474516
2006-05-13,1.85,2.838433,0.320883054567584
2006-05-14,17.67,2.514401,0.936123242880829
2006-05-15,0,2.326371,0.699957802487504
2006-05-16,0,2.655017,0.531069343818998
2006-05-17,5.11,2.925123,0.606129094041565
2006-05-18,1.28,2.969827,0.513305780421352
2006-05-19,0.96,3.010565,0.434634230179022
2006-05-20,2.01,2.310091,0.418527640119829
2006-05-21,20.61,2.148815,1.13321772890218
2006-05-22,2.74,2.531541,0.950020029381207
2006-05-23,6.28,2.563149,0.95842103323131
2006-05-24,2.8,2.043834,0.828919963500631
2006-05-25,2.29,1.911688,0.716657982821124
2006-05-26,8.75,2.128356,0.892338253733837
2006-05-27,14.14,2.629082,1.23796749180015
2006-05-28,2.17,2.9359,1.00843871093484
2006-05-29,1.87,2.826622,0.832578595851606
2006-05-30,10.33,2.018782,1.0482052075508
2006-05-31,3.09,1.813142,0.912111997910658
2006-06-01,1.5,1.825399,0.750971232758092
2006-06-02,2.16,1.812284,0.662490323824439
2006-06-03,0,2.259227,0.512108058647995
2006-06-04,0,2.48771,0.404377357216135
2006-06-05,0,2.742347,0.327095028172211
2006-06-06,0.29,2.678804,0.283181782825999
2006-06-07,0,2.430686,0.239875307175526
2006-06-08,0,2.713694,0.208589595094508
2006-06-09,0,3.084712,0.185887959500932
2006-06-10,0,3.324333,0.169317269387472
2006-06-11,0,3.659721,0.157126452751343
2006-06-12,0,3.942612,0.148065565036521
2006-06-13,0,3.961734,0.141242364936931
2006-06-14,0,4.422082,0.13601993873851
2006-06-15,0.36,4.404413,0.146088614851265
2006-06-16,6.6,3.662155,0.399114413370209
2006-06-17,0,3.213944,0.320159924388435
2006-06-18,0,3.410493,0.263453228603001
2006-06-19,0,3.942181,0.222630382791018
2006-06-20,0.54,3.871599,0.214253868741747
2006-06-21,0,3.72498,0.186915866939034
2006-06-22,0,3.518181,0.167065612680708
2006-06-23,0.48,2.880505,0.171207720718818
2006-06-24,0,3.093686,0.155265444927385
2006-06-25,0,3.727085,0.14355856902331
2006-06-26,8.5,3.789807,0.465338881920416
2006-06-27,1.1,3.535503,0.408286874487487
2006-06-28,0,3.477216,0.324694906209994
2006-06-29,0,3.872422,0.26469792065754
2006-06-30,0.22,3.829599,0.230027552286371
2006-07-01,0,4.328485,0.196510005312393
2006-07-02,0,4.433869,0.172265302196649
2006-07-03,0,4.329465,0.154642688954271
2006-07-04,0,4.457209,0.141750035944612
2006-07-05,0,4.797611,0.132236717052804
2006-07-06,0.53,4.549896,0.145223472170626
2006-07-07,0,4.048904,0.134185138664711
2006-07-08,0.11,3.95075,0.130150891150758
2006-07-09,0.15,3.992552,0.12848276636192
2006-07-10,0,3.74398,0.121377207496509
2006-07-11,0,4.167972,0.116011527798946
2006-07-12,0,4.747865,0.11189067611787
2006-07-13,0,4.813864,0.108661257993238
2006-07-14,39.93,4.265984,1.6430098426882
2006-07-15,0,4.356479,1.20720561814616
2006-07-16,0,4.018706,0.89578925734924
2006-07-17,0,4.285995,0.673163863689397
2006-07-18,0,4.391714,0.513920472285318
2006-07-19,0,4.628929,0.399922226089232
2006-07-20,0,4.96938,0.318223071711339
2006-07-21,0,5.001661,0.25958213229262
2006-07-22,0,5.331844,0.217403272423402
2006-07-23,2.51,4.568414,0.281213635860417
2006-07-24,0.1,4.465701,0.236335095040862
2006-07-25,0,4.750831,0.200256826162817
2006-07-26,0,5.349794,0.17419177007305
2006-07-27,0,5.65498,0.155277202351611
2006-07-28,0.03,4.900592,0.142577689795955
2006-07-29,0.55,3.810304,0.152379102198413
2006-07-30,0,3.927917,0.138883651086903
2006-07-31,0.68,3.800787,0.153906497706673
2006-08-01,0.81,3.653794,0.169157584909744
2006-08-02,4.81,3.003323,0.326889507082759
2006-08-03,10.41,2.675501,0.648775827224966
2006-08-04,0.33,2.578596,0.506431880756616
2006-08-05,18.72,2.739754,1.09594148737305
2006-08-06,1.75,3.501988,0.881417156641813
2006-08-07,0.03,3.528031,0.663618959544649
2006-08-08,0,3.567246,0.506705578296638
2006-08-09,0,3.291851,0.394374463003386
2006-08-10,0.62,2.788448,0.336969947818712
2006-08-11,1.96,2.521464,0.345710266330729
2006-08-12,10.29,2.316128,0.66553693602765
2006-08-13,2.22,2.329921,0.5918822394429
2006-08-14,0,2.424958,0.455848519093446
2006-08-15,3.32,2.519591,0.483227693706909
2006-08-16,4.86,2.672488,0.561361302604814
2006-08-17,0.52,2.662792,0.453899497996627
2006-08-18,4.93,3.122262,0.543473883194249
2006-08-19,4.55,3.004925,0.593885912986529
2006-08-20,2.29,2.870884,0.544738096190949
2006-08-21,2.98,2.601081,0.535908328905568
2006-08-22,4.1,2.593484,0.572496099941259
2006-08-23,0,2.549566,0.443213865818916
2006-08-24,0,2.728572,0.350590397506597
2006-08-25,19.03,2.385486,1.01604366822012
2006-08-26,10.92,2.386554,1.18535912065544
2006-08-27,0.5,2.413896,0.903333901602087
2006-08-28,1.12,2.515089,0.725726143280786
2006-08-29,11.05,2.100826,0.987081709579244
2006-08-30,4.72,1.925744,0.928278581089089
2006-08-31,0,2.002639,0.70169922758752
2006-09-01,0,2.103298,0.539580592378829
2006-09-02,0,2.585042,0.42347760987691
2006-09-03,0,2.825362,0.340224223402904
2006-09-04,2.85,3.081168,0.391483039956781
2006-09-05,0,3.064568,0.317087184011127
2006-09-06,0,2.807721,0.263610911151546
2006-09-07,0,3.035901,0.225070649681646
2006-09-08,0,2.618402,0.197195311987439
2006-09-09,0,2.175367,0.176936175539919
2006-09-10,0,2.246124,0.162117037787107
2006-09-11,0,2.530095,0.151184498022963
2006-09-12,0,2.718208,0.143029709517346
2006-09-13,0,2.874105,0.136861146850623
2006-09-14,0,2.895916,0.132113787710278
2006-09-15,0,2.747738,0.128384287194128
2006-09-16,0,2.73487,0.125384705467421
2006-09-17,0,2.40794,0.122909478734463
2006-09-18,0,2.678368,0.12081184323859
2006-09-19,1.43,2.399691,0.17334406692915
2006-09-20,0,2.083848,0.15637944296687
2006-09-21,0.1,2.081233,0.147738051696866
2006-09-22,0,2.278032,0.137473930673567
2006-09-23,0,2.649146,0.129830388038555
2006-09-24,0,2.621812,0.124060543871848
2006-09-25,0.7,2.68054,0.146009058712594
2006-09-26,0.71,2.27936,0.161829312085811
2006-09-27,0.19,2.122584,0.153336487422899
2006-09-28,0,1.876615,0.139854323621319
2006-09-29,0,1.930407,0.129929753193859
2006-09-30,0,2.025467,0.122547560599192
2006-10-01,14.33,1.997627,0.660411060717185
2006-10-02,5.45,2.178683,0.710251050247417
2006-10-03,0.88,1.950745,0.572391557953337
2006-10-04,17.49,1.766855,1.11589813566762
2006-10-05,0.27,1.603188,0.841113500012752
2006-10-06,0.8,1.547164,0.665124084036878
2006-10-07,11.91,1.874038,0.972491312874137
2006-10-08,2.73,1.649406,0.835888509190513
2006-10-09,0,1.301947,0.631937509901283
2006-10-10,0,1.510334,0.486008675542777
2006-10-11,0.76,1.916001,0.411083868752247
2006-10-12,0,1.654135,0.327795201291913
2006-10-13,0.04,1.797016,0.269557402019048
2006-10-14,0,2.025724,0.226103217695595
2006-10-15,0,1.731451,0.194752145520967
2006-10-16,0,1.520572,0.172043533132027
2006-10-17,0,1.403569,0.155507147122753
2006-10-18,0,1.310002,0.143379711752516
2006-10-19,0,1.485701,0.134402575334694
2006-10-20,2.51,1.616091,0.224686288347328
2006-10-21,4.67,1.776714,0.373261774248068
2006-10-22,1.89,1.745203,0.371989905371324
2006-10-23,3.34,1.81631,0.427558006790751
2006-10-24,20.27,1.930539,1.13924211567986
2006-10-25,17.22,1.529007,1.53955572719494
2006-10-26,0,1.412991,1.13670062465031
2006-10-27,0,1.708703,0.848770149509559
2006-10-28,0,1.780439,0.642876146354225
2006-10-29,0.09,1.708365,0.499139547141073
2006-10-30,0.48,1.634229,0.411764704643144
2006-10-31,0,1.140033,0.329945986275052
2006-11-01,1.2,1.082988,0.319091569220349
2006-11-02,1.82,0.964431,0.336008462844384
2006-11-03,0.79,0.7605854,0.306872808875508
2006-11-04,0,0.8545902,0.254276286961715
2006-11-05,0,0.9481588,0.216384224478777
2006-11-06,0,0.9193982,0.188991604474074
2006-11-07,0,0.9116619,0.169096867393304
2006-11-08,0,0.8268558,0.154557477403635
2006-11-09,0.03,0.9273551,0.145038969629344
2006-11-10,1.1,1.114316,0.1805476185585
2006-11-11,0.03,0.7095165,0.163111562927592
2006-11-12,4.32,0.8355081,0.3217669553621
2006-11-13,1.85,0.9514834,0.336769263176442
2006-11-14,3.29,1.053415,0.405350224364014
2006-11-15,3.65,1.315407,0.469297903054063
2006-11-16,0,1.285559,0.368515138375015
2006-11-17,0.51,1.270585,0.316716522804623
2006-11-18,8.25,1.187549,0.592395418088534
2006-11-19,0.66,0.9402765,0.483492131697755
2006-11-20,16.94,0.9359483,1.07336403314287
2006-11-21,17.59,0.881795,1.53438764403203
2006-11-22,8.55,0.9763085,1.49230690725371
2006-11-23,1.98,0.8075814,1.18814039584755
2006-11-24,25.38,1.083009,1.97548052634912
2006-11-25,5.27,1.135842,1.6805847662928
2006-11-26,4.58,1.407379,1.44148369507915
2006-11-27,0.34,1.056545,1.08823880360644
2006-11-28,0,0.9674931,0.82104797521004
2006-11-29,0.38,1.02429,0.646262049555184
2006-11-30,0.03,0.9460962,0.506052177824439
2006-12-01,0.24,0.7327512,0.414585448112498
2006-12-02,0,0.8916934,0.338580940206442
2006-12-03,0.1,0.8705289,0.288207096807676
2006-12-04,13.13,1.051893,0.818134365423675
2006-12-05,16.38,1.016901,1.34895598505576
2006-12-06,4.6,1.272633,1.21224379466127
2006-12-07,2.19,0.9761119,1.00869635980511
2006-12-08,10.81,0.8848088,1.24857138530444
2006-12-09,13.83,0.9940333,1.56266508975063
2006-12-10,2.41,0.7947422,1.27424599561514
2006-12-11,0,0.6095968,0.959512795215534
2006-12-12,3.54,0.7145317,0.894513767175418
2006-12-13,2.2,0.7840955,0.78778222544222
2006-12-14,0.15,0.779254,0.618642090891384
2006-12-15,0,0.8028575,0.490655096852611
2006-12-16,0,0.5791272,0.398812563910693
2006-12-17,3.97,0.706076,0.512890109708679
2006-12-18,0,0.6121042,0.414453556269597
2006-12-19,0.22,0.6152815,0.353686209086751
2006-12-20,0,0.632099,0.299901810085722
2006-12-21,0,0.5945614,0.261040939543492
2006-12-22,0,0.7432586,0.232837079335913
2006-12-23,0,0.6758961,0.212244758748157
2006-12-24,0,0.6088232,0.197090086588206
2006-12-25,0,0.6640194,0.185821302314058
2006-12-26,0,0.5150117,0.177330720358282
2006-12-27,0,0.5376472,0.170827634649468
2006-12-28,0,0.5005325,0.165747598331341
2006-12-29,0.03,0.5033704,0.163042697930815
2006-12-30,0,0.5271747,0.159332866654839
2006-12-31,19.35,0.668015,1.04352136772454
2007-01-01,10,0.9901223,1.252527391207
2007-01-02,13.94,0.8833843,1.59205077912241
2007-01-03,5.28,0.7147818,1.43313387823745
2007-01-04,0.43,0.7655866,1.09289067802099
2007-01-05,3.81,0.8574706,1.00845658539284
2007-01-06,2.04,0.8818367,0.865369486082849
2007-01-07,10.9,1.043456,1.18393063773288
2007-01-08,0,0.9019123,0.896173965035536
2007-01-09,11.59,0.9696581,1.24411034149079
2007-01-10,2.4,1.184793,1.05517567791455
2007-01-11,3.14,1.032169,0.955934011338062
2007-01-12,5.24,0.8568484,0.986728997698068
2007-01-13,0.17,0.9369128,0.765348676933294
2007-01-14,0.44,1.086821,0.619810794760875
2007-01-15,0.56,0.8524475,0.521257388683321
2007-01-16,0,0.5613311,0.423594924407643
2007-01-17,0.07,0.7308876,0.356734764203826
2007-01-18,17.2,1.040246,1.14163246180615
2007-01-19,41.8,1.22803,2.96543726009912
2007-01-20,6.31,1.233655,2.49589596690041
2007-01-21,3.89,1.134227,2.03995015784809
2007-01-22,3.07,0.8719943,1.67355303119552
2007-01-23,0,0.7245337,1.25677705406944
2007-01-24,0.04,0.5394815,0.960689289459422
2007-01-25,0,0.536026,0.746720017241927
2007-01-26,0,0.4866848,0.593385695047063
2007-01-27,0.05,0.4556527,0.485862659666132
2007-01-28,0.6,0.6817537,0.436299230787806
2007-01-29,0.06,0.7300378,0.373192889974893
2007-01-30,0.43,0.8509507,0.346245974672292
2007-01-31,0,0.9172454,0.304827511689104
2007-02-01,0,0.8697195,0.274692038404693
2007-02-02,0,0.9545065,0.252615976203562
2007-02-03,0.03,1.060443,0.237808285641438
2007-02-04,0,0.8533794,0.225180381473141
2007-02-05,0,0.7802819,0.215617728290791
2007-02-06,0.33,0.6552955,0.224838251285216
2007-02-07,4.15,0.6837842,0.423551734355542
2007-02-08,1.45,0.6847117,0.42965043770232
2007-02-09,14.03,0.7375471,1.07546303044734
2007-02-10,0.84,0.8752164,0.866754946548012
2007-02-11,3.53,0.9397408,0.854829531381748
2007-02-12,14.81,1.077894,1.43026586233768
2007-02-13,14,1.083452,1.80873477266352
2007-02-14,2.96,1.002059,1.50645349231684
2007-02-15,14.92,0.9533609,1.92265029878448
2007-02-16,0,1.003201,1.43594445277237
2007-02-17,0,0.856263,1.08790623613724
2007-02-18,0,0.8881834,0.838854686264916
2007-02-19,0,0.9038812,0.6604656189738
2007-02-20,0,0.9381504,0.532521276595994
2007-02-21,0,0.9226408,0.440590238947418
2007-02-22,1.18,0.8813277,0.436363614633146
2007-02-23,0,1.099098,0.371011741321711
2007-02-24,1.7,1.224402,0.413063747856441
2007-02-25,10.63,1.228775,0.915777894243067
2007-02-26,14.7,1.117206,1.49928507562936
2007-02-27,4.83,1.088919,1.39187741605608
2007-02-28,4.38,1.058435,1.29210664329653
2007-03-01,11.6,1.29858,1.61354433515703
2007-03-02,21.1,1.217096,2.37501974859389
2007-03-03,2.25,1.059463,1.88849068825259
2007-03-04,10.66,1.1775,2.00679008574591
2007-03-05,0,1.132171,1.50359199827887
2007-03-06,3.15,1.288491,1.31796794098868
2007-03-07,13.12,1.25329,1.74308564534256
2007-03-08,6.91,1.190425,1.70393137747912
2007-03-09,0,1.075671,1.28981329028437
2007-03-10,3.84,0.9890859,1.208846865363
2007-03-11,0,1.10021,0.935843788287773
2007-03-12,0,1.122617,0.740252634571765
2007-03-13,0,1.163444,0.599924976722674
2007-03-14,0,1.222282,0.499051279316452
2007-03-15,0,1.334261,0.426346685043397
2007-03-16,0,1.247331,0.373756035576955
2007-03-17,0,1.187288,0.335529520314
2007-03-18,0.26,1.302366,0.322057932084052
2007-03-19,9.03,1.262067,0.803500621021627
2007-03-20,2.67,0.9292095,0.792211139812653
2007-03-21,2.65,0.9419255,0.783136528659052
2007-03-22,2.95,0.9950124,0.793669608579665
2007-03-23,3.41,0.9648929,0.827395871035879
2007-03-24,1.67,1.007223,0.753530625450948
2007-03-25,0.7,1.132908,0.64578973159227
2007-03-26,0.42,1.37928,0.552564608863006
2007-03-27,0,1.620343,0.461775905035281
2007-03-28,0,1.48899,0.396304298441886
2007-03-29,0.59,1.497669,0.382074905338835
2007-03-30,2.19,1.519264,0.461402430743115
2007-03-31,1.49,1.430789,0.478515684698521
2007-04-01,4.1,1.46369,0.637666092636508
2007-04-02,0,1.787156,0.520502113462453
2007-04-03,0,1.808416,0.436223925314771
2007-04-04,0.17,1.409192,0.384977003640489
2007-04-05,0,1.420167,0.338250365791892
2007-04-06,0,1.52033,0.304268735619018
2007-04-07,0,1.795482,0.279390665892178
2007-04-08,0,1.578328,0.261016843612563
2007-04-09,0,1.574736,0.247291827901562
2007-04-10,0,1.7514,0.236891151617406
2007-04-11,0,1.757233,0.22886935528066
2007-04-12,0,1.876821,0.222551514253596
2007-04-13,0,2.341811,0.217455811241291
2007-04-14,0,2.551093,0.213238268827159
2007-04-15,0,2.840632,0.209653299758097
2007-04-16,0,2.793692,0.206525547880108
2007-04-17,0,2.670284,0.203729788298003
2007-04-18,0.11,2.251117,0.207245782738776
2007-04-19,0.13,1.719758,0.210324231979101
2007-04-20,0,1.770438,0.204838154285197
2007-04-21,0.04,1.881214,0.20258022314069
2007-04-22,0.03,1.832928,0.199889216388773
2007-04-23,0,2.150896,0.195795969800807
2007-04-24,0,2.509893,0.192348275201584
2007-04-25,0.07,3.020765,0.19319323979421
2007-04-26,0,3.271975,0.189469575776444
2007-04-27,0.06,2.898417,0.189568320146173
2007-04-28,0.13,2.844012,0.192946168061166
2007-04-29,0.27,2.757627,0.202472912789987
2007-04-30,0.03,2.695275,0.195806885310135
2007-05-01,0.12,2.543535,0.195430336141035
2007-05-02,0.38,2.52194,0.20874026839828
2007-05-03,0.42,2.378257,0.219975162181614
2007-05-04,0.04,2.31667,0.207097707787087
2007-05-05,2.18,2.334802,0.312768077125938
2007-05-06,0,2.98098,0.270715936128004
2007-05-07,0.03,2.799354,0.241840150247364
2007-05-08,13.9,2.359743,0.971817535138282
2007-05-09,1.7,2.432111,0.834812709668532
2007-05-10,16.27,2.296554,1.53446155764596
2007-05-11,0,2.832992,1.14739633120452
2007-05-12,1.85,2.430684,0.971539747744569
2007-05-13,7.03,2.432104,1.12986700049771
2007-05-14,12.83,2.564849,1.5666735062285
2007-05-15,2.6,2.491665,1.31659025099853
2007-05-16,3.76,2.153939,1.20237568876289
2007-05-17,16.22,2.091313,1.81836580935057
2007-05-18,6.62,2.256397,1.72674085438597
2007-05-19,0.03,2.471938,1.29343813748687
2007-05-20,1.88,2.900028,1.086890104766
2007-05-21,4.18,3.202664,1.06795645045039
2007-05-22,0,3.571619,0.821151646288285
2007-05-23,0,3.647683,0.644400587739332
2007-05-24,0,3.439071,0.517659400397298
2007-05-25,0,3.89349,0.42662078466101
2007-05-26,1.06,4.039923,0.419674043965666
2007-05-27,6.98,3.436336,0.742715923929629
2007-05-28,5.02,2.637963,0.866164756689252
2007-05-29,1.49,2.297534,0.758769345522073
2007-05-30,0.6,2.112245,0.632436913102118
2007-05-31,1.34,2.319103,0.582826421958579
2007-06-01,1.79,2.886993,0.572034881813811
2007-06-02,20.56,2.596715,1.61839856092604
2007-06-03,0,3.345914,1.21599192655347
2007-06-04,0,3.388029,0.928153686726696
2007-06-05,0,3.557964,0.722099897660368
2007-06-06,0,3.826997,0.574429444074486
2007-06-07,0,4.307184,0.46843863911242
2007-06-08,3.94,4.445396,0.610654827971075
2007-06-09,29.31,4.069629,2.14795715345465
2007-06-10,10.6,4.046522,2.19840439859367
2007-06-11,0.26,3.653285,1.64995684572783
2007-06-12,0,3.829153,1.24317350306252
2007-06-13,0,3.68477,0.952165087752979
2007-06-14,0.07,3.548856,0.747735509204387
2007-06-15,4.72,3.792321,0.862664289370129
2007-06-16,1.56,3.390762,0.767364117200935
2007-06-17,2.44,2.987031,0.748459440601302
2007-06-18,2.19,3.351696,0.720773260532215
2007-06-19,1.94,3.590299,0.686744825423809
2007-06-20,0,4.275302,0.553489334346351
2007-06-21,5.57,3.97617,0.769628309494504
2007-06-22,1.22,3.414429,0.680884994776675
2007-06-23,7.81,2.879175,0.987257857643485
2007-06-24,15.35,2.890103,1.63774711963345
2007-06-25,16.25,3.422012,2.16409270328673
2007-06-26,12.71,2.821688,2.34565032961932
2007-06-27,12.36,2.464177,2.46218375269226
2007-06-28,0.24,2.467374,1.84585861457899
2007-06-29,6.39,2.686004,1.76174676332857
2007-06-30,2.92,2.81332,1.50137592753774
2007-07-01,0.47,3.224695,1.17339068684111
2007-07-02,0,3.444295,0.911447901660104
2007-07-03,4.74,3.087645,0.997801146448231
2007-07-04,19.89,2.581028,1.94920469148787
2007-07-05,6.38,2.61873,1.84299414821327
2007-07-06,6.2,2.754533,1.75822948309331
2007-07-07,2.8,2.981329,1.49855228481932
2007-07-08,0,2.818891,1.14848837871873
2007-07-09,0.54,3.114996,0.929468822954002
2007-07-10,2.31,2.686867,0.87616008985657
2007-07-11,0.5,2.718639,0.731828142500828
2007-07-12,0.93,2.523867,0.653257766767082
2007-07-13,0.56,2.937147,0.574966121734311
2007-07-14,0.13,4.014497,0.493352014343603
2007-07-15,0,4.531443,0.426813288756615
2007-07-16,0,5.0155,0.378578910664957
2007-07-17,0,4.6067,0.343417427618483
2007-07-18,1.56,3.865216,0.407467749854491
2007-07-19,0,3.681824,0.362958734899977
2007-07-20,4.52,3.436576,0.590500012688279
2007-07-21,10.41,3.519786,1.09496444638591
2007-07-22,0,3.150485,0.855038882228232
2007-07-23,0,3.138306,0.683053541389288
2007-07-24,1.98,2.684003,0.673526650017207
2007-07-25,3.09,3.013151,0.730389676370018
2007-07-26,0,3.201598,0.593113777822842
2007-07-27,0,3.529157,0.494416147782756
2007-07-28,0,3.510686,0.423262577700084
2007-07-29,7.5,3.272223,0.802014159720529
2007-07-30,4.42,2.760532,0.89704356867395
2007-07-31,0,2.544953,0.711331879868247
2007-08-01,0,2.506059,0.578068279968508
2007-08-02,0,2.93718,0.482248893429886
2007-08-03,4.35,3.03917,0.662010297630576
2007-08-04,0,3.266202,0.541798948571661
2007-08-05,0,3.353098,0.45530674320554
2007-08-06,0,3.860483,0.392889927007621
2007-08-07,6.47,3.64281,0.71611928845721
2007-08-08,0.32,3.062259,0.597398648036357
2007-08-09,0.88,2.778073,0.54383446339522
2007-08-10,4.67,2.509406,0.720772164697126
2007-08-11,1.23,3.238931,0.651742675459324
2007-08-12,0,3.401731,0.532212194937404
2007-08-13,2.2,3.156409,0.570873487005792
2007-08-14,0,3.074136,0.473670958130626
2007-08-15,0.62,3.234817,0.438635124354689
2007-08-16,17.63,3.471575,1.38323721349623
2007-08-17,1.03,2.780097,1.11444441544542
2007-08-18,0.17,2.514845,0.873147530003911
2007-08-19,0,2.505285,0.690608925612879
2007-08-20,6.46,2.754937,0.927407877549423
2007-08-21,4.96,2.387256,1.01239106210544
2007-08-22,3.36,2.638337,0.982386881000467
2007-08-23,26.28,2.428957,2.29349004028443
2007-08-24,0.19,2.840125,1.72165584824479
2007-08-25,0,3.021453,1.30179745667054
2007-08-26,0,3.296874,1.0013823956369
2007-08-27,0,3.230543,0.786232682890878
2007-08-28,0,2.847615,0.631952131967915
2007-08-29,0,2.279299,0.521126766295275
2007-08-30,0,2.469016,0.441326485259397
2007-08-31,0,2.286143,0.383678660923648
2007-09-01,0,2.66167,0.341849976701968
2007-09-02,0.03,2.598874,0.31302987691905
2007-09-03,0,2.415577,0.290088407021048
2007-09-04,8.24,2.22065,0.744042607253615
2007-09-05,1.19,1.870173,0.66632538589962
2007-09-06,0.28,1.809521,0.558449428793238
2007-09-07,0.27,2.387941,0.480259359246012
2007-09-08,0.13,2.371202,0.415862235481289
2007-09-09,0,2.38547,0.361875035911503
2007-09-10,0,2.283628,0.322695209701993
2007-09-11,1.23,1.880311,0.363881080735287
2007-09-12,0.03,2.055126,0.324840012751859
2007-09-13,0,2.068384,0.294651675981515
2007-09-14,0,1.953667,0.272481688482288
2007-09-15,0,2.049237,0.256041324366259
2007-09-16,0,2.215427,0.243696838714606
2007-09-17,0,2.000933,0.234282010174247
2007-09-18,0.77,2.077052,0.270281200267284
2007-09-19,1.61,1.658407,0.342820655620599
2007-09-20,0,1.417313,0.303800488068682
2007-09-21,0,1.713372,0.275362868531815
2007-09-22,0,1.715962,0.254484826457183
2007-09-23,0,1.948336,0.239008519413005
2007-09-24,0,2.258395,0.227393630747644
2007-09-25,3.34,2.001274,0.405566343886936
2007-09-26,0,1.654806,0.345917906528058
2007-09-27,0.81,1.47894,0.348074349953619
2007-09-28,17.91,1.520576,1.31681719668343
2007-09-29,1.98,1.556552,1.11099231378755
2007-09-30,1.31,1.601824,0.926029669216057
2007-10-01,0.11,1.821827,0.725832273569498
2007-10-02,0,1.911037,0.576161037154494
2007-10-03,0,2.339129,0.468751315104653
2007-10-04,0.03,2.279755,0.393201643497504
2007-10-05,0,2.271092,0.337029515573983
2007-10-06,0,1.800353,0.296375950388775
2007-10-07,0,1.587189,0.266805003543695
2007-10-08,0,1.40789,0.245150259822286
2007-10-09,0,1.407783,0.229151489724196
2007-10-10,1.44,1.478465,0.297802499005502
2007-10-11,5.62,1.565396,0.581492765128035
2007-10-12,0,1.412938,0.469234265902029
2007-10-13,0,1.420557,0.388568211082561
2007-10-14,0,1.411482,0.330458035736744
2007-10-15,0,1.321315,0.288453421077151
2007-10-16,0.03,1.332127,0.259626964393739
2007-10-17,0,1.514491,0.236865226329657
2007-10-18,1.71,1.321046,0.315630283300492
2007-10-19,0,1.195626,0.276210083493894
2007-10-20,0,0.9941499,0.247567940458563
2007-10-21,0,0.9254265,0.226624126065974
2007-10-22,0.83,0.8711892,0.257454833437262
2007-10-23,0,0.9185676,0.232884623401017
2007-10-24,0,0.914166,0.214860171379674
2007-10-25,0,0.9609404,0.201512872510995
2007-10-26,0,1.148504,0.191508875960209
2007-10-27,0,1.144724,0.183896036786327
2007-10-28,0,1.122187,0.177994670752963
2007-10-29,0,1.059696,0.173319575516892
2007-10-30,15.28,1.071194,1.02593489860124
2007-10-31,0.77,1.080656,0.824271954104408
2007-11-01,0,0.8699238,0.636866329983637
2007-11-02,0,0.9150839,0.502616611852508
2007-11-03,0.17,1.325481,0.415823187204861
2007-11-04,0.06,1.380964,0.347282223879869
2007-11-05,0,1.182654,0.294551597027514
2007-11-06,0,1.052429,0.256450619441843
2007-11-07,4.39,0.9893813,0.474393541945151
2007-11-08,0.33,0.9550949,0.403356940402317
2007-11-09,9.78,1.100047,0.884056786483516
2007-11-10,9.4,0.776849,1.21072012293476
2007-11-11,3.16,0.8975085,1.09268192320453
2007-11-12,2.27,1.04977,0.958323102650698
2007-11-13,0.07,0.7597936,0.737621765430761
2007-11-14,4.77,0.7299483,0.846920216109744
2007-11-15,0.53,0.7116808,0.68440585341401
2007-11-16,0.07,0.6309774,0.541872696608441
2007-11-17,0,0.5476907,0.435681009163869
2007-11-18,0,0.6117775,0.359397630947542
2007-11-19,0,0.6262208,0.304467485851124
2007-11-20,8.54,0.6702339,0.752325373434939
2007-11-21,4.12,0.8734195,0.821696400116858
2007-11-22,7.4,0.9561988,1.06121706054864
2007-11-23,0,1.021733,0.808141640877926
2007-11-24,1.51,0.9140477,0.713756657016259
2007-11-25,0,0.6137285,0.559477880990996
2007-11-26,1.24,0.7302099,0.520105632855548
2007-11-27,2.09,0.7178354,0.540752484783674
2007-11-28,1.41,0.7513988,0.516417764152236
2007-11-29,0,0.6026742,0.4177568289339
2007-11-30,1.29,0.5585133,0.421082123295075
2007-12-01,0.28,0.7762789,0.365146271710603
2007-12-02,12.38,0.8895213,1.02644878870484
2007-12-03,32.79,0.946073,2.72465504654427
2007-12-04,8.94,0.8325739,2.53483063355415
2007-12-05,4.38,0.7837103,2.13008750576496
2007-12-06,3.72,1.008369,1.80266731164311
2007-12-07,11.21,0.9921537,2.02143541480711
2007-12-08,12.32,0.9966976,2.25194696529778
2007-12-09,8.2,0.7202448,2.17154626427598
2007-12-10,15.1,0.8409903,2.54416542827053
2007-12-11,2.89,0.8034015,2.06303087425613
2007-12-12,1.83,0.7235334,1.65447643132804
2007-12-13,0,0.654707,1.24991922029918
2007-12-14,0,0.7352492,0.96046495793778
2007-12-15,0,0.5655723,0.75317751061998
2007-12-16,0,0.5305481,0.604547122592195
2007-12-17,0,0.4869337,0.497792551976361
2007-12-18,0,0.4699497,0.420935345550118
2007-12-19,0,0.480215,0.365425263292179
2007-12-20,0,0.4960719,0.325159111565538
2007-12-21,0,0.4392978,0.295780389912731
2007-12-22,0,0.384399,0.274179381555506
2007-12-23,0.14,0.345081,0.266728983224903
2007-12-24,0,0.3718117,0.252234781536507
2007-12-25,0,0.407578,0.241276491553076
2007-12-26,0,0.4069361,0.232848185892574
2007-12-27,1.87,0.4828996,0.341021479538595
2007-12-28,0.42,0.6035321,0.329093275333602
2007-12-29,0.32,0.6235852,0.313948476358833
2007-12-30,4.16,0.6364212,0.538849218189535
2007-12-31,1.4,0.6876386,0.530120084367659
2008-01-01,0.03,0.621906,0.43934953401795
2008-01-02,0.03,0.58448,0.373979393448752
2008-01-03,0,0.4672828,0.324901687819322
2008-01-04,1.14,0.5013281,0.359400852096108
2008-01-05,0,0.5589762,0.313636507454441
2008-01-06,16.79,0.7875598,1.3230089815573
2008-01-07,1.87,0.6959366,1.12074697060046
2008-01-08,3.27,0.788749,1.06356277636654
2008-01-09,0.68,0.7426555,0.861769927965284
2008-01-10,4.06,0.6748454,0.928202597663703
2008-01-11,5.15,0.8309017,1.04490149121769
2008-01-12,13.18,1.036875,1.63731630621869
2008-01-13,0.61,0.7670174,1.27087997680985
2008-01-14,0,0.6155949,0.970410488323522
2008-01-15,3.38,0.6886255,0.96853710480718
2008-01-16,8.38,0.8901357,1.28531059524759
2008-01-17,13.9,0.8797913,1.86983319938005
2008-01-18,8.22,0.8656537,1.92950354467621
2008-01-19,2.91,0.9967545,1.63302918120378
2008-01-20,0.95,1.172118,1.29555257570677
2008-01-21,0.28,1.128609,1.0111808081742
2008-01-22,3.37,1.014853,1.00627678708382
2008-01-23,5.01,0.8115083,1.10923388873739
2008-01-24,0,0.6427591,0.860438859670417
2008-01-25,0.79,0.7812077,0.733067890222276
2008-01-26,0.03,0.6253767,0.59271733210559
2008-01-27,0,0.7022861,0.489942692377108
2008-01-28,0,0.7244935,0.415920461959137
2008-01-29,0,0.797089,0.362428149466451
2008-01-30,0,0.6987271,0.323596506433821
2008-01-31,2.18,0.6267238,0.435511706141404
2008-02-01,5.25,0.6489212,0.713810564615616
2008-02-02,21.52,0.7490634,1.98042851630652
2008-02-03,0.1,0.6599474,1.49010297530091
2008-02-04,0,0.6299449,1.13291302078825
2008-02-05,9.06,0.8294688,1.47165690603248
2008-02-06,20.58,0.895276,2.48671904003741
2008-02-07,12.38,1.021215,2.67729680102333
2008-02-08,0.03,0.6629166,1.99077869126815
2008-02-09,0,0.70842,1.49797942510756
2008-02-10,0,0.7958283,1.14545901042253
2008-02-11,0,0.8152787,0.893076661160877
2008-02-12,0,0.9415926,0.712179959878649
2008-02-13,0,0.8856408,0.582316844348975
2008-02-14,0,0.6740624,0.488888635912985
2008-02-15,0.03,0.6989262,0.423471570252483
2008-02-16,0,0.7226058,0.374070414163477
2008-02-17,0,0.6552571,0.338097113100436
2008-02-18,0,0.6777739,0.311715604362955
2008-02-19,0,0.7049456,0.292187651058471
2008-02-20,0,0.7162226,0.277558640933828
2008-02-21,2.6,0.7442772,0.439299472875614
2008-02-22,0,0.9790944,0.381904741725525
2008-02-23,0,1.192035,0.340259952861866
2008-02-24,0,1.185586,0.309864113912776
2008-02-25,0,1.000129,0.287504367039728
2008-02-26,2.12,1.201867,0.411529345796476
2008-02-27,4.58,1.285197,0.663750610788588
2008-02-28,0,1.055688,0.539947528523689
2008-02-29,7.64,1.104381,0.960326891804677
2008-03-01,13.98,1.297897,1.69140471901032
2008-03-02,14.51,1.311042,2.25939920232505
2008-03-03,2.27,1.317964,1.83977658795706
2008-03-04,3.79,1.144552,1.64344997465351
2008-03-05,6.18,0.8297875,1.6669771277311
2008-03-06,0.06,0.8047804,1.26845407643092
2008-03-07,0,0.7896094,0.979189340934784
2008-03-08,0,1.051532,0.771982773117413
2008-03-09,0,1.079973,0.62335625121495
2008-03-10,1.3,1.173151,0.604778388665174
2008-03-11,8.65,1.125538,1.09250235214275
2008-03-12,25.72,1.241975,2.63019956952408
2008-03-13,7.3,1.291372,2.46296970482386
2008-03-14,3.1,1.175764,2.05385969519833
2008-03-15,4.6,1.423751,1.86656767533097
2008-03-16,1.99,1.509442,1.55193079225036
2008-03-17,13.68,1.393486,2.14650959576269
2008-03-18,1.12,1.11256,1.6945980708473
2008-03-19,0.21,1.005028,1.30779343153991
2008-03-20,1.11,0.9537075,1.09390593246749
2008-03-21,3.96,0.9723478,1.1406089688426
2008-03-22,14.98,1.012238,1.95473944414001
2008-03-23,4.63,0.9656111,1.80893522968416
2008-03-24,0,0.8544,1.37767070502506
2008-03-25,4.28,0.8129117,1.37227598200799
2008-03-26,0.83,0.8733795,1.12431769029187
2008-03-27,1.44,1.075798,0.989948714155269
2008-03-28,7.23,1.047708,1.3056344902098
2008-03-29,5.79,1.253853,1.43080578018499
2008-03-30,0,1.425041,1.10828382993261
2008-03-31,3.51,1.584664,1.12739981352387
2008-04-01,2.08,1.558716,1.03929846697836
2008-04-02,0,1.373512,0.827867731152044
2008-04-03,0,1.468333,0.676097493540031
2008-04-04,0,1.390292,0.566921130261922
2008-04-05,0.03,1.42444,0.490287832235843
2008-04-06,3.9,1.377234,0.710074358596746
2008-04-07,7.38,1.111414,1.11658410843859
2008-04-08,2.31,0.9883765,1.04628094868613
2008-04-09,0,1.064545,0.830941481255727
2008-04-10,3.14,1.20845,0.900741833886735
2008-04-11,0,1.40786,0.726304415435867
2008-04-12,0.28,1.507517,0.620938366715834
2008-04-13,0.58,1.357282,0.566369126825415
2008-04-14,8.4,1.536396,1.08646572594664
2008-04-15,14.78,1.365623,1.92346269537193
2008-04-16,0.69,1.375489,1.50892071811427
2008-04-17,0,1.221062,1.16266503934977
2008-04-18,0,1.254604,0.914661394566259
2008-04-19,0.03,1.742833,0.738953535683738
2008-04-20,3.74,1.660896,0.87954146317063
2008-04-21,0,1.951244,0.711170472794195
2008-04-22,0.26,2.048953,0.608818622829051
2008-04-23,0,2.174279,0.516362214792977
2008-04-24,5.04,2.025521,0.811256299634991
2008-04-25,1.65,2.074031,0.779078408644775
2008-04-26,0,1.909961,0.637410935639247
2008-04-27,0.03,2.157325,0.537630921601427
2008-04-28,0.03,2.335531,0.465616802198484
2008-04-29,11.5,2.059992,1.23717541834437
2008-04-30,4.31,1.869742,1.27447393569017
2008-05-01,3.17,1.863719,1.2197044737061
2008-05-02,1.36,1.690947,1.05047304569153
2008-05-03,0,2.075866,0.83144580775408
2008-05-04,0,2.265371,0.67429676714357
2008-05-05,0,2.499134,0.561324154938324
2008-05-06,0,2.454337,0.479892435548043
2008-05-07,0,2.760771,0.420982332540913
2008-05-08,0,2.772447,0.378155842502842
2008-05-09,0,2.752635,0.346817465799547
2008-05-10,0,2.856082,0.323686875854353
2008-05-11,0.19,3.075909,0.3198923739579
2008-05-12,0.15,2.946628,0.313637687087122
2008-05-13,0.04,2.949599,0.300686544158148
2008-05-14,0,3.09572,0.287895094134403
2008-05-15,2.7,3.083371,0.468336726397101
2008-05-16,1.65,2.917915,0.523077712214589
2008-05-17,3.85,3.028585,0.716894602499636
2008-05-18,6.12,2.639001,1.01627196749384
2008-05-19,2.02,2.339387,0.941641609301873
2008-05-20,0,2.383156,0.745727898169881
2008-05-21,0,2.42365,0.60515676309794
2008-05-22,0,2.461305,0.504096166686227
2008-05-23,0,2.606313,0.431245188501156
2008-05-24,0,2.867994,0.378537203133502
2008-05-25,1.17,2.629301,0.42201812290911
2008-05-26,1.54,3.350946,0.478431202576101
2008-05-27,1.75,3.523205,0.532962053233719
2008-05-28,3.7,3.655748,0.707656497659674
2008-05-29,3.92,3.761087,0.848016969939206
2008-05-30,44.47,3.50933,3.84616689369443
2008-05-31,5.93,3.697579,3.25070292647948
2008-06-01,0,3.368706,2.40331734311792
2008-06-02,0,3.454565,1.79763504540142
2008-06-03,0.52,3.971857,1.40136608122518
2008-06-04,0.03,3.45583,1.0830990069238
2008-06-05,0,3.141066,0.853007683593642
2008-06-06,6.47,3.078773,1.14574027050438
2008-06-07,6.19,3.13277,1.33659620162077
2008-06-08,0.92,2.787799,1.1003124721286
2008-06-09,2.18,3.755817,1.02011301648206
2008-06-10,0,4.159685,0.808582237964078
2008-06-11,0,4.07287,0.656795952021036
2008-06-12,0,3.136269,0.547662947081836
2008-06-13,9.25,2.231893,1.12075884997389
2008-06-14,1.04,2.320891,0.953133497876412
2008-06-15,4.75,2.339798,1.09457727589978
2008-06-16,0,2.462896,0.86129649378548
2008-06-17,0,2.820332,0.693989474340518
2008-06-18,0,3.041625,0.573782122607278
2008-06-19,0,3.119525,0.487202102645792
2008-06-20,4.62,3.22411,0.748174957108888
2008-06-21,0,3.121795,0.611459263766998
2008-06-22,0,3.957402,0.513105555875906
2008-06-23,7.5,3.921468,0.9660112029079
2008-06-24,0,3.118923,0.76678785014109
2008-06-25,0,3.932298,0.62381801431182
2008-06-26,2.13,3.92766,0.668959330502087
2008-06-27,0,3.264205,0.553078402953336
2008-06-28,0.95,2.940106,0.53538437295089
2008-06-29,0.07,3.492742,0.461345209675279
2008-06-30,0,3.630979,0.402943682418295
2008-07-01,0,3.509337,0.360527738382568
2008-07-02,0,3.987754,0.329529463808961
2008-07-03,16.77,4.305755,1.46519065409818
2008-07-04,11.97,3.173422,1.95216810637093
2008-07-05,1.13,2.994688,1.54984016339399
2008-07-06,0.13,3.229766,1.19285681497013
2008-07-07,0,3.301082,0.928315963220151
2008-07-08,9.3,2.906226,1.38316066641406
2008-07-09,2.43,2.796363,1.2335653684005
2008-07-10,0,3.03377,0.958368295731345
2008-07-11,0,3.840116,0.761162749337921
2008-07-12,2.24,3.249845,0.774025381267334
2008-07-13,0,2.98676,0.62868375576228
2008-07-14,0,2.936294,0.524185043907343
2008-07-15,0,3.006315,0.448847320897064
2008-07-16,0,3.390598,0.394331998597402
2008-07-17,1.09,3.188794,0.429143033025635
2008-07-18,0.4,2.974626,0.406389840538056
2008-07-19,0.21,3.080645,0.376554815042853
2008-07-20,7.19,3.261246,0.830806061056459
2008-07-21,0.21,2.597297,0.680125276595022
2008-07-22,1.34,2.307831,0.648820320487549
2008-07-23,0.06,2.812069,0.538988073984347
2008-07-24,0,3.277093,0.455818443022166
2008-07-25,0,3.537541,0.39574833394394
2008-07-26,0,3.927065,0.352173547422449
2008-07-27,2.42,3.987414,0.483570238378979
2008-07-28,0.06,3.798034,0.418182655608454
2008-07-29,1.85,4.33812,0.49106876590566
2008-07-30,0,3.829969,0.418656983025444
2008-07-31,0,4.094183,0.366295064096566
2008-08-01,0,4.489154,0.32825134340172
2008-08-02,1.8,3.655958,0.420265395740819
2008-08-03,1.33,3.235747,0.454375795467339
2008-08-04,0.73,3.530902,0.438447411644878
2008-08-05,19.38,3.289647,1.67651275651568
2008-08-06,0,3.059017,1.26649244262631
2008-08-07,0,3.816206,0.973130282871612
2008-08-08,1.47,3.372968,0.860985991662713
2008-08-09,12.14,2.922485,1.49584569695028
2008-08-10,0,3.065935,1.13848308141726
2008-08-11,0.59,3.044565,0.922080244552962
2008-08-12,0.17,3.0177,0.739023365927773
2008-08-13,10.38,3.14744,1.29086943567724
2008-08-14,0.12,2.845515,1.00043056483205
2008-08-15,0,2.63938,0.784430651837407
2008-08-16,0,2.581485,0.629554347278948
2008-08-17,0,2.573532,0.518314740938755
2008-08-18,3.53,2.644942,0.672969440347833
2008-08-19,0,3.151406,0.548893373478325
2008-08-20,2,3.057616,0.592291006770752
2008-08-21,2.14,2.546305,0.632371157853319
2008-08-22,0,2.659502,0.519001757226846
2008-08-23,17.94,2.472761,1.63558585458223
2008-08-24,0.82,2.336311,1.2933102712544
2008-08-25,4.22,2.28043,1.27566826694314
2008-08-26,0.73,2.543905,1.03034776337144
2008-08-27,0,2.736315,0.806028450153459
2008-08-28,0,2.422829,0.645211382564352
2008-08-29,0,2.708872,0.529728899338509
2008-08-30,0,2.834149,0.446612923405886
2008-08-31,0,2.963003,0.386606822096004
2008-09-01,0,3.136793,0.343103178519424
2008-09-02,0,2.765324,0.311385576752309
2008-09-03,8.98,2.591131,0.882158878954707
2008-09-04,5.54,2.02723,1.0644858565682
2008-09-05,0,2.087481,0.8282075459627
2008-09-06,22.84,2.234071,2.18916924930857
2008-09-07,2.08,2.491171,1.77514764070862
2008-09-08,5.07,2.183521,1.68026793369459
2008-09-09,0,2.223232,1.27306802289459
2008-09-10,0.48,2.357897,1.01379922141548
2008-09-11,0.05,2.711845,0.799362682717204
2008-09-12,1.02,2.571753,0.71032674969962
2008-09-13,19.29,2.192404,1.87837909158991
2008-09-14,17.53,1.801987,2.60872288426363
2008-09-15,0,1.65603,1.94194052889282
2008-09-16,0,1.569091,1.46520317018317
2008-09-17,0,1.723211,1.12412704678225
2008-09-18,0,1.538599,0.87989315603995
2008-09-19,0,1.440773,0.70479256252977
2008-09-20,0,1.624273,0.579046655951102
2008-09-21,0,1.499982,0.488537463123632
2008-09-22,0,1.462788,0.423187553183751
2008-09-23,0,1.543511,0.375803619975271
2008-09-24,1.27,1.557238,0.426850566176556
2008-09-25,0.03,1.743072,0.379330725973691
2008-09-26,0,1.777951,0.342680365844182
2008-09-27,0,1.691646,0.315807371484447
2008-09-28,0,1.566538,0.295920475416742
2008-09-29,0,1.479006,0.281027211550529
2008-09-30,0.09,1.403472,0.275735560727023
2008-10-01,12.24,1.423459,1.09051017321327
2008-10-02,10.71,1.603801,1.57535373163006
2008-10-03,7.7,1.331589,1.72154895849765
2008-10-04,2.2,1.207945,1.45326932917241
2008-10-05,0.46,1.28195,1.14320793232908
2008-10-06,19.77,1.357242,2.24879977489772
2008-10-07,18.28,1.796667,2.95194925626418
2008-10-08,0.39,1.851831,2.21718110238675
2008-10-09,3.01,1.693426,1.87370410593049
2008-10-10,0,1.541978,1.41981926828502
2008-10-11,0,1.505726,1.09502228458721
2008-10-12,0,1.464269,0.862375804372724
2008-10-13,0,1.640103,0.695514005270411
2008-10-14,0.03,1.684482,0.577687416923322
2008-10-15,0,1.723606,0.490737307898916
2008-10-16,6.44,1.607637,0.873055023544341
2008-10-17,6.29,1.359308,1.13779261480219
2008-10-18,0,1.061353,0.891772087928777
2008-10-19,0,0.9860402,0.715375163519463
2008-10-20,0,1.017413,0.588683112384352
2008-10-21,0,1.192877,0.497477942942211
2008-10-22,8.05,1.485108,0.990122910564058
2008-10-23,0,1.128306,0.784756056450391
2008-10-24,0,1.0494,0.637393513027335
2008-10-25,0.56,1.046068,0.570229763205959
2008-10-26,0.03,1.328017,0.48497625330508
2008-10-27,0.36,1.20419,0.446204996151303
2008-10-28,16.64,1.214173,1.55392908344434
2008-10-29,0.09,0.8992387,1.19389975650017
2008-10-30,0.03,0.8252401,0.931975835018117
2008-10-31,6.76,0.8487676,1.21486492758605
2008-11-01,6.67,0.9492341,1.41310809756715
2008-11-02,5.93,1.065562,1.50492144292823
2008-11-03,0,1.212667,1.15429220178158
2008-11-04,0,1.21,0.903221365254158
2008-11-05,0,1.229064,0.723222797229418
2008-11-06,0.04,1.220242,0.596767986839193
2008-11-07,0,1.106355,0.502941802582771
2008-11-08,0.22,1.076346,0.450614717670689
2008-11-09,0.12,1.066963,0.405562877857361
2008-11-10,16.72,1.144974,1.544673303716
2008-11-11,3.07,1.35316,1.39832924096607
2008-11-12,7.76,1.217076,1.62729040993891
2008-11-13,2.81,0.984596,1.44135496130135
2008-11-14,0,0.9072889,1.10920534370014
2008-11-15,0,0.8128485,0.871322354754716
2008-11-16,0,1.049573,0.700734412558791
2008-11-17,1.05,1.131416,0.652576633968468
2008-11-18,0,0.722122,0.543342257762581
2008-11-19,0.15,0.7668845,0.475221308774923
2008-11-20,0.06,0.932976,0.419506504396833
2008-11-21,0.45,1.017081,0.406581061608777
2008-11-22,3.59,0.8411904,0.619172694052861
2008-11-23,5.45,0.5957714,0.903958381483988
2008-11-24,6.59,0.5635995,1.19054347152332
2008-11-25,1.93,0.6263418,1.06434740698805
2008-11-26,0.24,0.5752641,0.853575642938993
2008-11-27,0,0.583843,0.685330484242784
2008-11-28,0.11,0.587428,0.572319826792713
2008-11-29,0,0.5019052,0.48310410801105
2008-11-30,0,0.5312045,0.418683730757967
2008-12-01,9.93,0.603584,1.08240627177209
2008-12-02,8.54,0.5807372,1.46149413856421
2008-12-03,6.06,0.6438079,1.55688510690194
2008-12-04,16.63,0.5693876,2.39800912510742
2008-12-05,12.41,0.5931328,2.70145850090807
2008-12-06,14.54,0.7686026,3.08443040570488
2008-12-07,2.09,0.7174219,2.44416484194994
2008-12-08,0.35,0.6800738,1.85861153940148
2008-12-09,0,0.4742816,1.41408043166188
2008-12-10,1.35,0.5283458,1.19542028183506
2008-12-11,0,0.5824368,0.93937622024832
2008-12-12,0,0.5523222,0.755760471401647
2008-12-13,0,0.5418535,0.62385222186609
2008-12-14,0,0.4912891,0.5288609490539
2008-12-15,1.34,0.5968961,0.558904504024741
2008-12-16,0,0.6298593,0.481253290588852
2008-12-17,0,0.5125397,0.425011121387181
2008-12-18,3.14,0.4948456,0.615435172153628
2008-12-19,0.18,0.5711073,0.533378029969789
2008-12-20,0.82,0.6786007,0.521207723974578
2008-12-21,2.84,0.8044328,0.660994641439206
2008-12-22,0.42,0.9259063,0.582361771956889
2008-12-23,0.46,0.8907094,0.528509303308992
2008-12-24,0,0.7651861,0.455524969482679
2008-12-25,0,0.6401317,0.402653929542838
2008-12-26,0,0.6911374,0.36414735840331
2008-12-27,0,0.5303401,0.335901690255471
2008-12-28,0,0.4579273,0.314987739952379
2008-12-29,0,0.4541913,0.299314591609238
2008-12-30,0,0.4023186,0.287389683538104
2008-12-31,0,0.3799093,0.278147557765701
2009-01-01,1.31,0.4981534,0.367150528345569
2009-01-02,0,0.5284282,0.334030683841001
2009-01-03,0,0.4171373,0.309677317697163
2009-01-04,0,0.4748072,0.291588486562488
2009-01-05,0,0.4247358,0.277978242780692
2009-01-06,0.8,0.4707253,0.326336192620155
2009-01-07,0,0.3720257,0.301641931805808
2009-01-08,0,0.2919532,0.283334952878396
2009-01-17,0.42,0.5584137,0.300428997327165
2009-01-18,1.32,0.6813924,0.378190810014695
2009-01-19,22.13,0.7308494,1.97997649742747
2009-01-20,12.78,0.8144309,2.44080335287474
2009-01-21,1.41,0.6632489,1.92328473526992
2009-01-22,0.06,0.6236257,1.45264435374673
2009-01-23,4.57,0.6471815,1.45365682827492
2009-01-24,33.84,0.7914717,3.68966378025656
2009-01-25,0,0.6569303,2.71856809719151
2009-01-26,0,0.5699618,2.02456296076063
2009-01-27,0,0.5521673,1.5283523428718
2009-01-28,0,0.5509913,1.17333495328875
2009-01-29,0,0.5108741,0.919108921458363
2009-01-30,0,0.5765682,0.736835462722374
2009-01-31,0,0.5665488,0.60592948061905
2009-02-01,0,0.5220466,0.511697331195171
2009-02-02,0,0.5541468,0.443650668013041
2009-02-03,2.77,0.6129549,0.604796825314343
2009-02-04,2.17,0.6787131,0.674423824093589
2009-02-05,0.51,0.666439,0.597782176404128
2009-02-06,0.96,0.7441937,0.576680920187111
2009-02-07,0.07,0.812506,0.49347758428506
2009-02-08,0.25,0.7806473,0.447024433871562
2009-02-09,0,0.678167,0.394199223625218
2009-02-10,15.43,0.6765619,1.53628868033531
2009-02-11,20.33,0.8420598,2.74564937354913
2009-02-12,4.13,0.6997881,2.36339991129946
2009-02-13,0.9,0.6415553,1.84106058504292
2009-02-14,0.18,0.6504734,1.41193701655873
2009-02-15,0.41,0.6711149,1.12264369611452
2009-02-16,0.42,0.552574,0.916221827622271
2009-02-17,2.34,0.7636287,0.916815870663943
2009-02-18,3.1,0.9284083,0.976219398053188
2009-02-19,0,0.6204886,0.778620074940762
2009-02-20,0.2,0.6515353,0.652248331714425
2009-02-21,0.37,0.8463477,0.574457030220042
2009-02-22,0.16,0.9237023,0.501992194527721
2009-02-23,0.76,0.9415536,0.495931558392842
2009-02-24,3.07,0.9503117,0.669948906875824
2009-02-25,0,0.9155488,0.556679949271854
2009-02-26,0,0.7839816,0.475051955787809
2009-02-27,0.03,0.9587813,0.418335595713395
2009-02-28,0.23,1.007072,0.392548680524069
2009-03-01,0,1.191543,0.355691422761016
2009-03-02,0.53,1.088806,0.36953315733331
2009-03-03,0,1.150314,0.337940504991617
2009-03-04,0,0.8627117,0.314655368377518
2009-03-05,12.68,0.9743282,1.28021839593335
2009-03-06,0.84,0.9225834,1.05487543720671
2009-03-07,0.99,0.9523436,0.905156486851436
2009-03-08,0,0.939773,0.721126134998914
2009-03-09,5.36,1.143397,1.00500429397774
2009-03-10,3.37,0.9731626,1.0544238038852
2009-03-11,8.83,1.015949,1.51681298909392
2009-03-12,0.06,1.048857,1.16494551549907
2009-03-13,0.48,1.019982,0.945754911205821
2009-03-14,0.72,1.293924,0.807361935956526
2009-03-15,0.19,1.283224,0.666764628286838
2009-03-16,0,1.359721,0.550930736704642
2009-03-17,0,1.362313,0.467506325006508
2009-03-18,0,1.166164,0.40722303197621
2009-03-19,0,1.158998,0.363465063284498
2009-03-20,0,1.102972,0.331510017630516
2009-03-21,0,0.983947,0.307986991278264
2009-03-22,0,1.010108,0.290489775097598
2009-03-23,0,1.030969,0.277300756054069
2009-03-24,7.42,1.207847,0.843124791578125
2009-03-25,3.03,1.04511,0.90810721382804
2009-03-26,9.97,0.9790548,1.49727591524759
2009-03-27,8.64,1.175474,1.81889168210707
2009-03-28,6.76,1.249385,1.90461509216311
2009-03-29,7.82,1.244052,2.05231890644563
2009-03-30,0.22,1.239028,1.56095339676298
2009-03-31,0,1.257783,1.19219508438329
2009-04-01,0,1.32152,0.928204504733726
2009-04-02,0,1.635394,0.739004387309497
2009-04-03,0,1.998539,0.603196992998302
2009-04-04,0,1.927537,0.505508620806644
2009-04-05,0,1.846024,0.435036885951922
2009-04-06,0,1.729523,0.38399963352292
2009-04-07,0,1.879651,0.346841917729963
2009-04-08,0.04,1.726466,0.322717360080768
2009-04-09,2.02,1.751832,0.459167030175959
2009-04-10,0.75,2.091525,0.457425679383052
2009-04-11,0,2.379295,0.397292097190408
2009-04-12,0.58,2.365185,0.398729349001067
2009-04-13,0,2.273704,0.354181941671968
2009-04-14,0,2.278798,0.321695285578644
2009-04-15,0,2.300572,0.29782436983623
2009-04-16,0,2.3718,0.280110091035904
2009-04-17,3.56,1.90995,0.541997946897126
2009-04-18,15.77,1.691137,1.68163307286907
2009-04-19,5.1,1.740955,1.66948053034668
2009-04-20,0.18,2.139026,1.27817217719274
2009-04-21,0,2.229018,0.984182614925549
2009-04-22,0,2.324557,0.773622727620863
2009-04-23,0,2.078975,0.622621672437605
2009-04-24,0,1.648623,0.514140461439909
2009-04-25,0,1.794894,0.43601665982162
2009-04-26,0.46,1.865264,0.415130116084403
2009-04-27,6.76,2.318762,0.887758242942392
2009-04-28,1.71,1.983741,0.835339697765322
2009-04-29,2.46,1.786177,0.855874286403175
2009-04-30,7.16,1.590243,1.23605360105879
2009-05-01,0,1.930967,0.953034399678415
2009-05-02,0.75,2.3378,0.8084210071252
2009-05-03,0,2.708936,0.646632355895854
2009-05-04,0,2.077851,0.530459200035747
2009-05-05,0,1.902105,0.44685303656979
2009-05-06,0.44,1.818944,0.420419032486695
2009-05-07,0,2.122687,0.367099508055733
2009-05-08,0,2.36927,0.328376740702851
2009-05-09,1.77,2.434079,0.436072822401217
2009-05-10,4.72,2.094593,0.739900984704195
2009-05-11,3.48,2.453522,0.862280454734071
2009-05-12,12.49,2.420822,1.64789040762269
2009-05-13,10.29,2.145917,2.04487832179591
2009-05-14,0,2.610996,1.53221667263874
2009-05-15,18.19,2.775262,2.58537568961636
2009-05-16,4.95,2.446969,2.30906687901907
2009-05-17,0.25,2.197536,1.74540352406355
2009-05-18,1.37,2.456547,1.42968420545345
2009-05-19,0,2.339,1.09717292681794
2009-05-20,0,2.561159,0.859068441402131
2009-05-21,0,2.958158,0.688358688712001
2009-05-22,4.02,3.057369,0.877753095409844
2009-05-23,0,2.734146,0.701474165264425
2009-05-24,0,2.907868,0.574904899137704
2009-05-25,0,3.913302,0.483825552488492
2009-05-26,0,4.20187,0.4180860521757
2009-05-27,1.01,2.944525,0.448071087827557
2009-05-28,0,2.174284,0.391444771353693
2009-05-29,0.68,2.622108,0.402446612963706
2009-05-30,0,2.931649,0.357677441537864
2009-05-31,0,2.895581,0.325024152317274
2009-06-01,0,2.892344,0.301026038297018
2009-06-02,0,3.310001,0.283212791418974
2009-06-03,0,3.607307,0.269821047360116
2009-06-04,0,2.896547,0.259592056257536
2009-06-05,0,2.329021,0.251627260823242
2009-06-06,0,2.304042,0.245285208536945
2009-06-07,1.87,2.10746,0.381403456806709
2009-06-08,6.38,2.410382,0.820134003811529
2009-06-09,1.94,2.655424,0.798423532730119
2009-06-10,2.03,3.00336,0.789549611754901
2009-06-11,13.09,2.789467,1.6241516482388
2009-06-12,6.23,2.703289,1.70283504034024
2009-06-13,0,2.706008,1.2862196002324
2009-06-14,0,3.054897,0.988140571989322
2009-06-15,2.03,3.646948,0.9284038181159
2009-06-16,26.93,3.054263,2.79556517143346
2009-06-17,1.2,2.916752,2.16423659426478
2009-06-18,0,3.165088,1.62135994647747
2009-06-19,0,3.165592,1.23309877271855
2009-06-20,0,2.899616,0.955209049393181
2009-06-21,0.5,2.424626,0.794116424422704
2009-06-22,5.11,2.306557,1.02943817466971
2009-06-23,0,2.570292,0.809352011416452
2009-06-24,0,3.037999,0.651517211685205
2009-06-25,0,3.666297,0.538124510885706
2009-06-26,0,4.08087,0.456461650295097
2009-06-27,0,3.896434,0.397454595601902
2009-06-28,4.36,3.516741,0.682992704397635
2009-06-29,0.19,3.851752,0.57334285357005
2009-06-30,3.32,4.325484,0.729391575209857
2009-07-01,0,4.590717,0.591838319390914
2009-07-02,0,4.611983,0.49294828774694
2009-07-03,0,4.923543,0.421662901894658
2009-07-04,0.33,4.393494,0.394587374162571
2009-07-05,0,4.346181,0.350176716901235
2009-07-06,0.22,4.249085,0.334046592518645
2009-07-07,9.25,3.612511,0.990672851893409
2009-07-08,4.31,2.889095,1.09580389497235
2009-07-09,7.1,2.987057,1.37915975325841
2009-07-10,3.41,2.577553,1.30899397763965
2009-07-11,0.05,2.505075,1.00975136708382
2009-07-12,0,2.786487,0.791751487783227
2009-07-13,4.19,3.123471,0.945623512601233
2009-07-14,4.31,3.615325,1.06491292113053
2009-07-15,0,3.802904,0.831565404664303
2009-07-16,0,3.788282,0.664295479424989
2009-07-17,0,3.844505,0.54419849535027
2009-07-18,4.98,3.326695,0.824104648345466
2009-07-19,1.22,2.89138,0.748009500841769
2009-07-20,5.51,2.987741,1.00901408131831
2009-07-21,0.16,3.315642,0.802714885975444
2009-07-22,9.65,4.311081,1.35324550105684
2009-07-23,5.99,4.281851,1.47927001512312
2009-07-24,8.85,3.467221,1.78254924468056
2009-07-25,3.42,3.112767,1.60005835451544
2009-07-26,0.59,2.964768,1.26110983244239
2009-07-27,0,3.303321,0.975112445452072
2009-07-28,2.58,3.164488,0.959887219051407
2009-07-29,0,3.047309,0.759389837249288
2009-07-30,9.48,3.582638,1.31310061291096
2009-07-31,0.08,3.123845,1.0187411571037
2009-08-01,0,2.961106,0.802028268764617
2009-08-02,0,3.487834,0.646598213110288
2009-08-03,9.39,3.043829,1.22398527117284
2009-08-04,0.63,2.967963,0.995273379177624
2009-08-05,0,3.08849,0.785296558346079
2009-08-06,0,3.394183,0.634674489341675
2009-08-07,0,3.823559,0.526426961170605
2009-08-08,0.15,3.863287,0.459330123454925
2009-08-09,0,3.549021,0.399864414350933
2009-08-10,0,3.526416,0.3567051094964
2009-08-11,0,3.736363,0.325192314063111
2009-08-12,1.65,3.35621,0.420928507465889
2009-08-13,0,3.343398,0.370124060301111
2009-08-14,30.19,3.129776,2.53597195249408
2009-08-15,0,2.944408,1.8873540493649
2009-08-16,0,3.172161,1.42360871948665
2009-08-17,0,3.704509,1.0918323079337
2009-08-18,0,3.453029,0.854262309058586
2009-08-19,0,3.122391,0.68394391359192
2009-08-20,0,3.664809,0.561636806187971
2009-08-21,2.08,4.415073,0.623274065485774
2009-08-22,5.15,2.893412,0.888432469895433
2009-08-23,0,2.789335,0.707535630558888
2009-08-24,0,2.830374,0.577685579390435
2009-08-25,0,3.23881,0.484279728811866
2009-08-26,2.52,3.113473,0.597319862313835
2009-08-27,0,2.899563,0.497605543710377
2009-08-28,0,3.16247,0.425724412397962
2009-08-29,0.17,2.683121,0.385824731583212
2009-08-30,0,2.244487,0.344594602200575
2009-08-31,0,2.166915,0.314479530528029
2009-09-01,0,2.650404,0.292305129836923
2009-09-02,11.1,2.558096,1.06646760991286
2009-09-03,0.46,2.521474,0.863650200849277
2009-09-04,11.03,2.443825,1.47381656451357
2009-09-05,15.91,1.931925,2.26909269509524
2009-09-06,0,2.043467,1.69521057330409
2009-09-07,0,1.951387,1.28482766342416
2009-09-08,0,2.27679,0.991157285215469
2009-09-09,0,2.516431,0.780803208245121
2009-09-10,0,2.670638,0.629927255718077
2009-09-11,0.13,2.524838,0.530793657583024
2009-09-12,0,2.304254,0.450078332668141
2009-09-13,0,2.255469,0.391759018408438
2009-09-14,0.23,1.891005,0.365788064588024
2009-09-15,1.65,1.85738,0.447572577177781
2009-09-16,0,2.043344,0.388435902596728
2009-09-17,0,2.336488,0.345541523895223
2009-09-18,0,2.48835,0.314247596622555
2009-09-19,0,2.431557,0.291240722646322
2009-09-20,0.65,2.425047,0.320049399074492
2009-09-21,0.23,2.541699,0.310464254488401
2009-09-22,0,2.51324,0.286820439734108
2009-09-23,0,2.130404,0.269297844520777
2009-09-24,0,2.048132,0.256150946866924
2009-09-25,0,2.136672,0.246133736407945
2009-09-26,0,1.807652,0.238356752927116
2009-09-27,0,1.744725,0.232185040988347
2009-09-28,0,1.806492,0.227165310329156
2009-09-29,0,1.737427,0.222973943215947
2009-09-30,0,1.9004,0.21937988228295
2009-10-01,0.05,2.088927,0.219700337435932
2009-10-02,0,1.704401,0.215870527021983
2009-10-03,0,1.398388,0.212552119356884
2009-10-04,0,1.361371,0.20960453876761
2009-10-05,0.79,1.736741,0.261759974685266
2009-10-06,16.58,1.611057,1.40417848524309
2009-10-07,3.44,2.17422,1.30427531755442
2009-10-08,4.29,2.514847,1.29310768610389
2009-10-09,7.33,2.106764,1.50023158034008
2009-10-10,0.03,1.651734,1.13649070861712
2009-10-11,10.96,1.763238,1.64748097644338
2009-10-12,11.68,1.523339,2.07007670395401
2009-10-13,3.97,1.425926,1.82775774289582
2009-10-14,0.55,1.263709,1.41226758119916
2009-10-15,0,0.9227384,1.07611558135632
2009-10-16,0,0.8372267,0.835497771392502
2009-10-17,0.47,1.013969,0.696404777106061
2009-10-18,2.54,1.11932,0.743499630395733
2009-10-19,0,0.9196151,0.59695700486897
2009-10-20,0,0.8473702,0.491699425265304
2009-10-21,0,1.016953,0.415917452498077
2009-10-22,0.1,1.374926,0.368259407264525
2009-10-23,0.44,1.216016,0.357682269906042
2009-10-24,0,1.176927,0.318500274200475
2009-10-25,4.47,1.266465,0.60643331328075
2009-10-26,0.56,1.360998,0.535723807055234
2009-10-27,0.05,1.25101,0.448688353432689
2009-10-28,0,1.286191,0.382419597313975
2009-10-29,0,1.015541,0.334501825032406
2009-10-30,0,1.051226,0.299689009763298
2009-10-31,0,1.129001,0.274236496873301
2009-11-01,0,1.032294,0.255471306172554
2009-11-02,20.83,1.156498,1.72546370738328
2009-11-03,6.45,1.144117,1.75697940463108
2009-11-04,12.17,1.024777,2.19458426339922
2009-11-05,10.72,1.058499,2.40958857625074
2009-11-06,3.44,1.012393,2.03986928359569
2009-11-07,1.53,1.027264,1.63812891412107
2009-11-08,9.83,0.9694805,1.95494213029844
2009-11-09,0,0.9081361,1.46873581419715
2009-11-10,0.68,0.9466661,1.17034747434745
2009-11-11,0.4,0.9018559,0.936492867660294
2009-11-12,0,0.802691,0.73992909398196
2009-11-13,0.44,0.8808149,0.630836692724262
2009-11-14,0.28,1.266484,0.540774526666608
2009-11-15,3.53,1.267145,0.711799626442611
2009-11-16,2.45,1.136858,0.755940313050595
2009-11-17,13.31,1.21371,1.58241624405563
2009-11-18,11.27,1.138559,2.03084671674055
2009-11-19,0,1.074777,1.5254075186078
2009-11-20,0,0.9915159,1.16387637602727
2009-11-21,0,0.9228478,0.905073696201103
2009-11-22,0.21,1.127094,0.734999592056037
2009-11-23,4.53,1.124333,0.930183063576816
2009-11-24,24.24,1.063332,2.53912403465654
2009-11-25,7.41,1.147095,2.44498442382039
2009-11-26,8.44,1.082727,2.45837892443791
2009-11-27,7.14,0.9823672,2.37405285793406
2009-11-28,10.81,0.9250795,2.59480438984684
2009-11-29,18.35,0.9301861,3.33601597682583
2009-11-30,5.78,0.966407,2.91407063279744
2009-12-01,0.33,0.810569,2.19791437573683
2009-12-02,2.78,0.7297961,1.87298872097924
2009-12-03,5.76,0.7424351,1.86961574407333
2009-12-04,20.28,0.8859177,2.99451432011346
2009-12-05,0,0.6863083,2.23557478816232
2009-12-06,10.46,0.767214,2.50478002236862
2009-12-07,13.32,0.979632,2.92750145887155
2009-12-08,2.62,0.802062,2.39706090642807
2009-12-09,8.31,0.8043016,2.46529163662224
2009-12-10,1.23,0.7992892,1.96029192485013
2009-12-11,6.79,0.9395251,2.03682457994849
2009-12-12,1.91,0.8305926,1.70876972782382
2009-12-13,0.1,0.6603587,1.33172995887407
2009-12-14,0.29,0.5729269,1.07654355248531
2009-12-15,0,0.4644361,0.870653403031424
2009-12-16,0,0.4829431,0.722677600788181
2009-12-17,0,0.4667883,0.616050865250871
2009-12-18,0,0.4009569,0.538948862005287
2009-12-19,0,0.4173667,0.48293132717973
2009-12-20,0.49,0.2637233,0.480464839804162
2009-12-21,6.53,0.3118097,0.953914934380301
2009-12-22,5.62,0.4667029,1.2223805355482
2009-12-23,15.94,0.6197243,2.23932157763656
2009-12-24,0,0.5673743,1.70096474197691
2009-12-25,6.54,0.5962517,1.83736408268202
2009-12-26,7.98,0.6521371,2.05290192223662
2009-12-27,0,0.5833494,1.56954689266913
2009-12-28,8.93,0.5283053,1.94090545829556
2009-12-29,0.2,0.596746,1.50651027310032
2009-12-30,13.94,0.6006402,2.30608116665557
2009-12-31,4.82,0.9727193,2.14388620910279
