"Date","P","E","MV_Q_sim"
2004-09-02,0,2.113637,0
2004-09-03,0,2.284305,0
2004-09-04,0,2.757288,0
2004-09-05,0,2.852728,0
2004-09-06,0,2.882288,0
2004-09-07,0,2.759263,0
2004-09-08,0,2.680601,0
2004-09-09,0,2.677378,0
2004-09-10,0,2.387042,0
2004-09-11,0,2.376496,0
2004-09-12,2.56,2.716567,0.00076775342759072
2004-09-13,0.4,2.149183,0.00700195275772199
2004-09-14,0,2.107571,0.00792229105242688
2004-09-15,1.41,1.976001,0.0128477267392603
2004-09-16,0.28,1.704098,0.0209933679092687
2004-09-17,0,1.448402,0.0198526985052719
2004-09-18,0,1.587894,0.0171832280157386
2004-09-19,0,1.871197,0.0150454176452212
2004-09-20,2.26,1.978648,0.0263220524658803
2004-09-21,0,1.634728,0.0407251029028466
2004-09-22,1.32,1.840719,0.0437788760523074
2004-09-23,1.79,1.640583,0.0656304366734925
2004-09-24,14.07,1.869767,0.303884142671921
2004-09-25,0.45,1.48158,0.504280003628588
2004-09-26,0.67,1.552072,0.268595105714842
2004-09-27,0.19,1.701439,0.17015098143102
2004-09-28,0.17,1.707937,0.114119225262899
2004-09-29,0.22,1.918793,0.083879217624471
2004-09-30,0.24,1.802173,0.0663980293222089
2004-10-01,0,1.592697,0.0527612050108851
2004-10-02,1.83,1.870887,0.0588458134136607
2004-10-03,0,1.646764,0.0657501285427532
2004-10-04,0,1.448458,0.0497381801025122
2004-10-05,0,1.877995,0.0390964575439857
2004-10-06,0.18,2.073062,0.0330422570119714
2004-10-07,6.15,1.500013,0.0916491060776398
2004-10-08,0,1.218998,0.160191184074155
2004-10-09,0.46,1.205347,0.110069609473295
2004-10-10,1.81,1.369293,0.106560300577906
2004-10-11,0,1.256048,0.099854029160649
2004-10-12,0.03,1.158983,0.0710217904257195
2004-10-13,0.09,1.209478,0.0543564109170507
2004-10-14,0,1.27022,0.0431214248445
2004-10-15,12.23,1.358412,0.201184166492102
2004-10-16,6.52,1.145263,0.541186533979043
2004-10-17,7.73,1.05341,0.609842519380316
2004-10-18,8.21,1.068011,0.692477307384707
2004-10-19,3.43,1.118989,0.612679719957976
2004-10-20,0,1.071919,0.365969554559864
2004-10-21,26.45,1.69434,0.879945738488072
2004-10-22,6.71,1.454203,1.42883166345712
2004-10-23,0,1.153814,0.701770410644802
2004-10-24,0,1.585888,0.309553978285505
2004-10-25,1.91,1.457917,0.209151164938777
2004-10-26,0.13,1.476742,0.16683774708679
2004-10-27,0,1.06086,0.109282886600778
2004-10-28,1.34,1.060081,0.0946312703625989
2004-10-29,11.48,1.32757,0.306958353534296
2004-10-30,9.61,1.257509,0.73723063371944
2004-10-31,1.02,1.106807,0.630421083146259
2004-11-01,0,1.089128,0.313776848550008
2004-11-02,0.51,1.114508,0.183884510907158
2004-11-03,2.28,1.132146,0.165664764721658
2004-11-04,0.87,1.165112,0.165155588261602
2004-11-05,7.84,1.214399,0.280122783512625
2004-11-06,0,0.9872853,0.35071726731735
2004-11-07,5.06,0.9161867,0.300728502021527
2004-11-08,0.3,0.8776983,0.295658345468858
2004-11-09,2.13,0.7714481,0.216358208865562
2004-11-10,0,0.6820809,0.174890334808102
2004-11-11,7.52,0.6343335,0.261144983355544
2004-11-12,0.06,0.6871911,0.336145081254683
2004-11-13,0.32,0.7144714,0.190971672407868
2004-11-14,0.25,0.7467596,0.129494466048016
2004-11-15,0.03,0.6498458,0.0920045320899091
2004-11-16,0,0.5261134,0.0664641190128505
2004-11-17,0.13,0.7804892,0.0516871781681586
2004-11-18,1.38,0.9692749,0.0574696857512741
2004-11-19,8.88,0.9393669,0.218730151438444
2004-11-20,5.37,0.6592451,0.494865611913836
2004-11-21,0,0.4911742,0.389460619259219
2004-11-22,1.16,0.5215181,0.229445478221832
2004-11-23,1.51,0.9227881,0.192233900928134
2004-11-24,3.09,0.943699,0.213522358321487
2004-11-25,0,0.5339188,0.196960310490769
2004-11-26,0,0.4981881,0.12199284760233
2004-11-27,0.03,0.6245914,0.083739588794618
2004-11-28,4.11,0.839671,0.124943112900372
2004-11-29,0.04,0.8040129,0.165349016020659
2004-11-30,0,0.7893474,0.107059047773415
2004-12-01,0,0.6858214,0.0748562665269606
2004-12-02,4.03,0.6522361,0.11556099298269
2004-12-03,0.91,0.6546811,0.174387084570731
2004-12-04,0.34,0.6343503,0.134706296638402
2004-12-05,0,0.4875218,0.0961601918648255
2004-12-06,0,0.4631441,0.0685032847280829
2004-12-07,0,0.6280405,0.0515090566852716
2004-12-08,0,0.6087703,0.0403044996593331
2004-12-09,0,0.6529787,0.032512643964761
2004-12-10,0,0.5383515,0.0268636802222716
2004-12-11,0,0.422851,0.0226293998249225
2004-12-12,0,0.3872977,0.0193677758271408
2004-12-13,0,0.3944114,0.0167977231701041
2004-12-14,0,0.3857142,0.0147334396378969
2004-12-15,0,0.363615,0.0130480175150983
2004-12-16,0,0.3932182,0.0116523104901066
2004-12-17,4.62,0.4902821,0.0490763460877378
2004-12-18,17.88,0.6691674,0.5569605424011
2004-12-19,2.04,0.611173,0.926815991246583
2004-12-20,5.29,0.5502534,0.597438068142805
2004-12-21,0,0.3892653,0.434932500366388
2004-12-22,0.12,0.3102131,0.223832449812535
2004-12-23,1.32,0.4280471,0.163605015153738
2004-12-24,3.09,0.6583146,0.19563792348046
2004-12-25,5.01,0.8281793,0.312341433021938
2004-12-26,7.73,0.6941871,0.529495489432134
2004-12-27,0,0.5527822,0.492528887655975
2004-12-28,0,0.4746404,0.241656122570534
2004-12-29,5.72,0.4642913,0.274647448183388
2004-12-30,4.41,0.5442014,0.433936012689668
2004-12-31,0.03,0.5549419,0.347835988395007
2005-01-01,1.26,0.6894726,0.217754893510183
2005-01-02,2.69,0.8096346,0.221112382966635
2005-01-03,1.61,0.6931758,0.235259997278733
2005-01-04,0.55,0.6132231,0.189843126331454
2005-01-05,0.03,0.6386116,0.130752534132443
2005-01-06,3.78,0.6912808,0.160829683319562
2005-01-07,1.83,0.7893056,0.232519193607719
2005-01-08,0.06,0.9149299,0.183139447267248
2005-01-09,1.97,0.8233667,0.155922354221238
2005-01-10,0.07,0.7597027,0.144441621959216
2005-01-11,1.94,0.9431185,0.132993729491017
2005-01-12,1.97,0.8727531,0.169307659964121
2005-01-13,4.68,0.8354181,0.261709885264289
2005-01-14,0.04,0.6119324,0.27623960350327
2005-01-15,0,0.4819481,0.15908058556632
2005-01-16,0,0.4505649,0.103114840812556
2005-01-17,0,0.3954557,0.072577203755133
2005-01-18,5.88,0.5186266,0.158501971078361
2005-01-19,17.98,0.7058651,0.830351864329818
2005-01-20,0.63,0.6284215,1.06483386729686
2005-01-21,11.24,0.902652,0.824474495307531
2005-01-22,5.7,0.7698514,0.98194075775226
2005-01-23,0.09,0.6219703,0.599490922186563
2005-01-24,0.58,0.5759695,0.296661477934078
2005-01-25,0.8,0.4979846,0.20130463971724
2005-01-26,0,0.439901,0.14266703591911
2005-01-27,0,0.4464809,0.0945257655449634
2005-01-28,0,0.4250468,0.0675352177210691
2005-01-29,0,0.5114991,0.0508881987404286
2005-01-30,0.09,0.4399706,0.0409689067181467
2005-01-31,0.78,0.4875022,0.0432691040370975
2005-02-01,1.74,0.6468565,0.0698125758153048
2005-02-02,1.62,0.7295738,0.111753199341607
2005-02-03,1.58,0.7273596,0.142457946145837
2005-02-04,1.55,0.7654879,0.162486245709491
2005-02-05,0,0.6740511,0.139709307849287
2005-02-06,0,0.5420755,0.0929484230385302
2005-02-07,0.03,0.5622185,0.0670639507304329
2005-02-08,0,0.5549156,0.0510359742143401
2005-02-09,0,0.5920999,0.0399825889230573
2005-02-10,0.04,0.6052468,0.0327166068342562
2005-02-11,11.21,0.782225,0.245856729832085
2005-02-12,7.9,1.006207,0.789152354418341
2005-02-13,10.86,1.13618,1.05632479490772
2005-02-14,8.73,0.6962438,1.20829280592746
2005-02-15,8.43,0.692138,1.15127496032779
2005-02-16,0.33,0.6141471,0.787877169719198
2005-02-17,0.11,0.5508775,0.349956349537759
2005-02-18,0,0.5539304,0.19176119980093
2005-02-19,0.44,0.5415132,0.129003733934854
2005-02-20,4.57,0.6248027,0.202126844084424
2005-02-21,1.55,0.6320815,0.29826336359509
2005-02-22,0.58,0.5840309,0.227406216430045
2005-02-23,0.6,0.5496272,0.165618646939109
2005-02-24,0,0.4561931,0.120341644823383
2005-02-25,0.32,0.4425995,0.0882971253338952
2005-02-26,0,0.4348168,0.0696298153817846
2005-02-27,0.6,0.4946571,0.0613899408958748
2005-02-28,0.36,0.5022481,0.0621607725001539
2005-03-01,0,0.3873481,0.053113515001956
2005-03-05,0.23,0.5887297,0.0444476440395947
2005-03-06,4.94,0.6015626,0.125215712933356
2005-03-07,0.49,0.5458912,0.224045842073363
2005-03-08,0.94,0.6820855,0.170075274915984
2005-03-09,1.4,0.839284,0.164089844928472
2005-03-10,1.3,0.8456676,0.170592939968289
2005-03-11,0.43,0.8152473,0.150596771944589
2005-03-12,0.34,0.838068,0.115499410326926
2005-03-13,4.26,0.8197186,0.18235280958712
2005-03-14,0.09,0.8383325,0.234633944988898
2005-03-15,0,0.9326511,0.141974245841022
2005-03-16,0,0.9829395,0.0941571455241841
2005-03-17,0,1.411184,0.0673163091591791
2005-03-18,0,1.589331,0.0507475326644549
2005-03-19,0,1.507555,0.0397860285231831
2005-03-20,0,1.502384,0.0321430567791703
2005-03-21,0,1.472723,0.0265904322167719
2005-03-22,0,1.40291,0.0224213034547465
2005-03-23,1.43,1.498569,0.0338984653469393
2005-03-24,0,1.70044,0.0473899084581454
2005-03-25,2.74,1.542112,0.0794454430460221
2005-03-26,0,1.616185,0.114191655401439
2005-03-27,0.41,1.450103,0.0864372419891478
2005-03-28,0.13,1.625386,0.0723838336475892
2005-03-29,2.35,1.619739,0.0974219643509765
2005-03-30,0.8,1.605759,0.136992606559757
2005-03-31,5.6,1.557586,0.249918456825094
2005-04-01,0,1.604459,0.317953242604129
2005-04-02,0,1.462536,0.175708504627388
2005-04-03,0,1.440072,0.11155331761496
2005-04-04,0,1.586499,0.0774267033139741
2005-04-05,0,1.552986,0.0571433214914549
2005-04-06,2.32,1.541074,0.0810845822825986
2005-04-07,6.78,1.396284,0.280944444370747
2005-04-08,3.63,1.530486,0.505819029153655
2005-04-09,6.71,1.224065,0.613478994883702
2005-04-10,0.52,1.093089,0.553837824483251
2005-04-11,0.39,1.224756,0.291827302316426
2005-04-12,0,1.451623,0.175722387098541
2005-04-13,0,1.538495,0.111560259603052
2005-04-14,0,1.675045,0.0774306524038721
2005-04-15,0,1.745112,0.0571457808890083
2005-04-16,4.33,1.592329,0.122922825382277
2005-04-17,1.58,1.512652,0.237208021254532
2005-04-18,0.2,1.785537,0.189490815281133
2005-04-19,0.17,1.748204,0.127040355852237
2005-04-20,5.69,1.599067,0.227722387244407
2005-04-21,0.44,1.423264,0.325040777502508
2005-04-22,0,1.379885,0.191381744086982
2005-04-23,0,1.460161,0.119287775866179
2005-04-24,2.18,1.509001,0.126901063050378
2005-04-25,0.33,1.940844,0.144974581363774
2005-04-26,7.72,1.824589,0.310429217688553
2005-04-27,8.3,1.884232,0.759054556153001
2005-04-28,0.76,1.886999,0.692882514151444
2005-04-29,0,1.817897,0.334037135060053
2005-04-30,1.08,2.491382,0.211741625823701
2005-05-01,0,2.654647,0.157728150125811
2005-05-02,0,2.979977,0.102417232437675
2005-05-03,0.07,2.734749,0.0734191740125833
2005-05-04,5.47,2.253556,0.171401845124498
2005-05-05,4.04,1.959461,0.400692169275123
2005-05-06,0.18,1.966407,0.351258865041754
2005-05-07,1.99,1.840794,0.251480649105505
2005-05-08,11.17,1.538772,0.588756649672396
2005-05-09,0.32,1.431704,0.742989370362362
2005-05-10,0,1.499452,0.333562040679919
2005-05-11,0.08,1.527832,0.184223969355532
2005-05-12,0,1.616271,0.117756523068307
2005-05-13,0.1,1.963023,0.0828404565469321
2005-05-14,0,2.134367,0.0623279584920324
2005-05-15,16.04,2.091104,0.507484357944699
2005-05-16,0.86,2.068168,0.967636039638453
2005-05-17,0,2.115844,0.418353160316012
2005-05-18,0,1.993742,0.214927174089165
2005-05-19,0.03,1.84385,0.131257195289649
2005-05-20,0,2.129164,0.0890505397274394
2005-05-21,10.91,2.984589,0.360321454004641
2005-05-22,0,2.696783,0.613089933084713
2005-05-23,0,2.48452,0.281945314361995
2005-05-24,0.2,2.461813,0.165794517586283
2005-05-25,0,2.439509,0.111409781422993
2005-05-26,0,3.291149,0.0773450353225926
2005-05-27,0,3.752751,0.057092454113674
2005-05-28,0.05,4.226289,0.0447761424361883
2005-05-29,0.05,4.319947,0.0370214589091681
2005-05-30,12.94,4.156369,0.349916661064159
2005-05-31,1.46,2.537844,0.75711043674735
2005-06-01,0.23,2.296298,0.389269508008794
2005-06-02,0,2.706445,0.211190794225203
2005-06-03,0,3.043817,0.128786461132899
2005-06-04,3.33,3.260307,0.163780179180685
2005-06-05,1.08,2.522418,0.227919077080413
2005-06-06,0,2.289379,0.166535858513142
2005-06-07,2.65,2.518276,0.170933514342121
2005-06-08,0,2.14433,0.180903783190616
2005-06-09,0,2.289801,0.11413971777855
2005-06-10,0,2.503968,0.078893573581519
2005-06-11,0,2.648957,0.0580548600087967
2005-06-12,0,2.54047,0.0447002776786484
2005-06-13,0,2.333608,0.035612765084902
2005-06-14,0,2.605817,0.029136177299872
2005-06-15,0,2.823523,0.0243480163961869
2005-06-16,0,3.095813,0.0207013247318059
2005-06-17,0,3.523176,0.0178549538873548
2005-06-18,0.03,3.933271,0.0158289834649238
2005-06-19,0.03,4.415076,0.0144251725912922
2005-06-20,0,4.288468,0.0130320602015302
2005-06-21,0,4.673518,0.011639007384521
2005-06-22,0.04,4.772464,0.0107254065705339
2005-06-23,0,4.534642,0.00996596806053863
2005-06-24,0,4.682284,0.00904962982923219
2005-06-25,0.03,5.340871,0.00842636427866684
2005-06-26,1.11,4.299456,0.0150978358217668
2005-06-27,0,4.406134,0.0238069698027943
2005-06-28,0,4.518274,0.0202829754708626
2005-06-29,0,4.98642,0.0175242710136203
2005-06-30,2.01,4.218043,0.0352167925063207
2005-07-01,2.51,3.436428,0.103502456127901
2005-07-02,2.69,3.093486,0.193269787154769
2005-07-03,2.75,3.373674,0.268329600981156
2005-07-04,0,4.070348,0.234261219713071
2005-07-05,4.95,3.306112,0.271330242667717
2005-07-06,0.16,2.719457,0.31290892902142
2005-07-07,11.16,2.822993,0.536043092347465
2005-07-08,8.05,2.484864,1.02571588548905
2005-07-09,8.76,2.743725,1.1096440757152
2005-07-10,0,3.170881,0.794147132198135
2005-07-11,2,3.857578,0.404176873507558
2005-07-12,0,4.588746,0.27398917345883
2005-07-13,0,4.193992,0.15715789969831
2005-07-14,0,4.556277,0.102122560526615
2005-07-15,0,4.689089,0.0720003260778802
2005-07-16,0,4.450485,0.0537358197314557
2005-07-17,0,4.211437,0.0418119113288324
2005-07-18,0,4.029562,0.0335823884554522
2005-07-19,3.24,3.882426,0.0737317986874605
2005-07-20,1.48,3.19517,0.15594675037327
2005-07-21,6.02,2.886899,0.301883709209314
2005-07-22,0,2.960662,0.364296519943206
2005-07-23,0.11,3.049948,0.197224339727016
2005-07-24,0,3.209504,0.124800897121847
2005-07-25,8.18,3.193089,0.29258593395286
2005-07-26,3.12,3.480394,0.5537040261422
2005-07-27,0.16,3.439533,0.376563037837791
2005-07-28,1.46,4.334658,0.244722395808059
2005-07-29,3.98,4.477613,0.29835017393955
2005-07-30,16.48,3.663631,0.917654082472344
2005-07-31,2.37,3.064103,1.20702924285488
2005-08-01,3.14,2.728464,0.662965126981039
2005-08-02,0,3.112624,0.41321173994501
2005-08-03,0,3.147316,0.213010124252687
2005-08-04,0.35,2.867621,0.13779067518796
2005-08-05,0,2.868614,0.0997037762486738
2005-08-06,5.47,2.5858,0.194321572811677
2005-08-07,0,2.442183,0.283378357638571
2005-08-08,3.93,2.238373,0.271271284258457
2005-08-09,0.38,2.33656,0.288998704748941
2005-08-10,0,2.587624,0.174345959150207
2005-08-11,0,2.605904,0.11087115822703
2005-08-12,2.64,2.491075,0.131954423728479
2005-08-13,0,2.714198,0.153254155448308
2005-08-14,0,2.682147,0.100096829573277
2005-08-15,13.68,2.459687,0.461211867404289
2005-08-16,3.24,2.452757,0.917525982685535
2005-08-17,0,3.099506,0.499057098859409
2005-08-18,0,3.126107,0.243931334011422
2005-08-19,0,3.283715,0.14388221425931
2005-08-20,0.68,2.803069,0.109367923240359
2005-08-21,0,2.626738,0.0904560236491761
2005-08-22,0,2.588151,0.0651064001907496
2005-08-23,0,2.943487,0.0493217977328859
2005-08-24,0.97,2.549504,0.0525340392271146
2005-08-25,0.03,2.660715,0.0571099678577432
2005-08-26,4.24,2.348806,0.122726859984403
2005-08-27,0,2.122388,0.192026498267507
2005-08-28,0,2.173436,0.119601666152078
2005-08-29,0,2.540396,0.0819625806743643
2005-08-30,0,2.784911,0.0599492793306674
2005-08-31,0,3.151083,0.0459530164309755
2005-09-01,0,3.454235,0.0364857215777153
2005-09-02,0,2.969024,0.0297699793817689
2005-09-03,0,3.078266,0.0248236060586172
2005-09-04,0.03,2.997457,0.0213476688378061
2005-09-05,0.03,3.13647,0.0189111070099896
2005-09-06,0.06,3.023247,0.0171937412835356
2005-09-07,4.47,3.103573,0.0726689586022743
2005-09-08,0,3.144351,0.15223848624013
2005-09-09,0,3.193396,0.0995673166406074
2005-09-10,8.96,2.936333,0.292476005802764
2005-09-11,3.53,2.710608,0.60232404315201
2005-09-12,0.99,2.545185,0.439039115897932
2005-09-13,2.24,2.49724,0.322813325620578
2005-09-14,0,2.562524,0.245687594054357
2005-09-15,0.03,2.23683,0.145385404532784
2005-09-16,0.91,2.673458,0.115556413786926
2005-09-17,8.84,2.069236,0.338809761844416
2005-09-18,0,1.635706,0.496073870392204
2005-09-19,0,1.576464,0.242893070885135
2005-09-20,0,1.598641,0.143414135150601
2005-09-21,0,1.659914,0.0949227102586148
2005-09-22,0,1.688629,0.0677707092829902
2005-09-23,0,1.763874,0.0510394084569295
2005-09-24,0,1.836622,0.0399849278871133
2005-09-25,0,1.970443,0.0322849413161791
2005-09-26,0.1,2.072422,0.027763784738337
2005-09-27,0,2.098127,0.0244095069856504
2005-09-28,0.38,2.107799,0.0244049522144036
2005-09-29,2.12,1.840451,0.0512882880838868
2005-09-30,2.11,1.626438,0.118538651904638
2005-10-01,1.19,1.46649,0.157347306099175
2005-10-02,6.97,1.711256,0.324708025483004
2005-10-03,2.11,1.495578,0.488954974539755
2005-10-04,0,1.52791,0.311075796791342
2005-10-05,0,1.784045,0.172868848313067
2005-10-06,0,2.027596,0.110129813705492
2005-10-07,0,2.041108,0.076615539272347
2005-10-08,0,2.00324,0.0566375289521248
2005-10-09,0,1.791158,0.043757459172047
2005-10-10,0,1.651373,0.0349527525186137
2005-10-11,0,1.661337,0.0286552303048855
2005-10-12,0,1.590911,0.0239860543112991
2005-10-13,0,1.62495,0.0204215954736323
2005-10-14,0,1.50876,0.017633941130409
2005-10-15,0,1.456775,0.0154090990783589
2005-10-16,0,1.358171,0.0136024914941999
2005-10-17,0,1.379401,0.0121135066364486
2005-10-18,0,1.207543,0.0108703202961184
2005-10-19,0.07,1.184507,0.0102442415032464
2005-10-20,5.79,1.236701,0.0811541595892976
2005-10-21,2.08,1.521519,0.256266436825944
2005-10-22,19.97,1.701719,0.950562060181144
2005-10-23,4.47,1.730524,1.50039284989178
2005-10-24,0.92,1.514964,0.741991614103233
2005-10-25,0,1.368209,0.355153833605647
2005-10-26,0.84,1.68172,0.213928269295641
2005-10-27,0,1.751443,0.152313979804931
2005-10-28,0.03,1.709431,0.100227698599951
2005-10-29,0,1.723678,0.0714814598480048
2005-10-30,0,1.571635,0.0534069888605759
2005-10-31,0,1.531022,0.0415901084262631
2005-11-01,0.43,1.626909,0.0388533212065726
2005-11-02,16.79,1.390835,0.502004988142772
2005-11-03,9.61,1.239053,1.40223231487864
2005-11-04,0.04,1.5933,0.930004976804746
2005-11-05,4.76,1.381366,0.553397546401528
2005-11-06,2.16,1.086596,0.523349987494288
2005-11-07,0,1.118102,0.329166729780544
2005-11-08,1.96,1.00812,0.236576508381813
2005-11-09,0,1.213065,0.197797495231674
2005-11-10,0.44,0.9936017,0.132816359306518
2005-11-11,0,1.051076,0.099313057993153
2005-11-12,0.69,1.050091,0.0834095989313561
2005-11-13,0.35,0.9528222,0.0810339898432997
2005-11-14,0.78,1.148047,0.0804234422267526
2005-11-15,0,0.9672437,0.0741927879084184
2005-11-16,5.97,0.8645967,0.189097663491683
2005-11-17,2.47,0.8156803,0.390428301070763
2005-11-18,0.13,0.7428913,0.292102312388113
2005-11-19,0,0.721917,0.168727214554212
2005-11-20,0,0.584867,0.108040896153272
2005-11-21,0,0.5666367,0.0754201941520323
2005-11-22,0.13,0.7606092,0.0580361551554778
2005-11-23,0,0.5914326,0.046810672047323
2005-11-24,0.03,0.6131673,0.037480777991711
2005-11-25,2.51,0.6668969,0.0689799281793498
2005-11-26,0.2,0.568899,0.108554226365431
2005-11-27,2.1,0.5638723,0.125372495189808
2005-11-28,1.01,0.5914569,0.162733926460446
2005-11-29,3.98,0.6221925,0.240638435608173
2005-11-30,0.06,0.6370068,0.270145812038305
2005-12-01,0,0.5939674,0.157213492676436
2005-12-02,0,0.5795554,0.102151301527453
2005-12-03,10.96,0.6093981,0.386781875703828
2005-12-04,10.68,0.835227,1.12803326127007
2005-12-05,20.54,0.8852936,1.97808464464069
2005-12-06,0.86,0.780482,1.7586991081712
2005-12-07,0.42,0.7203354,0.623181811841986
2005-12-08,0.22,0.7266342,0.308720153976373
2005-12-09,5.11,0.6792817,0.347016188891034
2005-12-10,0,0.641126,0.377363325254175
2005-12-11,0,0.5554378,0.19938603446898
2005-12-12,0,0.4978358,0.123161584402655
2005-12-13,0.04,0.6092603,0.0847830774043294
2005-12-14,0.06,0.6748322,0.0635781288390563
2005-12-15,0.58,0.6955155,0.0592850840787715
2005-12-16,0.39,0.6871021,0.0630036272457193
2005-12-17,6.98,0.7945831,0.231463302633666
2005-12-18,4.19,0.5647568,0.558803815221959
2005-12-19,0,0.5699394,0.433697005329909
2005-12-20,2.13,0.5453842,0.291422381636127
2005-12-21,0,0.5635263,0.235981767340563
2005-12-22,0,0.5792199,0.140281234808181
2005-12-23,0.09,0.5903021,0.0952652363215513
2005-12-24,0,0.6611409,0.0698942761319756
2005-12-25,0,0.7195387,0.0523977563554843
2005-12-26,0.06,0.689492,0.0418099095924374
2005-12-27,3.57,0.5497398,0.100758670879227
2005-12-28,1.71,0.4394627,0.21820819881574
2005-12-29,0.69,0.4475311,0.205431370286265
2005-12-30,0.27,0.3878605,0.15339572251558
2005-12-31,9.99,0.4179907,0.43774838223382
2006-01-01,1.66,0.6755196,0.730031148147241
2006-01-02,3.85,0.6891219,0.54452035093088
2006-01-03,0,0.7122377,0.416813352024595
2006-01-04,0,0.5916529,0.214353970967322
2006-01-05,0,0.5178823,0.130276512731218
2006-01-06,0.59,0.5177258,0.101298094526133
2006-01-07,0,0.4401883,0.0851230502968642
2006-01-08,0,0.4579959,0.0618826640461645
2006-01-09,0,0.5305783,0.0472229526548752
2006-01-10,0,0.4316201,0.0373660781602377
2006-01-11,0,0.4481434,0.030406526354042
2006-01-12,3.3,0.4999456,0.0802861731762526
2006-01-13,0.57,0.6123654,0.158299820082688
2006-01-14,0,0.541813,0.118065939908695
2006-01-15,0,0.4790324,0.0811035442909768
2006-01-16,0,0.391807,0.0594207291398526
2006-01-17,0.57,0.463781,0.0552669264153548
2006-01-18,18.58,0.7064641,0.716301334621788
2006-01-19,0.82,0.716875,1.3152761623706
2006-01-20,0,0.6305717,0.508440929309274
2006-01-21,2.95,0.8116945,0.355022864523897
2006-01-22,1.28,0.7315867,0.349525655338336
2006-01-23,0,0.6536101,0.234159397561845
2006-01-24,0,0.4829788,0.139450131063073
2006-01-25,0,0.4536762,0.0928097554418139
2006-01-26,0.42,0.4885271,0.0750922096724999
2006-01-27,0.11,0.5368626,0.0665919033864308
2006-01-28,0,0.4089335,0.0524027767655932
2006-01-29,0.1,0.5597329,0.0424859738619881
2006-01-30,0,0.7826701,0.035641448983259
2006-01-31,0,0.6719809,0.0291570446929759
2006-02-01,0,0.6150579,0.024363700232049
2006-02-02,0,0.5432889,0.0207134319726768
2006-02-03,0.03,0.4630497,0.0181654913789686
2006-02-04,0,0.4412431,0.0161469510967275
2006-02-05,0,0.650513,0.0142048428114609
2006-02-06,0.5,0.6916068,0.0170939502159352
2006-02-07,0.03,0.7817963,0.0207496679841529
2006-02-08,0.45,0.7870484,0.0230789152143365
2006-02-09,2.95,0.7915451,0.0742733036099848
2006-02-10,3.55,0.6819946,0.23628992908364
2006-02-11,0.36,0.7195751,0.276862648377732
2006-02-12,0,0.7037867,0.170094281446242
2006-02-13,2.59,0.6666952,0.180923264309114
2006-02-14,0.07,0.6449706,0.198104696634884
2006-02-15,0.27,0.7748904,0.131775281810521
2006-02-16,22.04,0.9732111,1.016595935223
2006-02-17,8.62,1.034805,2.14307412635354
2006-02-18,1.93,0.9502857,1.2265265996748
2006-02-19,12.73,0.9093604,1.19442664755763
2006-02-20,1.49,0.9871904,1.22308575533935
2006-02-21,1.27,0.9610401,0.580264457990194
2006-02-22,0.92,0.8301464,0.361961270984758
2006-02-23,0.03,0.7976961,0.228865041593051
2006-02-24,0,0.7065107,0.137974275313387
2006-02-25,0,0.7650482,0.0920187303151859
2006-02-26,0,0.7348837,0.0660421546254105
2006-02-27,0,0.5994329,0.0499267775195381
2006-02-28,0.4,0.594277,0.0458954210841336
2006-03-01,3.36,0.7213423,0.118067811225057
2006-03-02,0.39,0.6346496,0.197009966949787
2006-03-03,0.54,0.6573148,0.149764748723942
2006-03-04,8.84,0.6795819,0.433819809576468
2006-03-05,0,0.5950798,0.634614793722113
2006-03-06,0.59,0.5040029,0.311689226143558
2006-03-07,2.9,0.5969318,0.299352247132762
2006-03-08,0.15,0.775813,0.28531742578561
2006-03-09,11.44,0.8606969,0.645872379569876
2006-03-10,7.09,1.154469,1.2812139260868
2006-03-11,2.47,0.9804657,0.981639272185427
2006-03-12,2.76,0.8441187,0.643728858442837
2006-03-13,0.03,0.6025251,0.420321635858965
2006-03-14,0,0.6547178,0.216830190662695
2006-03-15,0,0.7655962,0.131438043870534
2006-03-16,0,0.8944366,0.0884863310135339
2006-03-17,0,0.8028612,0.0639212666469621
2006-03-18,0,0.9173837,0.0485528685942307
2006-03-19,0,0.9993356,0.0382831718556663
2006-03-20,0,1.104287,0.0310668792379639
2006-03-21,0.26,1.142912,0.0293537323575542
2006-03-22,2.34,1.023736,0.0706795265017568
2006-03-23,0.22,1.014172,0.119280919053179
2006-03-24,0,1.107618,0.0876020052049659
2006-03-25,7.77,1.273506,0.310086412805814
2006-03-26,9.73,1.683638,1.02939555825876
2006-03-27,2.62,1.950993,1.08508607463664
2006-03-28,4.06,1.834449,0.754154645754133
2006-03-29,4.41,1.489434,0.747904852935702
2006-03-30,2.53,1.371952,0.669125426394333
2006-03-31,25.72,1.717335,1.90377167593457
2006-04-01,14.39,1.762839,3.31221028562301
2006-04-02,4.83,1.549207,2.11836702583645
2006-04-03,6.34,1.504987,1.30906118872476
2006-04-04,4.98,1.340376,1.13120886516786
2006-04-05,0,1.231758,0.707742408383672
2006-04-06,0,1.136354,0.311359744299852
2006-04-07,0,1.141842,0.172986524996712
2006-04-08,0,1.253996,0.110188944329739
2006-04-09,0,1.356024,0.0766492887344783
2006-04-10,0.09,1.452778,0.0585857209459778
2006-04-11,0,1.360654,0.0469529023686961
2006-04-12,0,1.227348,0.0371792529846778
2006-04-13,0.74,1.471256,0.0427966934810024
2006-04-14,1.65,1.417903,0.086840511570089
2006-04-15,2.45,1.73055,0.189071996020978
2006-04-16,3.92,1.78059,0.372541157682007
2006-04-17,17.49,1.836359,1.36741903130168
2006-04-18,0,1.865053,1.62462526891896
2006-04-19,0,1.712098,0.537725865713115
2006-04-20,0,1.5832,0.257175995676191
2006-04-21,0,1.72232,0.149796258925598
2006-04-22,0,2.055787,0.0982898488709828
2006-04-23,0,1.906578,0.0697585054847631
2006-04-24,0,1.664318,0.0523111877121939
2006-04-25,0,2.614495,0.0408489764193213
2006-04-26,1,2.489932,0.0512122289684235
2006-04-27,0.52,2.279525,0.0745591870193777
2006-04-28,0,2.066842,0.0680994153038694
2006-04-29,0,1.879394,0.0512502774982666
2006-04-30,0,1.488974,0.0401284852375431
2006-05-01,6.57,1.242226,0.217325070926409
2006-05-02,3.03,1.63297,0.575365690762788
2006-05-03,0,2.279322,0.418430437136507
2006-05-04,0,2.74471,0.214955919878983
2006-05-05,0,3.133681,0.130559266680782
2006-05-06,3.03,2.780145,0.182424084356548
2006-05-07,0.03,2.960251,0.231031893878227
2006-05-08,0,2.775521,0.139073062242298
2006-05-09,12.56,2.514195,0.627413393803803
2006-05-10,0.38,2.528348,1.03438275279775
2006-05-11,0.03,2.437027,0.423172069913088
2006-05-12,0,2.765869,0.217978458361878
2006-05-13,1.85,2.838433,0.194966892409905
2006-05-14,17.67,2.514401,1.10333312074371
2006-05-15,0,2.326371,1.5593079711772
2006-05-16,0,2.655017,0.523974018125208
2006-05-17,5.11,2.925123,0.486842800390732
2006-05-18,1.28,2.969827,0.56296269044318
2006-05-19,0.96,3.010565,0.369777254885476
2006-05-20,2.01,2.310091,0.321809572581561
2006-05-21,20.61,2.148815,1.42782783410565
2006-05-22,2.74,2.531541,2.09151850236805
2006-05-23,6.28,2.563149,1.18309167909647
2006-05-24,2.8,2.043834,0.984594993330532
2006-05-25,2.29,1.911688,0.670272987806358
2006-05-26,8.75,2.128356,0.904631151312954
2006-05-27,14.14,2.629082,1.83024066698697
2006-05-28,2.17,2.9359,1.70323877237431
2006-05-29,1.87,2.826622,0.796699881253871
2006-05-30,10.33,2.018782,1.03867538484405
2006-05-31,3.09,1.813142,1.26273777903714
2006-06-01,1.5,1.825399,0.730430288653523
2006-06-02,2.16,1.812284,0.509531854139184
2006-06-03,0,2.259227,0.355902472804572
2006-06-04,0,2.48771,0.191000633849916
2006-06-05,0,2.742347,0.119102082461382
2006-06-06,0.29,2.678804,0.0896792588040588
2006-06-07,0,2.430686,0.0725919534355607
2006-06-08,0,2.713694,0.0541101101614674
2006-06-09,0,3.084712,0.0420640447008344
2006-06-10,0,3.324333,0.0337606289780104
2006-06-11,0,3.659721,0.0277826438638234
2006-06-12,0,3.942612,0.0233269454129823
2006-06-13,0,3.961734,0.0199106848618977
2006-06-14,0,4.422082,0.0172292443010835
2006-06-15,0.36,4.404413,0.0193478322241362
2006-06-16,6.6,3.662155,0.201685062978933
2006-06-17,0,3.213944,0.429122889720286
2006-06-18,0,3.410493,0.218914230430156
2006-06-19,0,3.942181,0.132412306066187
2006-06-20,0.54,3.871599,0.104323897676207
2006-06-21,0,3.72498,0.088861018335359
2006-06-22,0,3.518181,0.064147202708833
2006-06-23,0.48,2.880505,0.0589779554712045
2006-06-24,0,3.093686,0.0563210494981938
2006-06-25,0,3.727085,0.0435462727824859
2006-06-26,8.5,3.789807,0.311662438432997
2006-06-27,1.1,3.535503,0.666906722115675
2006-06-28,0,3.477216,0.35345785038998
2006-06-29,0,3.872422,0.190033873406699
2006-06-30,0.22,3.829599,0.125439684318961
2006-07-01,0,4.328485,0.0917236156553774
2006-07-02,0,4.433869,0.0658657407485052
2006-07-03,0,4.329465,0.0498128670694816
2006-07-04,0,4.457209,0.0391475756705389
2006-07-05,0,4.797611,0.0316867615513367
2006-07-06,0.53,4.549896,0.0345047904839621
2006-07-07,0,4.048904,0.0378419601049652
2006-07-08,0.11,3.95075,0.0324945116135093
2006-07-09,0.15,3.992552,0.0309448283553185
2006-07-10,0,3.74398,0.0281017990187701
2006-07-11,0,4.167972,0.0235683811585191
2006-07-12,0,4.747865,0.0200980674174439
2006-07-13,0,4.813864,0.0173778270753761
2006-07-14,39.93,4.265984,2.111460491042
2006-07-15,0,4.356479,3.58689805311653
2006-07-16,0,4.018706,0.868938905494721
2006-07-17,0,4.285995,0.35789883888165
2006-07-18,0,4.391714,0.191788333162316
2006-07-19,0,4.628929,0.11948575681472
2006-07-20,0,4.96938,0.0818978488316759
2006-07-21,0,5.001661,0.0599094967898269
2006-07-22,0,5.331844,0.0459267952957268
2006-07-23,2.51,4.568414,0.0915640965502411
2006-07-24,0.1,4.465701,0.14555917951499
2006-07-25,0,4.750831,0.0990673188955693
2006-07-26,0,5.349794,0.0702150313555122
2006-07-27,0,5.65498,0.0526021237839291
2006-07-28,0.03,4.900592,0.0415816708235651
2006-07-29,0.55,3.810304,0.0434058051318586
2006-07-30,0,3.927917,0.0453084592352839
2006-07-31,0.68,3.800787,0.048182652296221
2006-08-01,0.81,3.653794,0.0691541881277565
2006-08-02,4.81,3.003323,0.21856069724804
2006-08-03,10.41,2.675501,0.853278295365781
2006-08-04,0.33,2.578596,0.964449470460076
2006-08-05,18.72,2.739754,1.45930807388962
2006-08-06,1.75,3.501988,1.83362819291766
2006-08-07,0.03,3.528031,0.68340987091541
2006-08-08,0,3.567246,0.30536749078625
2006-08-09,0,3.291851,0.170495053810238
2006-08-10,0.62,2.788448,0.127211876524692
2006-08-11,1.96,2.521464,0.165332186626352
2006-08-12,10.29,2.316128,0.639958976557169
2006-08-13,2.22,2.329921,0.992161627894413
2006-08-14,0,2.424958,0.508656006998635
2006-08-15,3.32,2.519591,0.390266334338255
2006-08-16,4.86,2.672488,0.591773518206747
2006-08-17,0.52,2.662792,0.548854006313269
2006-08-18,4.93,3.122262,0.512746659527906
2006-08-19,4.55,3.004925,0.733715206992603
2006-08-20,2.29,2.870884,0.680029477346685
2006-08-21,2.98,2.601081,0.565019343962294
2006-08-22,4.1,2.593484,0.61839863340975
2006-08-23,0,2.549566,0.492607753534156
2006-08-24,0,2.728572,0.241683678894348
2006-08-25,19.03,2.385486,1.10877975280771
2006-08-26,10.92,2.386554,2.41716446019212
2006-08-27,0.5,2.413896,1.45341972825421
2006-08-28,1.12,2.515089,0.588513845580922
2006-08-29,11.05,2.100826,0.922206768857429
2006-08-30,4.72,1.925744,1.34987022723177
2006-08-31,0,2.002639,0.762017338427881
2006-09-01,0,2.103298,0.327488010338617
2006-09-02,0,2.585042,0.179609556900825
2006-09-03,0,2.825362,0.113497549331091
2006-09-04,2.85,3.081168,0.166445405262014
2006-09-05,0,3.064568,0.215649150469822
2006-09-06,0,2.807721,0.130884583369322
2006-09-07,0,3.035901,0.0881849947874159
2006-09-08,0,2.618402,0.063739392066884
2006-09-09,0,2.175367,0.0484345942401508
2006-09-10,0,2.246124,0.0382018093171671
2006-09-11,0,2.530095,0.0310084066339968
2006-09-12,0,2.718208,0.0257483444159179
2006-09-13,0,2.874105,0.0217779867225834
2006-09-14,0,2.895916,0.0187019718665571
2006-09-15,0,2.747738,0.0162664028199545
2006-09-16,0,2.73487,0.0143020540043871
2006-09-17,0,2.40794,0.01269252141204
2006-09-18,0,2.678368,0.0113555379930365
2006-09-19,1.43,2.399691,0.0267774657571048
2006-09-20,0,2.083848,0.0489034976972258
2006-09-21,0.1,2.081233,0.0403132296869797
2006-09-22,0,2.278032,0.0343295548631665
2006-09-23,0,2.649146,0.0281997055436922
2006-09-24,0,2.621812,0.0236423619572162
2006-09-25,0.7,2.68054,0.029896046353111
2006-09-26,0.71,2.27936,0.0501804897058826
2006-09-27,0.19,2.122584,0.0585869225086244
2006-09-28,0,1.876615,0.0491203155229457
2006-09-29,0,1.930407,0.0386729941716768
2006-09-30,0,2.025467,0.0313467306265286
2006-10-01,14.33,1.997627,0.552433025751832
2006-10-02,5.45,2.178683,1.43238392370712
2006-10-03,0.88,1.950745,0.870244408192875
2006-10-04,17.49,1.766855,1.41622924687509
2006-10-05,0.27,1.603188,1.67119649927984
2006-10-06,0.8,1.547164,0.605465986911026
2006-10-07,11.91,1.874038,0.958616824347197
2006-10-08,2.73,1.649406,1.2923839413999
2006-10-09,0,1.301947,0.623124792153339
2006-10-10,0,1.510334,0.285148140799667
2006-10-11,0.76,1.916001,0.189472400282711
2006-10-12,0,1.654135,0.145375758971214
2006-10-13,0.04,1.797016,0.0970891300353358
2006-10-14,0,2.025724,0.0701213582649115
2006-10-15,0,1.731451,0.052542462119438
2006-10-16,0,1.520572,0.0410056528289648
2006-10-17,0,1.403569,0.0330111036621111
2006-10-18,0,1.310002,0.0272314077790537
2006-10-19,0,1.485701,0.022908950225284
2006-10-20,2.51,1.616091,0.0648904641531507
2006-10-21,4.67,1.776714,0.297118939430469
2006-10-22,1.89,1.745203,0.474785422192617
2006-10-23,3.34,1.81631,0.484835045947645
2006-10-24,20.27,1.930539,1.63012169019116
2006-10-25,17.22,1.529007,3.22807850987081
2006-10-26,0,1.412991,2.08632023381871
2006-10-27,0,1.708703,0.628270777578498
2006-10-28,0,1.780439,0.286782425475228
2006-10-29,0.09,1.708365,0.165916416138853
2006-10-30,0.48,1.634229,0.12475904675299
2006-10-31,0,1.140033,0.099843687436876
2006-11-01,1.2,1.082988,0.103723037477139
2006-11-02,1.82,0.964431,0.171820110499935
2006-11-03,0.79,0.7605854,0.208535222073322
2006-11-04,0,0.8545902,0.157294599287258
2006-11-05,0,0.9481588,0.102193227456344
2006-11-06,0,0.9193982,0.0720414567852407
2006-11-07,0,0.9116619,0.0537618633367417
2006-11-08,0,0.8268558,0.0418294665427007
2006-11-09,0.03,0.9273551,0.0341159786003019
2006-11-10,1.1,1.114316,0.0488539208503062
2006-11-11,0.03,0.7095165,0.0650520877325633
2006-11-12,4.32,0.8355081,0.179180610780122
2006-11-13,1.85,0.9514834,0.383817502495396
2006-11-14,3.29,1.053415,0.445556069119127
2006-11-15,3.65,1.315407,0.58047561904829
2006-11-16,0,1.285559,0.465143282864113
2006-11-17,0.51,1.270585,0.253453249884435
2006-11-18,8.25,1.187549,0.557007022109985
2006-11-19,0.66,0.9402765,0.779050394200225
2006-11-20,16.94,0.9359483,1.39876925672611
2006-11-21,17.59,0.881795,3.01144451897255
2006-11-22,8.55,0.9763085,2.78311169334965
2006-11-23,1.98,0.8075814,1.51014773304875
2006-11-24,25.38,1.083009,2.45434671678691
2006-11-25,5.27,1.135842,3.15589915282526
2006-11-26,4.58,1.407379,1.52488535094771
2006-11-27,0.34,1.056545,0.848380544590431
2006-11-28,0,0.9674931,0.371560220700725
2006-11-29,0.38,1.02429,0.213293817850329
2006-11-30,0.03,0.9460962,0.146114745147635
2006-12-01,0.24,0.7327512,0.105039017000475
2006-12-02,0,0.8916934,0.0811667837470569
2006-12-03,0.1,0.8705289,0.0619761253143101
2006-12-04,13.13,1.051893,0.662684577050671
2006-12-05,16.38,1.016901,2.44746625383259
2006-12-06,4.6,1.272633,2.36011964671619
2006-12-07,2.19,0.9761119,1.16865222289847
2006-12-08,10.81,0.8848088,1.3146228970997
2006-12-09,13.83,0.9940333,2.34965708038401
2006-12-10,2.41,0.7947422,1.97549456656524
2006-12-11,0,0.6095968,0.779878058511518
2006-12-12,3.54,0.7145317,0.534631454002165
2006-12-13,2.2,0.7840955,0.599753264662938
2006-12-14,0.15,0.779254,0.415116294506644
2006-12-15,0,0.8028575,0.221272733769902
2006-12-16,0,0.5791272,0.133511270605147
2006-12-17,3.97,0.706076,0.250820503698232
2006-12-18,0,0.6121042,0.353896578112645
2006-12-19,0.22,0.6152815,0.199867192459586
2006-12-20,0,0.632099,0.132397348418918
2006-12-21,0,0.5945614,0.0890077974956182
2006-12-22,0,0.7432586,0.064235647007388
2006-12-23,0,0.6758961,0.0487571411545919
2006-12-24,0,0.6088232,0.0384236034473983
2006-12-25,0,0.6640194,0.0311677516870068
2006-12-26,0,0.5150117,0.0258668979991682
2006-12-27,0,0.5376472,0.0218687415510946
2006-12-28,0,0.5005325,0.0187731086413655
2006-12-29,0.03,0.5033704,0.0167235218049627
2006-12-30,0,0.5271747,0.0150892543356276
2006-12-31,19.35,0.668015,0.999740523458903
2007-01-01,10,0.9901223,2.76260478511629
2007-01-02,13.94,0.8833843,2.72415088336855
2007-01-03,5.28,0.7147818,2.35745554232236
2007-01-04,0.43,0.7655866,1.12331113405463
2007-01-05,3.81,0.8574706,0.697066143401574
2007-01-06,2.04,0.8818367,0.690316053354858
2007-01-07,10.9,1.043456,1.1939062715719
2007-01-08,0,0.9019123,1.29095865429651
2007-01-09,11.59,0.9696581,1.29425576831155
2007-01-10,2.4,1.184793,1.58352036496989
2007-01-11,3.14,1.032169,0.930593495282721
2007-01-12,5.24,0.8568484,0.961753437693463
2007-01-13,0.17,0.9369128,0.772208200693743
2007-01-14,0.44,1.086821,0.366172032441339
2007-01-15,0.56,0.8524475,0.245864058094036
2007-01-16,0,0.5613311,0.171212107603819
2007-01-17,0.07,0.7308876,0.111883606701262
2007-01-18,17.2,1.040246,1.14484030036604
2007-01-19,41.8,1.22803,5.90471432988921
2007-01-20,6.31,1.233655,6.11893636639341
2007-01-21,3.89,1.134227,2.11485473945325
2007-01-22,3.07,0.8719943,1.20103423467153
2007-01-23,0,0.7245337,0.675391371557631
2007-01-24,0.04,0.5394815,0.303787337585284
2007-01-25,0,0.536026,0.171886560826763
2007-01-26,0,0.4866848,0.109635754553469
2007-01-27,0.05,0.4556527,0.0779877418971474
2007-01-28,0.6,0.6817537,0.0778153512658097
2007-01-29,0.06,0.7300378,0.0799083964397618
2007-01-30,0.43,0.8509507,0.0739380647386111
2007-01-31,0,0.9172454,0.06907644069849
2007-02-01,0,0.8697195,0.0518757260963948
2007-02-02,0,0.9545065,0.0405535980823301
2007-02-03,0.03,1.060443,0.0333398950562111
2007-02-04,0,0.8533794,0.028127695718727
2007-02-05,0,0.7802819,0.0235879532216501
2007-02-06,0.33,0.6552955,0.0259912371934066
2007-02-07,4.15,0.6837842,0.170976245860531
2007-02-08,1.45,0.6847117,0.426178199405789
2007-02-09,14.03,0.7375471,1.34302814190914
2007-02-10,0.84,0.8752164,1.78061976571063
2007-02-11,3.53,0.9397408,0.900230781298292
2007-02-12,14.81,1.077894,1.85791314341116
2007-02-13,14,1.083452,3.28585653744871
2007-02-14,2.96,1.002059,2.45228757218941
2007-02-15,14.92,0.9533609,2.28531331892429
2007-02-16,0,1.003201,2.08740137606481
2007-02-17,0,0.856263,0.62847079900314
2007-02-18,0,0.8881834,0.286845838590859
2007-02-19,0,0.9038812,0.162683389737615
2007-02-20,0,0.9381504,0.104964737186423
2007-02-21,0,0.9226408,0.0736488761284361
2007-02-22,1.18,0.8813277,0.094403062359033
2007-02-23,0,1.099098,0.115441975839247
2007-02-24,1.7,1.224402,0.148521585133477
2007-02-25,10.63,1.228775,0.907934044444299
2007-02-26,14.7,1.117206,2.66020284737469
2007-02-27,4.83,1.088919,2.636597637022
2007-02-28,4.38,1.058435,1.55440401776433
2007-03-01,11.6,1.29858,1.94071929066213
2007-03-02,21.1,1.217096,3.84158901143496
2007-03-03,2.25,1.059463,3.37589260669882
2007-03-04,10.66,1.1775,2.04739821804348
2007-03-05,0,1.132171,1.65203097656666
2007-03-06,3.15,1.288491,0.791089674267029
2007-03-07,13.12,1.25329,1.74529184538444
2007-03-08,6.91,1.190425,2.54823475431261
2007-03-09,0,1.075671,1.37924168782336
2007-03-10,3.84,0.9890859,0.786420627760765
2007-03-11,0,1.10021,0.643420986246474
2007-03-12,0,1.122617,0.291562406570324
2007-03-13,0,1.163444,0.16468890923279
2007-03-14,0,1.222282,0.105989219644765
2007-03-15,0,1.334261,0.0742402731826943
2007-03-16,0,1.247331,0.0551492836298147
2007-03-17,0,1.187288,0.0427622213167905
2007-03-18,0.26,1.302366,0.0409210575711571
2007-03-19,9.03,1.262067,0.546881793243482
2007-03-20,2.67,0.9292095,1.26565428352336
2007-03-21,2.65,0.9419255,0.905033338161621
2007-03-22,2.95,0.9950124,0.819178916411028
2007-03-23,3.41,0.9648929,0.856899980720527
2007-03-24,1.67,1.007223,0.767000920991502
2007-03-25,0.7,1.132908,0.507859321206908
2007-03-26,0.42,1.37928,0.321296477755207
2007-03-27,0,1.620343,0.202069914787535
2007-03-28,0,1.48899,0.124449499158287
2007-03-29,0.59,1.497669,0.108682664908562
2007-03-30,2.19,1.519264,0.20884648464688
2007-03-31,1.49,1.430789,0.35168050632119
2007-04-01,4.1,1.46369,0.574128632406958
2007-04-02,0,1.787156,0.586932336236188
2007-04-03,0,1.808416,0.273494939188231
2007-04-04,0.17,1.409192,0.165537321189884
2007-04-05,0,1.420167,0.114523259003844
2007-04-06,0,1.52033,0.0791103434484761
2007-04-07,0,1.795482,0.0581892277277979
2007-04-08,0,1.578328,0.044789410668182
2007-04-09,0,1.574736,0.0356750268176173
2007-04-10,0,1.7514,0.0291814687794176
2007-04-11,0,1.757233,0.0243820550505473
2007-04-12,0,1.876821,0.0207275996834929
2007-04-13,0,2.341811,0.0178756933006557
2007-04-14,0,2.551093,0.0156037012864664
2007-04-15,0,2.840632,0.0137616732340388
2007-04-16,0,2.793692,0.012245536102444
2007-04-17,0,2.670284,0.0109811659464916
2007-04-18,0.11,2.251117,0.0113056332160269
2007-04-19,0.13,1.719758,0.013571189367997
2007-04-20,0,1.770438,0.0141322310097567
2007-04-21,0.04,1.881214,0.0131151985194003
2007-04-22,0.03,1.832928,0.0127213462770772
2007-04-23,0,2.150896,0.0118183455547814
2007-04-24,0,2.509893,0.0106220748646243
2007-04-25,0.07,3.020765,0.0104589579409633
2007-04-26,0,3.271975,0.0104017396674997
2007-04-27,0.06,2.898417,0.0101363970835488
2007-04-28,0.13,2.844012,0.0116093501223734
2007-04-29,0.27,2.757627,0.0162805598697728
2007-04-30,0.03,2.695275,0.0196250313738488
2007-05-01,0.12,2.543535,0.0195910742248072
2007-05-02,0.38,2.52194,0.0264212025435971
2007-05-03,0.42,2.378257,0.0411340688187862
2007-05-04,0.04,2.31667,0.0458770039865792
2007-05-05,2.18,2.334802,0.110451836656547
2007-05-06,0,2.98098,0.181112828205289
2007-05-07,0.03,2.799354,0.115503859128181
2007-05-08,13.9,2.359743,1.01346215563124
2007-05-09,1.7,2.432111,1.82945065098022
2007-05-10,16.27,2.296554,2.20099807311304
2007-05-11,0,2.832992,2.27309015115214
2007-05-12,1.85,2.430684,0.809331894385595
2007-05-13,7.03,2.432104,1.04025214419513
2007-05-14,12.83,2.564849,2.21316274389785
2007-05-15,2.6,2.491665,2.17276626323497
2007-05-16,3.76,2.153939,1.20360979189325
2007-05-17,16.22,2.091313,2.27466824155752
2007-05-18,6.62,2.256397,3.00604949112879
2007-05-19,0.03,2.471938,1.43576541714238
2007-05-20,1.88,2.900028,0.643174619775527
2007-05-21,4.18,3.202664,0.75039248626983
2007-05-22,0,3.571619,0.65919655714896
2007-05-23,0,3.647683,0.296490874627907
2007-05-24,0,3.439071,0.166772523000198
2007-05-25,0,3.89349,0.107049663973391
2007-05-26,1.06,4.039923,0.116988634691631
2007-05-27,6.98,3.436336,0.567968398308125
2007-05-28,5.02,2.637963,1.27215956103002
2007-05-29,1.49,2.297534,1.02477355531467
2007-05-30,0.6,2.112245,0.561497087164181
2007-05-31,1.34,2.319103,0.393797981393349
2007-06-01,1.79,2.886993,0.409541322871281
2007-06-02,20.56,2.596715,2.14221128828778
2007-06-03,0,3.345914,2.79377730939368
2007-06-04,0,3.388029,0.749818642513462
2007-06-05,0,3.557964,0.3239062750367
2007-06-06,0,3.826997,0.178148931431107
2007-06-07,0,4.307184,0.112771115571014
2007-06-08,3.94,4.445396,0.273938038943087
2007-06-09,29.31,4.069629,3.20457356976457
2007-06-10,10.6,4.046522,5.26415228184783
2007-06-11,0.26,3.653285,2.24310017300596
2007-06-12,0,3.829153,0.679881885085764
2007-06-13,0,3.68477,0.302880149817734
2007-06-14,0.07,3.548856,0.173079321966347
2007-06-15,4.72,3.792321,0.385630199217328
2007-06-16,1.56,3.390762,0.672695732070831
2007-06-17,2.44,2.987031,0.596853993758744
2007-06-18,2.19,3.351696,0.623088930176732
2007-06-19,1.94,3.590299,0.592396666389778
2007-06-20,0,4.275302,0.41647878099791
2007-06-21,5.57,3.97617,0.593155720604383
2007-06-22,1.22,3.414429,0.82190194379119
2007-06-23,7.81,2.879175,1.07245589953355
2007-06-24,15.35,2.890103,2.62729557722925
2007-06-25,16.25,3.422012,4.07933689807941
2007-06-26,12.71,2.821688,4.09946584508899
2007-06-27,12.36,2.464177,3.65178455583265
2007-06-28,0.24,2.467374,2.23268281853772
2007-06-29,6.39,2.686004,1.24840457605811
2007-06-30,2.92,2.81332,1.32076387433844
2007-07-01,0.47,3.224695,0.769071147253843
2007-07-02,0,3.444295,0.365025982720023
2007-07-03,4.74,3.087645,0.514792049020713
2007-07-04,19.89,2.581028,2.57814064541498
2007-07-05,6.38,2.61873,3.62450921303562
2007-07-06,6.2,2.754533,2.18161561167917
2007-07-07,2.8,2.981329,1.53942950178472
2007-07-08,0,2.818891,0.77561255025241
2007-07-09,0.54,3.114996,0.368976926233824
2007-07-10,2.31,2.686867,0.384099102747671
2007-07-11,0.5,2.718639,0.401600283532004
2007-07-12,0.93,2.523867,0.300748725489321
2007-07-13,0.56,2.937147,0.261072140924498
2007-07-14,0.13,4.014497,0.191651984438202
2007-07-15,0,4.531443,0.126134392069536
2007-07-16,0,5.0155,0.0855839927796792
2007-07-17,0,4.6067,0.0621631924556182
2007-07-18,1.56,3.865216,0.104821398902273
2007-07-19,0,3.681824,0.148967474510634
2007-07-20,4.52,3.436576,0.353974660617836
2007-07-21,10.41,3.519786,1.45153889858826
2007-07-22,0,3.150485,1.52412002762052
2007-07-23,0,3.138306,0.516453559667564
2007-07-24,1.98,2.684003,0.380099043890263
2007-07-25,3.09,3.013151,0.562558435872275
2007-07-26,0,3.201598,0.502985114890338
2007-07-27,0,3.529157,0.24529472016234
2007-07-28,0,3.510686,0.144495864009467
2007-07-29,7.5,3.272223,0.568338733190989
2007-07-30,4.42,2.760532,1.30996533135323
2007-07-31,0,2.544953,0.865016010532534
2007-08-01,0,2.506059,0.35681245268943
2007-08-02,0,2.93718,0.191359880575814
2007-08-03,4.35,3.03917,0.374274751257096
2007-08-04,0,3.266202,0.520127537221215
2007-08-05,0,3.353098,0.251196498505956
2007-08-06,0,3.860483,0.147139217215908
2007-08-07,6.47,3.64281,0.488179802454003
2007-08-08,0.32,3.062259,0.791032860137922
2007-08-09,0.88,2.778073,0.420945198809494
2007-08-10,4.67,2.509406,0.607676158255297
2007-08-11,1.23,3.238931,0.754990755802472
2007-08-12,0,3.401731,0.418445339687722
2007-08-13,2.2,3.156409,0.352202140823816
2007-08-14,0,3.074136,0.336702354179801
2007-08-15,0.62,3.234817,0.21756326781159
2007-08-16,17.63,3.471575,1.60454142515754
2007-08-17,1.03,2.780097,2.45924510666813
2007-08-18,0.17,2.514845,0.803430500532531
2007-08-19,0,2.505285,0.352064902761447
2007-08-20,6.46,2.754937,0.635898888005016
2007-08-21,4.96,2.387256,1.27694625544636
2007-08-22,3.36,2.638337,1.20793009056922
2007-08-23,26.28,2.428957,3.39770562058583
2007-08-24,0.19,2.840125,3.8573687308396
2007-08-25,0,3.021453,0.925050365916653
2007-08-26,0,3.296874,0.373212321715284
2007-08-27,0,3.230543,0.197778050794127
2007-08-28,0,2.847615,0.122387345361141
2007-08-29,0,2.279299,0.0835132401259492
2007-08-30,0,2.469016,0.0609000609300184
2007-08-31,0,2.286143,0.0465786014976122
2007-09-01,0,2.66167,0.0369199659804196
2007-09-02,0.03,2.598874,0.0307895758857867
2007-09-03,0,2.415577,0.026299328987466
2007-09-04,8.24,2.22065,0.443285900477519
2007-09-05,1.19,1.870173,1.01631603938603
2007-09-06,0.28,1.809521,0.513996711951014
2007-09-07,0.27,2.387941,0.284886960911152
2007-09-08,0.13,2.371202,0.184385348632225
2007-09-09,0,2.38547,0.122343608244395
2007-09-10,0,2.283628,0.0834889681688067
2007-09-11,1.23,1.880311,0.108092266488088
2007-09-12,0.03,2.055126,0.134013412321311
2007-09-13,0,2.068384,0.0912052034106288
2007-09-14,0,1.953667,0.0655555043858295
2007-09-15,0,2.049237,0.0496123856016407
2007-09-16,0,2.215427,0.039010325867173
2007-09-17,0,2.000933,0.0315884991221417
2007-09-18,0.77,2.077052,0.045426872084933
2007-09-19,1.61,1.658407,0.124493663945368
2007-09-20,0,1.417313,0.164577800789804
2007-09-21,0,1.713372,0.105932559505298
2007-09-22,0,1.715962,0.0742076041121388
2007-09-23,0,1.948336,0.0551287390383691
2007-09-24,0,2.258395,0.0427484443432911
2007-09-25,3.34,2.001274,0.162615186403757
2007-09-26,0,1.654806,0.302537379411021
2007-09-27,0.81,1.47894,0.21277461282343
2007-09-28,17.91,1.520576,1.63263268107251
2007-09-29,1.98,1.556552,2.58097944596217
2007-09-30,1.31,1.601824,1.01396072903253
2007-10-01,0.11,1.821827,0.509315101959472
2007-10-02,0,1.911037,0.254758898592482
2007-10-03,0,2.339129,0.148724726212224
2007-10-04,0.03,2.279755,0.0989622582778471
2007-10-05,0,2.271092,0.0713248110187572
2007-10-06,0,1.800353,0.0533076071900465
2007-10-07,0,1.587189,0.0415230194842224
2007-10-08,0,1.40789,0.033377921842726
2007-10-09,0,1.407783,0.0275014380459843
2007-10-10,1.44,1.478465,0.0612953937121793
2007-10-11,5.62,1.565396,0.43107872567265
2007-10-12,0,1.412938,0.650973845487876
2007-10-13,0,1.420557,0.293928130902222
2007-10-14,0,1.411482,0.165690586843177
2007-10-15,0,1.321315,0.106499515214849
2007-10-16,0.03,1.332127,0.0756194166552921
2007-10-17,0,1.514491,0.0570598445051887
2007-10-18,1.71,1.321046,0.104093460355974
2007-10-19,0,1.195626,0.153855671702004
2007-10-20,0,0.9941499,0.100409943701091
2007-10-21,0,0.9254265,0.0710012806516499
2007-10-22,0.83,0.8711892,0.0813702283760029
2007-10-23,0,0.9185676,0.0926045371685293
2007-10-24,0,0.914166,0.0663919252092836
2007-10-25,0,0.9609404,0.0501524278244737
2007-10-26,0,1.148504,0.0393797930745584
2007-10-27,0,1.144724,0.0318528763839389
2007-10-28,0,1.122187,0.02637553519596
2007-10-29,0,1.059696,0.0222574217743761
2007-10-30,15.28,1.071194,0.982370345246139
2007-10-31,0.77,1.080656,1.93311855908602
2007-11-01,0,0.8699238,0.666259398310254
2007-11-02,0,0.9150839,0.298681629752871
2007-11-03,0.17,1.325481,0.176471954948552
2007-11-04,0.06,1.380964,0.122861032337336
2007-11-05,0,1.182654,0.0863094476226196
2007-11-06,0,1.052429,0.0626039667950925
2007-11-07,4.39,0.9893813,0.247727743843411
2007-11-08,0.33,0.9550949,0.464590331543879
2007-11-09,9.78,1.100047,1.00192502940126
2007-11-10,9.4,0.776849,2.21073997754038
2007-11-11,3.16,0.8975085,1.89104600335058
2007-11-12,2.27,1.04977,1.07920068949251
2007-11-13,0.07,0.7597936,0.606435218008279
2007-11-14,4.77,0.7299483,0.62938200622682
2007-11-15,0.53,0.7116808,0.715266714496582
2007-11-16,0.07,0.6309774,0.357151592790908
2007-11-17,0,0.5476907,0.195730585675386
2007-11-18,0,0.6117775,0.121398629708749
2007-11-19,0,0.6262208,0.0829639737970707
2007-11-20,8.54,0.6702339,0.573722585927076
2007-11-21,4.12,0.8734195,1.38749501383108
2007-11-22,7.4,0.9561988,1.54272486754475
2007-11-23,0,1.021733,1.22483623596572
2007-11-24,1.51,0.9140477,0.563675659816567
2007-11-25,0,0.6137285,0.375906707393971
2007-11-26,1.24,0.7302099,0.272611265412378
2007-11-27,2.09,0.7178354,0.367175132794491
2007-11-28,1.41,0.7513988,0.437348347277802
2007-11-29,0,0.6026742,0.319088672478823
2007-11-30,1.29,0.5585133,0.25026460442187
2007-12-01,0.28,0.7762789,0.240757106068253
2007-12-02,12.38,0.8895213,1.11376460558932
2007-12-03,32.79,0.946073,5.31632918058585
2007-12-04,8.94,0.8325739,6.12222727273478
2007-12-05,4.38,0.7837103,2.66438071899436
2007-12-06,3.72,1.008369,1.54285822649585
2007-12-07,11.21,0.9921537,1.99570635047143
2007-12-08,12.32,0.9966976,3.16830694398879
2007-12-09,8.2,0.7202448,3.10853846787244
2007-12-10,15.1,0.8409903,3.39312581183429
2007-12-11,2.89,0.8034015,2.92131718385682
2007-12-12,1.83,0.7235334,1.25275288685346
2007-12-13,0,0.654707,0.622603340570138
2007-12-14,0,0.7352492,0.284982229159969
2007-12-15,0,0.5655723,0.161887826178316
2007-12-16,0,0.5305481,0.104557299827696
2007-12-17,0,0.4869337,0.0734132626686813
2007-12-18,0,0.4699497,0.054628563619271
2007-12-19,0,0.480215,0.0424127087020668
2007-12-20,0,0.4960719,0.0340067893239381
2007-12-21,0,0.4392978,0.0279632385827986
2007-12-22,0,0.384399,0.0234636139399341
2007-12-23,0.14,0.345081,0.0229512748353497
2007-12-24,0,0.3718117,0.0228318653922632
2007-12-25,0,0.407578,0.0195255935241598
2007-12-26,0,0.4069361,0.0169233201606577
2007-12-27,1.87,0.4828996,0.0661133101222866
2007-12-28,0.42,0.6035321,0.160536262414991
2007-12-29,0.32,0.6235852,0.14249151381185
2007-12-30,4.16,0.6364212,0.369261402572994
2007-12-31,1.4,0.6876386,0.646442966624991
2008-01-01,0.03,0.621906,0.407072439749827
2008-01-02,0.03,0.58448,0.214588710642832
2008-01-03,0,0.4672828,0.132070132224678
2008-01-04,1.14,0.5013281,0.143596839411767
2008-01-05,0,0.5589762,0.157521292294582
2008-01-06,16.79,0.7875598,1.53874621522843
2008-01-07,1.87,0.6959366,2.62195383929973
2008-01-08,3.27,0.788749,1.23629995841204
2008-01-09,0.68,0.7426555,0.825014821002632
2008-01-10,4.06,0.6748454,0.746765626115529
2008-01-11,5.15,0.8309017,1.18337435914244
2008-01-12,13.18,1.036875,2.36152750129002
2008-01-13,0.61,0.7670174,2.26091219233322
2008-01-14,0,0.6155949,0.720819393389763
2008-01-15,3.38,0.6886255,0.586419694699145
2008-01-16,8.38,0.8901357,1.38205941137827
2008-01-17,13.9,0.8797913,2.96063503748643
2008-01-18,8.22,0.8656537,3.41694891970975
2008-01-19,2.91,0.9967545,2.13126471652247
2008-01-20,0.95,1.172118,1.03692426563982
2008-01-21,0.28,1.128609,0.512128769529522
2008-01-22,3.37,1.014853,0.535603057390676
2008-01-23,5.01,0.8115083,1.02494932603955
2008-01-24,0,0.6427591,0.897570377333236
2008-01-25,0.79,0.7812077,0.428525072998758
2008-01-26,0.03,0.6253767,0.280085339467039
2008-01-27,0,0.7022861,0.161703179170696
2008-01-28,0,0.7244935,0.104462650443103
2008-01-29,0,0.797089,0.0733584947766448
2008-01-30,0,0.6987271,0.0545940324280961
2008-01-31,2.18,0.6267238,0.137110495436706
2008-02-01,5.25,0.6489212,0.648551999609539
2008-02-02,21.52,0.7490634,3.24095593217876
2008-02-03,0.1,0.6599474,3.56790211428146
2008-02-04,0,0.6299449,0.877185736072706
2008-02-05,9.06,0.8294688,1.22357038411789
2008-02-06,20.58,0.895276,3.9535428731805
2008-02-07,12.38,1.021215,5.22145985648232
2008-02-08,0.03,0.6629166,2.67059511225911
2008-02-09,0,0.70842,0.733074914144641
2008-02-10,0,0.7958283,0.318949830749609
2008-02-11,0,0.8152787,0.176118176931806
2008-02-12,0,0.9415926,0.11175810594278
2008-02-13,0,0.8856408,0.0775431740453791
2008-02-14,0,0.6740624,0.0572158444112709
2008-02-15,0.03,0.6989262,0.0451467377506485
2008-02-16,0,0.7226058,0.0369218310630734
2008-02-17,0,0.6552571,0.0300856378521614
2008-02-18,0,0.6777739,0.0250598764694074
2008-02-19,0,0.7049456,0.0212497361058933
2008-02-20,0,0.7162226,0.0182871105873208
2008-02-21,2.6,0.7442772,0.108783804087961
2008-02-22,0,0.9790944,0.24040182682508
2008-02-23,0,1.192035,0.142288293887099
2008-02-24,0,1.185586,0.0943243077575315
2008-02-25,0,1.000129,0.0674156064799482
2008-02-26,2.12,1.201867,0.151546453349921
2008-02-27,4.58,1.285197,0.61576455164211
2008-02-28,0,1.055688,0.718874372044479
2008-02-29,7.64,1.104381,1.0251959856993
2008-03-01,13.98,1.297897,2.88533789923858
2008-03-02,14.51,1.311042,4.39166112324569
2008-03-03,2.27,1.317964,3.15444926833019
2008-03-04,3.79,1.144552,1.48897842113368
2008-03-05,6.18,0.8297875,1.60344045838321
2008-03-06,0.06,0.8047804,1.23833905421189
2008-03-07,0,0.7896094,0.457882344709379
2008-03-08,0,1.051532,0.229379100400206
2008-03-09,0,1.079973,0.137259881101395
2008-03-10,1.3,1.173151,0.163087414590844
2008-03-11,8.65,1.125538,0.964037138385466
2008-03-12,25.72,1.241975,4.64755884678126
2008-03-13,7.3,1.291372,5.6028012705357
2008-03-14,3.1,1.175764,2.46161187564408
2008-03-15,4.6,1.423751,1.58229685837774
2008-03-16,1.99,1.509442,1.27134515365604
2008-03-17,13.68,1.393486,2.25468677790937
2008-03-18,1.12,1.11256,2.56610847146089
2008-03-19,0.21,1.005028,0.862498101093913
2008-03-20,1.11,0.9537075,0.473254649674183
2008-03-21,3.96,0.9723478,0.694113826462789
2008-03-22,14.98,1.012238,2.4882381703475
2008-03-23,4.63,0.9656111,3.29328559831847
2008-03-24,0,0.8544,1.40252946182785
2008-03-25,4.28,0.8129117,0.925365517408824
2008-03-26,0.83,0.8733795,0.921726427517015
2008-03-27,1.44,1.075798,0.589227075766418
2008-03-28,7.23,1.047708,1.1543459508816
2008-03-29,5.79,1.253853,1.98096097422491
2008-03-30,0,1.425041,1.30808989039291
2008-03-31,3.51,1.584664,0.819771267766345
2008-04-01,2.08,1.558716,0.931769609907043
2008-04-02,0,1.373512,0.587614348364794
2008-04-03,0,1.468333,0.273717178316172
2008-04-04,0,1.390292,0.157040052430178
2008-04-05,0.03,1.42444,0.103651592648554
2008-04-06,3.9,1.377234,0.334266145348556
2008-04-07,7.38,1.111414,1.34444691229506
2008-04-08,2.31,0.9883765,1.63358331121207
2008-04-09,0,1.064545,0.798227451834058
2008-04-10,3.14,1.20845,0.629079378642675
2008-04-11,0,1.40786,0.598991089851559
2008-04-12,0.28,1.507517,0.299648846167146
2008-04-13,0.58,1.357282,0.229774260804217
2008-04-14,8.4,1.536396,0.964299375718751
2008-04-15,14.78,1.365623,3.28956287040001
2008-04-16,0.69,1.375489,2.9455418980349
2008-04-17,0,1.221062,0.855736154102896
2008-04-18,0,1.254604,0.354234048916058
2008-04-19,0.03,1.742833,0.192413631607424
2008-04-20,3.74,1.660896,0.402651813687927
2008-04-21,0,1.951244,0.564973269001412
2008-04-22,0.26,2.048953,0.286760122145086
2008-04-23,0,2.174279,0.181629553083879
2008-04-24,5.04,2.025521,0.510053601256123
2008-04-25,1.65,2.074031,0.942554179366097
2008-04-26,0,1.909961,0.545820812874343
2008-04-27,0.03,2.157325,0.262210816384729
2008-04-28,0.03,2.335531,0.156002665376541
2008-04-29,11.5,2.059992,1.18071765366051
2008-04-30,4.31,1.869742,2.42422018849252
2008-05-01,3.17,1.863719,1.59635588814979
2008-05-02,1.36,1.690947,1.04637537210366
2008-05-03,0,2.075866,0.545001918015368
2008-05-04,0,2.265371,0.259625508917267
2008-05-05,0,2.499134,0.150878707216852
2008-05-06,0,2.454337,0.098856791012128
2008-05-07,0,2.760771,0.0700915004381962
2008-05-08,0,2.772447,0.0525234415161677
2008-05-09,0,2.752635,0.0409927725641603
2008-05-10,0,2.856082,0.033001960797384
2008-05-11,0.19,3.075909,0.0327282579693976
2008-05-12,0.15,2.946628,0.0378389485017748
2008-05-13,0.04,2.949599,0.0370825613947349
2008-05-14,0,3.09572,0.0314957095618897
2008-05-15,2.7,3.083371,0.14791223566791
2008-05-16,1.65,2.917915,0.434160543049615
2008-05-17,3.85,3.028585,0.726435520897614
2008-05-18,6.12,2.639001,1.38797765482201
2008-05-19,2.02,2.339387,1.43029837033281
2008-05-20,0,2.383156,0.713733664889923
2008-05-21,0,2.42365,0.313164957745915
2008-05-22,0,2.461305,0.173733777428818
2008-05-23,0,2.606313,0.110564143066559
2008-05-24,0,2.867994,0.0768633268097024
2008-05-25,1.17,2.629301,0.111864541660609
2008-05-26,1.54,3.350946,0.250763401766061
2008-05-27,1.75,3.523205,0.405001860492699
2008-05-28,3.7,3.655748,0.70113239867354
2008-05-29,3.92,3.761087,1.09445710997732
2008-05-30,44.47,3.50933,6.80509199352339
2008-05-31,5.93,3.697579,8.89265350512797
2008-06-01,0,3.368706,2.26146638781148
2008-06-02,0,3.454565,0.660043310835234
2008-06-03,0.52,3.971857,0.339153000781382
2008-06-04,0.03,3.45583,0.226525249827765
2008-06-05,0,3.141066,0.137916975353835
2008-06-06,6.47,3.078773,0.599479580517291
2008-06-07,6.19,3.13277,1.68966003704084
2008-06-08,0.92,2.787799,1.3943613375827
2008-06-09,2.18,3.755817,0.805940592742916
2008-06-10,0,4.159685,0.556467725892304
2008-06-11,0,4.07287,0.263459267880109
2008-06-12,0,3.136269,0.152565961253782
2008-06-13,9.25,2.231893,0.898772160232636
2008-06-14,1.04,2.320891,1.56140237968045
2008-06-15,4.75,2.339798,1.14327024243919
2008-06-16,0,2.462896,0.954344650089461
2008-06-17,0,2.820332,0.38104632467698
2008-06-18,0,3.041625,0.200807272635538
2008-06-19,0,3.119525,0.123844271025482
2008-06-20,4.62,3.22411,0.407983016778907
2008-06-21,0,3.121795,0.65143197326409
2008-06-22,0,3.957402,0.294071263031294
2008-06-23,7.5,3.921468,0.826135462373979
2008-06-24,0,3.118923,1.17678525205735
2008-06-25,0,3.932298,0.43738233785837
2008-06-26,2.13,3.92766,0.388688543969327
2008-06-27,0,3.264205,0.384972682934596
2008-06-28,0.95,2.940106,0.270531601979268
2008-06-29,0.07,3.492742,0.229946885121077
2008-06-30,0,3.630979,0.142050183637472
2008-07-01,0,3.509337,0.0941975755284784
2008-07-02,0,3.987754,0.0673403293191249
2008-07-03,16.77,4.305755,1.59976402168453
2008-07-04,11.97,3.173422,4.24765675427495
2008-07-05,1.13,2.994688,2.67888505242887
2008-07-06,0.13,3.229766,0.873214747156508
2008-07-07,0,3.301082,0.371001856601694
2008-07-08,9.3,2.906226,1.06346417224727
2008-07-09,2.43,2.796363,1.77234920453909
2008-07-10,0,3.03377,0.834928375066481
2008-07-11,0,3.840116,0.34840850474525
2008-07-12,2.24,3.249845,0.354892337038011
2008-07-13,0,2.98676,0.377160977052281
2008-07-14,0,2.936294,0.199307802008263
2008-07-15,0,3.006315,0.123123961289831
2008-07-16,0,3.390598,0.0839216721168999
2008-07-17,1.09,3.188794,0.112023516866469
2008-07-18,0.4,2.974626,0.163755157065791
2008-07-19,0.21,3.080645,0.141215079071401
2008-07-20,7.19,3.261246,0.671188796123909
2008-07-21,0.21,2.597297,1.07726202982827
2008-07-22,1.34,2.307831,0.552364797765145
2008-07-23,0.06,2.812069,0.382608572533218
2008-07-24,0,3.277093,0.205832821397248
2008-07-25,0,3.537541,0.126246140303619
2008-07-26,0,3.927065,0.0856454881316364
2008-07-27,2.42,3.987414,0.190853153362932
2008-07-28,0.06,3.798034,0.298004322571017
2008-07-29,1.85,4.33812,0.299499042767764
2008-07-30,0,3.829969,0.30967566224398
2008-07-31,0,4.094183,0.172288033859632
2008-08-01,0,4.489154,0.109837785420143
2008-08-02,1.8,3.655958,0.171579044185094
2008-08-03,1.33,3.235747,0.325840682465511
2008-08-04,0.73,3.530902,0.333596881816716
2008-08-05,19.38,3.289647,2.2478103349587
2008-08-06,0,3.059017,3.11894000649984
2008-08-07,0,3.816206,0.800491101694039
2008-08-08,1.47,3.372968,0.459398929788895
2008-08-09,12.14,2.922485,1.57466081415975
2008-08-10,0,3.065935,1.96351660186024
2008-08-11,0.59,3.044565,0.660566027946641
2008-08-12,0.17,3.0177,0.360514748611218
2008-08-13,10.38,3.14744,1.15668663789783
2008-08-14,0.12,2.845515,1.62240632221379
2008-08-15,0,2.63938,0.549193071829475
2008-08-16,0,2.581485,0.261030575371148
2008-08-17,0,2.573532,0.151498054941747
2008-08-18,3.53,2.644942,0.326382614761205
2008-08-19,0,3.151406,0.473433511656249
2008-08-20,2,3.057616,0.385435518610508
2008-08-21,2.14,2.546305,0.544514895969253
2008-08-22,0,2.659502,0.444185339837776
2008-08-23,17.94,2.472761,2.04941865287309
2008-08-24,0.82,2.336311,2.96562631883771
2008-08-25,4.22,2.28043,1.31542529574603
2008-08-26,0.73,2.543905,0.988969408144052
2008-08-27,0,2.736315,0.457692649634963
2008-08-28,0,2.422829,0.229310913441578
2008-08-29,0,2.708872,0.137228531456502
2008-08-30,0,2.834149,0.0916181196739263
2008-08-31,0,2.963003,0.0658026433032316
2008-09-01,0,3.136793,0.0497721088634274
2008-09-02,0,2.765324,0.0391196813221468
2008-09-03,8.98,2.591131,0.642134115700978
2008-09-04,5.54,2.02723,1.84846843034932
2008-09-05,0,2.087481,1.19579891505008
2008-09-06,22.84,2.234071,3.00434144623541
2008-09-07,2.08,2.491171,4.04308428492295
2008-09-08,5.07,2.183521,1.74630532079412
2008-09-09,0,2.223232,1.12365309318921
2008-09-10,0.48,2.357897,0.46537299144217
2008-09-11,0.05,2.711845,0.273269095995566
2008-09-12,1.02,2.571753,0.225583416956814
2008-09-13,19.29,2.192404,2.19583379264549
2008-09-14,17.53,1.801987,5.43977193763175
2008-09-15,0,1.65603,3.45463895656381
2008-09-16,0,1.569091,0.850079008600279
2008-09-17,0,1.723211,0.352656304578158
2008-09-18,0,1.538599,0.189716361977726
2008-09-19,0,1.440773,0.11847547933434
2008-09-20,0,1.624273,0.0813329202835307
2008-09-21,0,1.499982,0.0595619892331206
2008-09-22,0,1.462788,0.0456975928668756
2008-09-23,0,1.543511,0.0363081002275463
2008-09-24,1.27,1.557238,0.0749510167924918
2008-09-25,0.03,1.743072,0.121686910348673
2008-09-26,0,1.777951,0.0846408096062754
2008-09-27,0,1.691646,0.0615887826142789
2008-09-28,0,1.566538,0.0470304668213151
2008-09-29,0,1.479006,0.037232934302215
2008-09-30,0.09,1.403472,0.0328455886027715
2008-10-01,12.24,1.423459,0.979527015510084
2008-10-02,10.71,1.603801,3.12112447750315
2008-10-03,7.7,1.331589,3.10188205878715
2008-10-04,2.2,1.207945,2.00173219597191
2008-10-05,0.46,1.28195,0.900238428239951
2008-10-06,19.77,1.357242,2.63530405537854
2008-10-07,18.28,1.796667,5.82886123377286
2008-10-08,0.39,1.851831,3.71931823034571
2008-10-09,3.01,1.693426,1.26588848273021
2008-10-10,0,1.541978,0.778618525427358
2008-10-11,0,1.505726,0.332323700567822
2008-10-12,0,1.464269,0.181572521301045
2008-10-13,0,1.640103,0.11447098036314
2008-10-14,0.03,1.684482,0.0804587148787781
2008-10-15,0,1.723606,0.060347932268229
2008-10-16,6.44,1.607637,0.481952004917265
2008-10-17,6.29,1.359308,1.59756625709569
2008-10-18,0,1.061353,1.25832019260023
2008-10-19,0,0.9860402,0.456812730212517
2008-10-20,0,1.017413,0.228994479347255
2008-10-21,0,1.192877,0.137083007766933
2008-10-22,8.05,1.485108,0.742197547089616
2008-10-23,0,1.128306,1.20503523365459
2008-10-24,0,1.0494,0.444181663362385
2008-10-25,0.56,1.046068,0.265214325363583
2008-10-26,0.03,1.328017,0.194851030745419
2008-10-27,0.36,1.20419,0.143532937794259
2008-10-28,16.64,1.214173,1.77262230081295
2008-10-29,0.09,0.8992387,2.72633512199861
2008-10-30,0.03,0.8252401,0.752136264137413
2008-10-31,6.76,0.8487676,0.984746136748677
2008-11-01,6.67,0.9492341,1.93699000399675
2008-11-02,5.93,1.065562,2.12373213256681
2008-11-03,0,1.212667,1.34761446373736
2008-11-04,0,1.21,0.477444890576128
2008-11-05,0,1.229064,0.236353630368586
2008-11-06,0.04,1.220242,0.14284637255134
2008-11-07,0,1.106355,0.0968561148110024
2008-11-08,0.22,1.076346,0.0788036022318144
2008-11-09,0.12,1.066963,0.0733998535074015
2008-11-10,16.72,1.144974,1.66541901097368
2008-11-11,3.07,1.35316,3.13124540445163
2008-11-12,7.76,1.217076,2.11816408409192
2008-11-13,2.81,0.984596,1.94128934547881
2008-11-14,0,0.9072889,0.923650215950936
2008-11-15,0,0.8128485,0.372835196294057
2008-11-16,0,1.049573,0.197631637375238
2008-11-17,1.05,1.131416,0.187900568590776
2008-11-18,0,0.722122,0.189517888974784
2008-11-19,0.15,0.7668845,0.126920658493465
2008-11-20,0.06,0.932976,0.0973185872154436
2008-11-21,0.45,1.017081,0.0936399155586234
2008-11-22,3.59,0.8411904,0.334459165628803
2008-11-23,5.45,0.5957714,1.07581535566922
2008-11-24,6.59,0.5635995,1.80702071346242
2008-11-25,1.93,0.6263418,1.60409513110337
2008-11-26,0.24,0.5752641,0.772028949762535
2008-11-27,0,0.583843,0.352605702109807
2008-11-28,0.11,0.587428,0.19726094054274
2008-11-29,0,0.5019052,0.129158780282449
2008-11-30,0,0.5312045,0.0872430855932833
2008-12-01,9.93,0.603584,0.904718662297297
2008-12-02,8.54,0.5807372,2.64377182750665
2008-12-03,6.06,0.6438079,2.61249902570523
2008-12-04,16.63,0.5693876,3.69624204775243
2008-12-05,12.41,0.5931328,4.99062002082475
2008-12-06,14.54,0.7686026,4.86858708308181
2008-12-07,2.09,0.7174219,3.41367137052585
2008-12-08,0.35,0.6800738,1.14971967213107
2008-12-09,0,0.4742816,0.467185644307866
2008-12-10,1.35,0.5283458,0.343069492990514
2008-12-11,0,0.5824368,0.300433626173728
2008-12-12,0,0.5523222,0.168430718714851
2008-12-13,0,0.5418535,0.107890764297374
2008-12-14,0,0.4912891,0.0753340522678236
2008-12-15,1.34,0.5968961,0.123868295456619
2008-12-16,0,0.6298593,0.172287549766606
2008-12-17,0,0.5125397,0.109837541898577
2008-12-18,3.14,0.4948456,0.285376156660145
2008-12-19,0.18,0.5711073,0.461725523544938
2008-12-20,0.82,0.6786007,0.312440901696414
2008-12-21,2.84,0.8044328,0.487901698612244
2008-12-22,0.42,0.9259063,0.559109898803245
2008-12-23,0.46,0.8907094,0.341226102115499
2008-12-24,0,0.7651861,0.221906894124179
2008-12-25,0,0.6401317,0.133806115130675
2008-12-26,0,0.6911374,0.0897716803965986
2008-12-27,0,0.5303401,0.064695364162193
2008-12-28,0,0.4579273,0.0490554590723473
2008-12-29,0,0.4541913,0.0386284837898634
2008-12-30,0,0.4023186,0.0313148019926889
2008-12-31,0,0.3799093,0.0259762182689988
2009-01-01,1.31,0.4981534,0.0687949626786929
2009-01-02,0,0.5284282,0.123878996987796
2009-01-03,0,0.4171373,0.0843396269334482
2009-01-04,0,0.4748072,0.061405035719393
2009-01-05,0,0.4247358,0.0469100173164969
2009-01-06,0.8,0.4707253,0.0689475858187267
2009-01-07,0,0.3720257,0.0925166509854956
2009-01-08,0,0.2919532,0.0663394855476263
2009-01-17,0.42,0.5584137,0.0678601231589062
2009-01-18,1.32,0.6813924,0.143576793804528
2009-01-19,22.13,0.7308494,2.78866555847718
2009-01-20,12.78,0.8144309,5.86497247558307
2009-01-21,1.41,0.6632489,3.21365287552544
2009-01-22,0.06,0.6236257,0.999516797969768
2009-01-23,4.57,0.6471815,0.875856636344272
2009-01-24,33.84,0.7914717,5.6586598651018
2009-01-25,0,0.6569303,6.5133678822374
2009-01-26,0,0.5699618,1.21892150218346
2009-01-27,0,0.5521673,0.447497400612744
2009-01-28,0,0.5509913,0.225630056615475
2009-01-29,0,0.5108741,0.135531671421704
2009-01-30,0,0.5765682,0.0907042783354026
2009-01-31,0,0.5665488,0.0652553201899098
2009-02-01,0,0.5220466,0.0494182029930502
2009-02-02,0,0.5541468,0.0388772849735032
2009-02-03,2.77,0.6129549,0.178303873909999
2009-02-04,2.17,0.6787131,0.554712638977066
2009-02-05,0.51,0.666439,0.532545842268428
2009-02-06,0.96,0.7441937,0.388581299545944
2009-02-07,0.07,0.812506,0.29422304777668
2009-02-08,0.25,0.7806473,0.189024876999126
2009-02-09,0,0.678167,0.135207520272024
2009-02-10,15.43,0.6765619,1.74806141645048
2009-02-11,20.33,0.8420598,5.8124569691276
2009-02-12,4.13,0.6997881,4.94446131737385
2009-02-13,0.9,0.6415553,1.74805744442233
2009-02-14,0.18,0.6504734,0.690116508605323
2009-02-15,0.41,0.6711149,0.360956880648752
2009-02-16,0.42,0.552574,0.261967369576406
2009-02-17,2.34,0.7636287,0.38282198047777
2009-02-18,3.1,0.9284083,0.757466813269585
2009-02-19,0,0.6204886,0.671968340642311
2009-02-20,0.2,0.6515353,0.318091893572005
2009-02-21,0.37,0.8463477,0.220222712654217
2009-02-22,0.16,0.9237023,0.171612207223959
2009-02-23,0.76,0.9415536,0.17075244554468
2009-02-24,3.07,0.9503117,0.424350291252825
2009-02-25,0,0.9155488,0.529226503906921
2009-02-26,0,0.7839816,0.254297935703934
2009-02-27,0.03,0.9587813,0.150544554735558
2009-02-28,0.23,1.007072,0.114058058747066
2009-03-01,0,1.191543,0.0922993910388151
2009-03-02,0.53,1.088806,0.0933279924345845
2009-03-03,0,1.150314,0.0970734011638971
2009-03-04,0,0.8627117,0.069042378950135
2009-03-05,12.68,0.9743282,1.30762316656715
2009-03-06,0.84,0.9225834,2.33613288101941
2009-03-07,0.99,0.9523436,0.892918711117982
2009-03-08,0,0.939773,0.470286092512183
2009-03-09,5.36,1.143397,0.769560833416662
2009-03-10,3.37,0.9731626,1.38902848021989
2009-03-11,8.83,1.015949,2.05289893082955
2009-03-12,0.06,1.048857,1.85179363592536
2009-03-13,0.48,1.019982,0.642949919159033
2009-03-14,0.72,1.293924,0.406451641039896
2009-03-15,0.19,1.283224,0.291594421988624
2009-03-16,0,1.359721,0.179752489288544
2009-03-17,0,1.362313,0.113568538812017
2009-03-18,0,1.166164,0.0785703953711303
2009-03-19,0,1.158998,0.057854373280531
2009-03-20,0,1.102972,0.0445672047330271
2009-03-21,0,0.983947,0.0355197669088701
2009-03-22,0,1.010108,0.0290685019710255
2009-03-23,0,1.030969,0.0242971399422808
2009-03-24,7.42,1.207847,0.576362500772763
2009-03-25,3.03,1.04511,1.55266985839278
2009-03-26,9.97,0.9790548,2.20926646662512
2009-03-27,8.64,1.175474,3.30461931206024
2009-03-28,6.76,1.249385,3.04713690649812
2009-03-29,7.82,1.244052,2.85651163894603
2009-03-30,0.22,1.239028,1.90156119141928
2009-03-31,0,1.257783,0.619858019047692
2009-04-01,0,1.32152,0.284107806853128
2009-04-02,0,1.635394,0.161513921068293
2009-04-03,0,1.998539,0.104365604169269
2009-04-04,0,1.927537,0.073302326651267
2009-04-05,0,1.846024,0.0545586122945736
2009-04-06,0,1.729523,0.0423657051769292
2009-04-07,0,1.879651,0.0339736259791522
2009-04-08,0.04,1.726466,0.0291822793938222
2009-04-09,2.02,1.751832,0.119582298520137
2009-04-10,0.75,2.091525,0.295391258807588
2009-04-11,0,2.379295,0.228824939764276
2009-04-12,0.58,2.365185,0.177056858327968
2009-04-13,0,2.273704,0.153441717388618
2009-04-14,0,2.278798,0.100194501759838
2009-04-15,0,2.300572,0.0708752973805374
2009-04-16,0,2.3718,0.0530221519761599
2009-04-17,3.56,1.90995,0.265829482955251
2009-04-18,15.77,1.691137,2.51742735328879
2009-04-19,5.1,1.740955,3.79211741139471
2009-04-20,0.18,2.139026,1.6365374497315
2009-04-21,0,2.229018,0.56114145150038
2009-04-22,0,2.324557,0.265012937019366
2009-04-23,0,2.078975,0.153247367072948
2009-04-24,0,1.648623,0.100093293898102
2009-04-25,0,1.794894,0.0708160906024628
2009-04-26,0.46,1.865264,0.0741837578813342
2009-04-27,6.76,2.318762,0.665622608091862
2009-04-28,1.71,1.983741,1.32587119447029
2009-04-29,2.46,1.786177,0.956115287678559
2009-04-30,7.16,1.590243,1.5391325816417
2009-05-01,0,1.930967,1.46293154040985
2009-05-02,0.75,2.3378,0.5815630440412
2009-05-03,0,2.708936,0.344576073625381
2009-05-04,0,2.077851,0.186500824312977
2009-05-05,0,1.902105,0.116900797964952
2009-05-06,0.44,1.818944,0.104541202578004
2009-05-07,0,2.122687,0.0991257677280464
2009-05-08,0,2.36927,0.0702493154283007
2009-05-09,1.77,2.434079,0.15040776685025
2009-05-10,4.72,2.094593,0.69041587331298
2009-05-11,3.48,2.453522,1.26820349367018
2009-05-12,12.49,2.420822,2.52791738773258
2009-05-13,10.29,2.145917,4.01226337980408
2009-05-14,0,2.610996,2.43224615508181
2009-05-15,18.19,2.775262,3.13971310609112
2009-05-16,4.95,2.446969,4.31571496255239
2009-05-17,0.25,2.197536,1.70325551634865
2009-05-18,1.37,2.456547,0.73491417621407
2009-05-19,0,2.339,0.463756367928062
2009-05-20,0,2.561159,0.231485204314852
2009-05-21,0,2.958158,0.138226687849773
2009-05-22,4.02,3.057369,0.407601475231927
2009-05-23,0,2.734146,0.633259211542518
2009-05-24,0,2.907868,0.288361463115437
2009-05-25,0,3.913302,0.163329082566771
2009-05-26,0,4.20187,0.105294985358528
2009-05-27,1.01,2.944525,0.131097557059528
2009-05-28,0,2.174284,0.15646797371394
2009-05-29,0.68,2.622108,0.143571313938442
2009-05-30,0,2.931649,0.14023946900233
2009-05-31,0,2.895581,0.0932318486045637
2009-06-01,0,2.892344,0.0667658703240325
2009-06-02,0,3.310001,0.0503933860667925
2009-06-03,0,3.607307,0.0395443915573522
2009-06-04,0,2.896547,0.0319705154399881
2009-06-05,0,2.329021,0.0264626924011351
2009-06-06,0,2.304042,0.0223239121460106
2009-06-07,1.87,2.10746,0.0931858761562283
2009-06-08,6.38,2.410382,0.805242089114708
2009-06-09,1.94,2.655424,1.33504212658871
2009-06-10,2.03,3.00336,0.925791422980804
2009-06-11,13.09,2.789467,2.22594333492961
2009-06-12,6.23,2.703289,3.37746696674883
2009-06-13,0,2.706008,1.69110313893011
2009-06-14,0,3.054897,0.551457231967472
2009-06-15,2.03,3.646948,0.443501016954125
2009-06-16,26.93,3.054263,3.98898742091654
2009-06-17,1.2,2.916752,5.29531817148585
2009-06-18,0,3.165088,1.24963283858656
2009-06-19,0,3.165592,0.454770247933163
2009-06-20,0,2.899616,0.228259063980601
2009-06-21,0.5,2.424626,0.170235938661208
2009-06-22,5.11,2.306557,0.593721293838658
2009-06-23,0,2.570292,0.84724161775927
2009-06-24,0,3.037999,0.351863272727201
2009-06-25,0,3.666297,0.189401965008148
2009-06-26,0,4.08087,0.118321882839613
2009-06-27,0,3.896434,0.0812469185576545
2009-06-28,4.36,3.516741,0.365833971180506
2009-06-29,0.19,3.851752,0.655920357298175
2009-06-30,3.32,4.325484,0.63416966327091
2009-07-01,0,4.590717,0.639387320181947
2009-07-02,0,4.611983,0.290294304693668
2009-07-03,0,4.923543,0.164150816228294
2009-07-04,0.33,4.393494,0.124901364664816
2009-07-05,0,4.346181,0.104297830069388
2009-07-06,0.22,4.249085,0.0839991526280442
2009-07-07,9.25,3.612511,0.888123744181008
2009-07-08,4.31,2.889095,2.050922885025
2009-07-09,7.1,2.987057,2.05520302776115
2009-07-10,3.41,2.577553,1.97644203477885
2009-07-11,0.05,2.505075,1.02916159341696
2009-07-12,0,2.786487,0.405653326878861
2009-07-13,4.19,3.123471,0.585212486533683
2009-07-14,4.31,3.615325,1.20822369969224
2009-07-15,0,3.802904,0.946681768361782
2009-07-16,0,3.788282,0.379007355652638
2009-07-17,0,3.844505,0.200021081721407
2009-07-18,4.98,3.326695,0.531293239024806
2009-07-19,1.22,2.89138,0.91669115915875
2009-07-20,5.51,2.987741,1.09246328146835
2009-07-21,0.16,3.315642,1.0790783406864
2009-07-22,9.65,4.311081,1.51007507648963
2009-07-23,5.99,4.281851,2.53669742539365
2009-07-24,8.85,3.467221,2.63858888836364
2009-07-25,3.42,3.112767,2.3539056941377
2009-07-26,0.59,2.964768,1.16899976751786
2009-07-27,0,3.303321,0.497502437440859
2009-07-28,2.58,3.164488,0.467453161321843
2009-07-29,0,3.047309,0.479511539358798
2009-07-30,9.48,3.582638,1.21294461866469
2009-07-31,0.08,3.123845,1.64290947658589
2009-08-01,0,2.961106,0.550285802558613
2009-08-02,0,3.487834,0.26139620608132
2009-08-03,9.39,3.043829,1.05674011607633
2009-08-04,0.63,2.967963,1.64364465594556
2009-08-05,0,3.08849,0.611483518024792
2009-08-06,0,3.394183,0.28143061974156
2009-08-07,0,3.823559,0.160366671662871
2009-08-08,0.15,3.863287,0.112076130020397
2009-08-09,0,3.549021,0.0858079381035584
2009-08-10,0,3.526416,0.062299353687961
2009-08-11,0,3.736363,0.0474955412793192
2009-08-12,1.65,3.35621,0.111627419473128
2009-08-13,0,3.343398,0.183581433214196
2009-08-14,30.19,3.129776,3.69855177503251
2009-08-15,0,2.944408,5.36690622796584
2009-08-16,0,3.172161,1.09431151249072
2009-08-17,0,3.704509,0.417099350385219
2009-08-18,0,3.453029,0.214460495904039
2009-08-19,0,3.122391,0.130326569331813
2009-08-20,0,3.664809,0.0878808206987954
2009-08-21,2.08,4.415073,0.180167421906776
2009-08-22,5.15,2.893412,0.752911725842665
2009-08-23,0,2.789335,0.883240715502419
2009-08-24,0,2.830374,0.361841690783367
2009-08-25,0,3.23881,0.193339359884269
2009-08-26,2.52,3.113473,0.295744792715277
2009-08-27,0,2.899563,0.380694426767047
2009-08-28,0,3.16247,0.20067169811863
2009-08-29,0.17,2.683121,0.133719576871936
2009-08-30,0,2.244487,0.0993145991854909
2009-08-31,0,2.166915,0.0703600424562432
2009-09-01,0,2.650404,0.0526944481946014
2009-09-02,11.1,2.558096,0.965433111009781
2009-09-03,0.46,2.521474,1.78116141068258
2009-09-04,11.03,2.443825,1.89140436822227
2009-09-05,15.91,1.931925,4.14900440983777
2009-09-06,0,2.043467,3.16632123444806
2009-09-07,0,1.951387,0.807648561245716
2009-09-08,0,2.27679,0.340675843628008
2009-09-09,0,2.516431,0.184938974863877
2009-09-10,0,2.670638,0.116132918578072
2009-09-11,0.13,2.524838,0.0863119355524657
2009-09-12,0,2.304254,0.0688222202005496
2009-09-13,0,2.255469,0.0517131754303998
2009-09-14,0.23,1.891005,0.0486479437880441
2009-09-15,1.65,1.85738,0.126007480887436
2009-09-16,0,2.043344,0.193313705018318
2009-09-17,0,2.336488,0.120227345743749
2009-09-18,0,2.48835,0.0823117117325304
2009-09-19,0,2.431557,0.0601637181161179
2009-09-20,0.65,2.425047,0.0724660860212215
2009-09-21,0.23,2.541699,0.0969142788258413
2009-09-22,0,2.51324,0.080483039625971
2009-09-23,0,2.130404,0.0590381207435906
2009-09-24,0,2.048132,0.0453515377821777
2009-09-25,0,2.136672,0.0360671545286166
2009-09-26,0,1.807652,0.0294664092394086
2009-09-27,0,1.744725,0.0245960134058618
2009-09-28,0,1.806492,0.0208926376420299
2009-09-29,0,1.737427,0.0180058821617612
2009-09-30,0,1.9004,0.0157083647506599
2009-10-01,0.05,2.088927,0.0147957709736143
2009-10-02,0,1.704401,0.0141150371057163
2009-10-03,0,1.398388,0.0125380389563417
2009-10-04,0,1.361371,0.0112263066981505
2009-10-05,0.79,1.736741,0.0267725497826517
2009-10-06,16.58,1.611057,1.59784586867876
2009-10-07,3.44,2.17422,3.11512628811247
2009-10-08,4.29,2.514847,1.72160073459631
2009-10-09,7.33,2.106764,1.91529587722049
2009-10-10,0.03,1.651734,1.48532293384821
2009-10-11,10.96,1.763238,1.72647342062652
2009-10-12,11.68,1.523339,3.45881083938987
2009-10-13,3.97,1.425926,2.9230933655998
2009-10-14,0.55,1.263709,1.3209209654623
2009-10-15,0,0.9227384,0.528139409631111
2009-10-16,0,0.8372267,0.253928507422431
2009-10-17,0.47,1.013969,0.178474657190204
2009-10-18,2.54,1.11932,0.326885052883942
2009-10-19,0,0.9196151,0.397544026288415
2009-10-20,0,0.8473702,0.207112177418344
2009-10-21,0,1.016953,0.126854603553252
2009-10-22,0.1,1.374926,0.0909170349778833
2009-10-23,0.44,1.216016,0.0909640154739775
2009-10-24,0,1.176927,0.0877638379596726
2009-10-25,4.47,1.266465,0.359731462212497
2009-10-26,0.56,1.360998,0.669894571396714
2009-10-27,0.05,1.25101,0.354604538554722
2009-10-28,0,1.286191,0.19424345961006
2009-10-29,0,1.015541,0.120678468087275
2009-10-30,0,1.051226,0.0825631346050277
2009-10-31,0,1.129001,0.0603180101174763
2009-11-01,0,1.032294,0.046195877006297
2009-11-02,20.83,1.156498,2.1209023846634
2009-11-03,6.45,1.144117,4.37116329945194
2009-11-04,12.17,1.024777,3.42955499640601
2009-11-05,10.72,1.058499,3.9552762530283
2009-11-06,3.44,1.012393,2.83381942493314
2009-11-07,1.53,1.027264,1.36314700357204
2009-11-08,9.83,0.9694805,1.79659953015107
2009-11-09,0,0.9081361,1.83119515644948
2009-11-10,0.68,0.9466661,0.648451553195713
2009-11-11,0.4,0.9018559,0.391302486313468
2009-11-12,0,0.802691,0.237197771274007
2009-11-13,0.44,0.8808149,0.169082362493096
2009-11-14,0.28,1.266484,0.15397436252035
2009-11-15,3.53,1.267145,0.380644340169108
2009-11-16,2.45,1.136858,0.786616995439129
2009-11-17,13.31,1.21371,2.17710912636946
2009-11-18,11.27,1.138559,4.00210568066626
2009-11-19,0,1.074777,2.49036790153247
2009-11-20,0,0.9915159,0.699804046380025
2009-11-21,0,0.9228478,0.308958004444504
2009-11-22,0.21,1.127094,0.186422521005783
2009-11-23,4.53,1.124333,0.498052994851406
2009-11-24,24.24,1.063332,3.89977288503076
2009-11-25,7.41,1.147095,5.62436496152626
2009-11-26,8.44,1.082727,3.33902502478411
2009-11-27,7.14,0.9823672,2.97033404323668
2009-11-28,10.81,0.9250795,3.22871357978681
2009-11-29,18.35,0.9301861,5.012906302296
2009-11-30,5.78,0.966407,4.6918658466575
2009-12-01,0.33,0.810569,1.87030127984278
2009-12-02,2.78,0.7297961,0.939363852763431
2009-12-03,5.76,0.7424351,1.37942115538301
2009-12-04,20.28,0.8859177,4.07015278686144
2009-12-05,0,0.6863083,4.04696287632297
2009-12-06,10.46,0.767214,2.31289666353251
2009-12-07,13.32,0.979632,4.10260831924218
2009-12-08,2.62,0.802062,3.32714581910772
2009-12-09,8.31,0.8043016,2.31237250424025
2009-12-10,1.23,0.7992892,2.00096712701033
2009-12-11,6.79,0.9395251,1.62542176142486
2009-12-12,1.91,0.8305926,1.70193455831156
2009-12-13,0.1,0.6603587,0.80135111645726
2009-12-14,0.29,0.5729269,0.376469839663445
2009-12-15,0,0.4644361,0.224136061060375
2009-12-16,0,0.4829431,0.134840376178916
2009-12-17,0,0.4667883,0.0903310614710165
2009-12-18,0,0.4009569,0.06503140143272
2009-12-19,0,0.4173667,0.0492732281706234
2009-12-20,0.49,0.2637233,0.058904782297665
2009-12-21,6.53,0.3118097,0.631125031174363
2009-12-22,5.62,0.4667029,1.82365269364821
2009-12-23,15.94,0.6197243,3.63279214532735
2009-12-24,0,0.5673743,3.33701220376735
2009-12-25,6.54,0.5962517,1.68276014426531
2009-12-26,7.98,0.6521371,2.56788852414255
2009-12-27,0,0.5833494,1.85898773530964
2009-12-28,8.93,0.5283053,1.72416418125813
2009-12-29,0.2,0.596746,1.84624002329476
2009-12-30,13.94,0.6006402,2.48421883754577
2009-12-31,4.82,0.9727193,3.55651702732337
