"Date","P","E","MVI_Q_sim"
2004-09-02,0,2.113637,0
2004-09-03,0,2.284305,0
2004-09-04,0,2.757288,0
2004-09-05,0,2.852728,0
2004-09-06,0,2.882288,0
2004-09-07,0,2.759263,0
2004-09-08,0,2.680601,0
2004-09-09,0,2.677378,0
2004-09-10,0,2.387042,0
2004-09-11,0,2.376496,0
2004-09-12,2.56,2.716567,8.74970463975867e-07
2004-09-13,0.4,2.149183,7.67371379986839e-06
2004-09-14,0,2.107571,8.450916104833e-06
2004-09-15,1.41,1.976001,1.28043650787791e-05
2004-09-16,0.28,1.704098,1.96979557310075e-05
2004-09-17,0,1.448402,2.0421959796815e-05
2004-09-18,0,1.587894,2.03821994566157e-05
2004-09-19,0,1.871197,2.03425660844792e-05
2004-09-20,2.26,1.978648,4.40958886176222e-05
2004-09-21,0,1.634728,8.52035060713108e-05
2004-09-22,1.32,1.840719,0.000104473913726128
2004-09-23,1.79,1.640583,0.000200502297034427
2004-09-24,14.07,1.869767,0.0484155761374194
2004-09-25,0.45,1.48158,0.192540016623877
2004-09-26,0.67,1.552072,0.123395929810935
2004-09-27,0.19,1.701439,0.0856267807184498
2004-09-28,0.17,1.707937,0.0623731838640546
2004-09-29,0.22,1.918793,0.0476218619957184
2004-09-30,0.24,1.802173,0.0376977149963749
2004-10-01,0,1.592697,0.0306707484010522
2004-10-02,1.83,1.870887,0.0264944587374136
2004-10-03,0,1.646764,0.0233740072363542
2004-10-04,0,1.448458,0.0199472316141069
2004-10-05,0,1.877995,0.017258237816182
2004-10-06,0.18,2.073062,0.0151113233762599
2004-10-07,6.15,1.500013,0.0288882439743593
2004-10-08,0,1.218998,0.0469159491752339
2004-10-09,0.46,1.205347,0.0375602198658555
2004-10-10,1.81,1.369293,0.033444515029773
2004-10-11,0,1.256048,0.0301435062854339
2004-10-12,0.03,1.158983,0.0251097116220669
2004-10-13,0.09,1.209478,0.0213042710037296
2004-10-14,0,1.27022,0.0183397582765583
2004-10-15,12.23,1.358412,0.0920185325773582
2004-10-16,6.52,1.145263,0.298898820950378
2004-10-17,7.73,1.05341,0.415318986975301
2004-10-18,8.21,1.068011,0.529711398257218
2004-10-19,3.43,1.118989,0.483537657574006
2004-10-20,0,1.071919,0.293310229341559
2004-10-21,26.45,1.69434,0.725537904028248
2004-10-22,6.71,1.454203,1.18312990638508
2004-10-23,0,1.153814,0.590699802837795
2004-10-24,0,1.585888,0.274721300372792
2004-10-25,1.91,1.457917,0.163300949342789
2004-10-26,0.13,1.476742,0.110870614793183
2004-10-27,0,1.06086,0.0771684294249693
2004-10-28,1.34,1.060081,0.0585092344193853
2004-10-29,11.48,1.32757,0.164320391348879
2004-10-30,9.61,1.257509,0.470050342644995
2004-10-31,1.02,1.106807,0.454854069093616
2004-11-01,0,1.089128,0.239535442338733
2004-11-02,0.51,1.114508,0.143097714097926
2004-11-03,2.28,1.132146,0.1052490944602
2004-11-04,0.87,1.165112,0.0855797918151597
2004-11-05,7.84,1.214399,0.144803174379517
2004-11-06,0,0.9872853,0.198074521579149
2004-11-07,5.06,0.9161867,0.180973051824786
2004-11-08,0.3,0.8776983,0.179541255299124
2004-11-09,2.13,0.7714481,0.132415947621932
2004-11-10,0,0.6820809,0.105994151532594
2004-11-11,7.52,0.6343335,0.167457972504724
2004-11-12,0.06,0.6871911,0.225439796030559
2004-11-13,0.32,0.7144714,0.137485140694358
2004-11-14,0.25,0.7467596,0.0939152230147943
2004-11-15,0.03,0.6498458,0.0678800515134297
2004-11-16,0,0.5261134,0.0511524522987648
2004-11-17,0.13,0.7804892,0.0401257322399217
2004-11-18,1.38,0.9692749,0.0339963241675836
2004-11-19,8.88,0.9393669,0.104998912297791
2004-11-20,5.37,0.6592451,0.285230625429918
2004-11-21,0,0.4911742,0.264703829300367
2004-11-22,1.16,0.5215181,0.164493927747836
2004-11-23,1.51,0.9227881,0.128726949261995
2004-11-24,3.09,0.943699,0.129238137586148
2004-11-25,0,0.5339188,0.119501911309055
2004-11-26,0,0.4981881,0.0819068716418653
2004-11-27,0.03,0.6245914,0.0599716106429441
2004-11-28,4.11,0.839671,0.0710819514722764
2004-11-29,0.04,0.8040129,0.0829810426179187
2004-11-30,0,0.7893474,0.0607187924519274
2004-12-01,0,0.6858214,0.0464594926872663
2004-12-02,4.03,0.6522361,0.0568717425142383
2004-12-03,0.91,0.6546811,0.0730846366729063
2004-12-04,0.34,0.6343503,0.0607149972029289
2004-12-05,0,0.4875218,0.0476992355470516
2004-12-06,0,0.4631441,0.0376950809853277
2004-12-07,0,0.6280405,0.0306437457240229
2004-12-08,0,0.6087703,0.0254766683122223
2004-12-09,0,0.6529787,0.0215697826920678
2004-12-10,0,0.5383515,0.018538622519499
2004-12-11,0,0.422851,0.0161356858687272
2004-12-12,0,0.3872977,0.0141956707056289
2004-12-13,0,0.3944114,0.0126046724369171
2004-12-14,0,0.3857142,0.0112820685111833
2004-12-15,0,0.363615,0.0101694493227963
2004-12-16,0,0.3932182,0.00922362559800676
2004-12-17,4.62,0.4902821,0.0192502563630538
2004-12-18,17.88,0.6691674,0.333049616212452
2004-12-19,2.04,0.611173,0.701454575957992
2004-12-20,5.29,0.5502534,0.476716698959311
2004-12-21,0,0.3892653,0.358890492089162
2004-12-22,0.12,0.3102131,0.193333036365965
2004-12-23,1.32,0.4280471,0.134029805265867
2004-12-24,3.09,0.6583146,0.139752431863572
2004-12-25,5.01,0.8281793,0.213653137493858
2004-12-26,7.73,0.6941871,0.390012647536989
2004-12-27,0,0.5527822,0.391035349593886
2004-12-28,0,0.4746404,0.204636596543497
2004-12-29,5.72,0.4642913,0.214472577002312
2004-12-30,4.41,0.5442014,0.321656440985931
2004-12-31,0.03,0.5549419,0.270883337628543
2005-01-01,1.26,0.6894726,0.168400194112244
2005-01-02,2.69,0.8096346,0.150096434794323
2005-01-03,1.61,0.6931758,0.147731704707765
2005-01-04,0.55,0.6132231,0.119144033139998
2005-01-05,0.03,0.6386116,0.0859392763036461
2005-01-06,3.78,0.6912808,0.0957551739327122
2005-01-07,1.83,0.7893056,0.125353678130661
2005-01-08,0.06,0.9149299,0.104315282299825
2005-01-09,1.97,0.8233667,0.0854590726895074
2005-01-10,0.07,0.7597027,0.0745515331524268
2005-01-11,1.94,0.9431185,0.0642664358952876
2005-01-12,1.97,0.8727531,0.0695024859113835
2005-01-13,4.68,0.8354181,0.117057631426395
2005-01-14,0.04,0.6119324,0.144599120860553
2005-01-15,0,0.4819481,0.0958478048109005
2005-01-16,0,0.4505649,0.0683185789052768
2005-01-17,0,0.3954557,0.0513907485591455
2005-01-18,5.88,0.5186266,0.0920874940600046
2005-01-19,17.98,0.7058651,0.587560974232329
2005-01-20,0.63,0.6284215,0.864279648323194
2005-01-21,11.24,0.902652,0.679712867278442
2005-01-22,5.7,0.7698514,0.802939310882331
2005-01-23,0.09,0.6219703,0.501358362437077
2005-01-24,0.58,0.5759695,0.251799206741334
2005-01-25,0.8,0.4979846,0.159556870542911
2005-01-26,0,0.439901,0.10976250665987
2005-01-27,0,0.4464809,0.0764057879657786
2005-01-28,0,0.4250468,0.0565065394850172
2005-01-29,0,0.5114991,0.0436700795769281
2005-01-30,0.09,0.4399706,0.0349584636702343
2005-01-31,0.78,0.4875022,0.0296428285451118
2005-02-01,1.74,0.6468565,0.0300393524669921
2005-02-02,1.62,0.7295738,0.0359515129508398
2005-02-03,1.58,0.7273596,0.0440206192370774
2005-02-04,1.55,0.7654879,0.0528500606905068
2005-02-05,0,0.6740511,0.0510099589838585
2005-02-06,0,0.5420755,0.0399648696862671
2005-02-07,0.03,0.5622185,0.0323053546820022
2005-02-08,0,0.5549156,0.0267451029646565
2005-02-09,0,0.5920999,0.0225391343661623
2005-02-10,0.04,0.6052468,0.0193062471468016
2005-02-11,11.21,0.782225,0.125964311048888
2005-02-12,7.9,1.006207,0.473422434130178
2005-02-13,10.86,1.13618,0.768457773273153
2005-02-14,8.73,0.6962438,0.963459039612491
2005-02-15,8.43,0.692138,0.960433873245177
2005-02-16,0.33,0.6141471,0.671218496358918
2005-02-17,0.11,0.5508775,0.307139400839649
2005-02-18,0,0.5539304,0.172259204323576
2005-02-19,0.44,0.5415132,0.111611681511985
2005-02-20,4.57,0.6248027,0.132372195746922
2005-02-21,1.55,0.6320815,0.172087626852294
2005-02-22,0.58,0.5840309,0.136083079095604
2005-02-23,0.6,0.5496272,0.100825128441123
2005-02-24,0,0.4561931,0.0755166421013013
2005-02-25,0.32,0.4425995,0.0570407443769659
2005-02-26,0,0.4348168,0.0450947593719658
2005-02-27,0.6,0.4946571,0.0371744528503372
2005-02-28,0.36,0.5022481,0.0322219797100942
2005-03-01,0,0.3873481,0.0273087017875242
2005-03-05,0.23,0.5887297,0.02317364906482
2005-03-06,4.94,0.6015626,0.0497120282939549
2005-03-07,0.49,0.5458912,0.0865822845796514
2005-03-08,0.94,0.6820855,0.0722869427135314
2005-03-09,1.4,0.839284,0.0686020480860607
2005-03-10,1.3,0.8456676,0.0685226821523552
2005-03-11,0.43,0.8152473,0.0613966022539435
2005-03-12,0.34,0.838068,0.0494407183163827
2005-03-13,4.26,0.8197186,0.0726726492131485
2005-03-14,0.09,0.8383325,0.0964137292555841
2005-03-15,0,0.9326511,0.0691005557754187
2005-03-16,0,0.9829395,0.0518911385585203
2005-03-17,0,1.411184,0.0405640609274592
2005-03-18,0,1.589331,0.0326973498993936
2005-03-19,0,1.507555,0.0270000496517451
2005-03-20,0,1.502384,0.0227331357936597
2005-03-21,0,1.472723,0.0194486601131668
2005-03-22,0,1.40291,0.0168621101039748
2005-03-23,1.43,1.498569,0.0154532925996081
2005-03-24,0,1.70044,0.0143430749669673
2005-03-25,2.74,1.542112,0.0160252805516962
2005-03-26,0,1.616185,0.0179744213555002
2005-03-27,0.41,1.450103,0.0158062110623501
2005-03-28,0.13,1.625386,0.0140708144271486
2005-03-29,2.35,1.619739,0.0146619662332479
2005-03-30,0.8,1.605759,0.0159730502755201
2005-03-31,5.6,1.557586,0.0394350425835467
2005-04-01,0,1.604459,0.0703764851013131
2005-04-02,0,1.462536,0.0527049140636197
2005-04-03,0,1.440072,0.0411156231734626
2005-04-04,0,1.586499,0.0330891434046978
2005-04-05,0,1.552986,0.0272888972394515
2005-04-06,2.32,1.541074,0.0256202765225233
2005-04-07,6.78,1.396284,0.0745891395611731
2005-04-08,3.63,1.530486,0.177598200932023
2005-04-09,6.71,1.224065,0.294497824354931
2005-04-10,0.52,1.093089,0.321306067597379
2005-04-11,0.39,1.224756,0.184183286601453
2005-04-12,0,1.451623,0.117463566030379
2005-04-13,0,1.538495,0.0807657760378723
2005-04-14,0,1.675045,0.0592125443344387
2005-04-15,0,1.745112,0.0454668291077091
2005-04-16,4.33,1.592329,0.0514483169480986
2005-04-17,1.58,1.512652,0.0640514363393018
2005-04-18,0.2,1.785537,0.0548906163780148
2005-04-19,0.17,1.748204,0.0429108173929141
2005-04-20,5.69,1.599067,0.0660248224875386
2005-04-21,0.44,1.423264,0.0925840159333094
2005-04-22,0,1.379885,0.0678399702483836
2005-04-23,0,1.460161,0.0510838590012707
2005-04-24,2.18,1.509001,0.0437202461095696
2005-04-25,0.33,1.940844,0.0389714898397757
2005-04-26,7.72,1.824589,0.0901659233678746
2005-04-27,8.3,1.884232,0.306088601355757
2005-04-28,0.76,1.886999,0.358160169075008
2005-04-29,0,1.817897,0.197261266221851
2005-04-30,1.08,2.491382,0.123451986507989
2005-05-01,0,2.654647,0.0853343182899309
2005-05-02,0,2.979977,0.0620112864379795
2005-05-03,0.07,2.734749,0.0473091699120362
2005-05-04,5.47,2.253556,0.0594382869117522
2005-05-05,4.04,1.959461,0.103700356407884
2005-05-06,0.18,1.966407,0.108306058292412
2005-05-07,1.99,1.840794,0.0817505576549087
2005-05-08,11.17,1.538772,0.243376467684113
2005-05-09,0.32,1.431704,0.391584885881712
2005-05-10,0,1.499452,0.207286873341595
2005-05-11,0.08,1.527832,0.127000365835287
2005-05-12,0,1.616271,0.0861185631238267
2005-05-13,0.1,1.963023,0.0624982282460403
2005-05-14,0,2.134367,0.0476353013114543
2005-05-15,16.04,2.091104,0.276343520309097
2005-05-16,0.86,2.068168,0.534653844138714
2005-05-17,0,2.115844,0.262522828223308
2005-05-18,0,1.993742,0.152154601176395
2005-05-19,0.03,1.84385,0.0995272214393361
2005-05-20,0,2.129164,0.0704881264570026
2005-05-21,10.91,2.984589,0.159968455713281
2005-05-22,0,2.696783,0.251517037006851
2005-05-23,0,2.48452,0.147282185760197
2005-05-24,0.2,2.461813,0.0970088594988153
2005-05-25,0,2.439509,0.0690424192284962
2005-05-26,0,3.291149,0.0518539802103466
2005-05-27,0,3.752751,0.0405388347017558
2005-05-28,0.05,4.226289,0.0326798401606584
2005-05-29,0.05,4.319947,0.026987994813073
2005-05-30,12.94,4.156369,0.122042236601105
2005-05-31,1.46,2.537844,0.25565795946711
2005-06-01,0.23,2.296298,0.157092816773275
2005-06-02,0,2.706445,0.102391031045877
2005-06-03,0,3.043817,0.0721565469061469
2005-06-04,3.33,3.260307,0.0591597840320432
2005-06-05,1.08,2.522418,0.0519037778324492
2005-06-06,0,2.289379,0.0416046824781333
2005-06-07,2.65,2.518276,0.0368004522078225
2005-06-08,0,2.14433,0.033516607088156
2005-06-09,0,2.289801,0.0276034025293699
2005-06-10,0,2.503968,0.0231911677323064
2005-06-11,0,2.648957,0.0198051862820401
2005-06-12,0,2.54047,0.0171455107306961
2005-06-13,0,2.333608,0.0150149315113277
2005-06-14,0,2.605817,0.0132793626347532
2005-06-15,0,2.823523,0.0118449845081187
2005-06-16,0,3.095813,0.0106445048464833
2005-06-17,0,3.523176,0.00962860273861152
2005-06-18,0.03,3.933271,0.0087605107729898
2005-06-19,0.03,4.415076,0.00801223235497529
2005-06-20,0,4.288468,0.00736201717730269
2005-06-21,0,4.673518,0.0067929984784542
2005-06-22,0.04,4.772464,0.00629200571000962
2005-06-23,0,4.534642,0.00584825446502234
2005-06-24,0,4.682284,0.00545300594502665
2005-06-25,0.03,5.340871,0.00509936679832722
2005-06-26,1.11,4.299456,0.00485810095328213
2005-06-27,0,4.406134,0.00464595366218085
2005-06-28,0,4.518274,0.00437185535741741
2005-06-29,0,4.98642,0.0041230886456926
2005-06-30,2.01,4.218043,0.00415391862745103
2005-07-01,2.51,3.436428,0.00493218992458412
2005-07-02,2.69,3.093486,0.00682911274387057
2005-07-03,2.75,3.373674,0.00977566738385515
2005-07-04,0,4.070348,0.0110375538502117
2005-07-05,4.95,3.306112,0.0163652340089246
2005-07-06,0.16,2.719457,0.0230625194008641
2005-07-07,11.16,2.822993,0.104296873389945
2005-07-08,8.05,2.484864,0.361027842136652
2005-07-09,8.76,2.743725,0.536433360898461
2005-07-10,0,3.170881,0.447968040227485
2005-07-11,2,3.857578,0.229442509132703
2005-07-12,0,4.588746,0.140607923237012
2005-07-13,0,4.193992,0.0934286460615642
2005-07-14,0,4.556277,0.0668830540480754
2005-07-15,0,4.689089,0.0504688344768562
2005-07-16,0,4.450485,0.0395958985255177
2005-07-17,0,4.211437,0.0320073097674331
2005-07-18,0,4.029562,0.0264899421754511
2005-07-19,3.24,3.882426,0.0247715048759241
2005-07-20,1.48,3.19517,0.0244582010244323
2005-07-21,6.02,2.886899,0.0420733215641608
2005-07-22,0,2.960662,0.0615666403781341
2005-07-23,0.11,3.049948,0.0470362626762761
2005-07-24,0,3.209504,0.0372568272585872
2005-07-25,8.18,3.193089,0.0699166153057367
2005-07-26,3.12,3.480394,0.120992434321446
2005-07-27,0.16,3.439533,0.0963672698671281
2005-07-28,1.46,4.334658,0.0695376822915332
2005-07-29,3.98,4.477613,0.0591672622634665
2005-07-30,16.48,3.663631,0.282309080528084
2005-07-31,2.37,3.064103,0.518448776588244
2005-08-01,3.14,2.728464,0.291176344930412
2005-08-02,0,3.112624,0.184990248765864
2005-08-03,0,3.147316,0.116158158946622
2005-08-04,0.35,2.867621,0.0800892629496205
2005-08-05,0,2.868614,0.058849344947151
2005-08-06,5.47,2.5858,0.0656909346797301
2005-08-07,0,2.442183,0.0734255692611379
2005-08-08,3.93,2.238373,0.0685608692400014
2005-08-09,0.38,2.33656,0.0670264954500904
2005-08-10,0,2.587624,0.0509895996206817
2005-08-11,0,2.605904,0.0399510014729179
2005-08-12,2.64,2.491075,0.0351293067533009
2005-08-13,0,2.714198,0.0317732119175248
2005-08-14,0,2.682147,0.0263164833420934
2005-08-15,13.68,2.459687,0.157083727495578
2005-08-16,3.24,2.452757,0.367841172419327
2005-08-17,0,3.099506,0.231855471625621
2005-08-18,0,3.126107,0.138396360665284
2005-08-19,0,3.283715,0.0922452018070029
2005-08-20,0.68,2.803069,0.0663496424957669
2005-08-21,0,2.626738,0.0502910708891817
2005-08-22,0,2.588151,0.0394745190193523
2005-08-23,0,2.943487,0.031920587947621
2005-08-24,0.97,2.549504,0.0266656828389306
2005-08-25,0.03,2.660715,0.0227228770528657
2005-08-26,4.24,2.348806,0.0272804532671706
2005-08-27,0,2.122388,0.0324155951002085
2005-08-28,0,2.173436,0.0267919779194615
2005-08-29,0,2.540396,0.0225748244648279
2005-08-30,0,2.784911,0.0193252021939506
2005-08-31,0,3.151083,0.0167638191462913
2005-09-01,0,3.454235,0.0147059613719826
2005-09-02,0,2.969024,0.0130254080390411
2005-09-03,0,3.078266,0.0116334611837092
2005-09-04,0.03,2.997457,0.0104663617928936
2005-09-05,0.03,3.13647,0.00947715175811588
2005-09-06,0.06,3.023247,0.00863082289200535
2005-09-07,4.47,3.103573,0.0120180154156863
2005-09-08,0,3.144351,0.0162022691632669
2005-09-09,0,3.193396,0.0142498717240035
2005-09-10,8.96,2.936333,0.0496464645094798
2005-09-11,3.53,2.710608,0.125681088514178
2005-09-12,0.99,2.545185,0.11153184064465
2005-09-13,2.24,2.49724,0.0850820900708056
2005-09-14,0,2.562524,0.0671361948829228
2005-09-15,0.03,2.23683,0.0506354398958252
2005-09-16,0.91,2.673458,0.0399879740811573
2005-09-17,8.84,2.069236,0.0969600151254938
2005-09-18,0,1.635706,0.162826931812188
2005-09-19,0,1.576464,0.105038187304687
2005-09-20,0,1.598641,0.0736913258064613
2005-09-21,0,1.659914,0.05480379222607
2005-09-22,0,1.688629,0.0425303992772127
2005-09-23,0,1.763874,0.0340897964503955
2005-09-24,0,1.836622,0.0280240874626348
2005-09-25,0,1.970443,0.0235096322298403
2005-09-26,0.1,2.072422,0.0200546158404078
2005-09-27,0,2.098127,0.017345544477492
2005-09-28,0.38,2.107799,0.0152043451740899
2005-09-29,2.12,1.840451,0.0148575442238406
2005-09-30,2.11,1.626438,0.0172938715954967
2005-10-01,1.19,1.46649,0.0195315985516956
2005-10-02,6.97,1.711256,0.0610795228864413
2005-10-03,2.11,1.495578,0.132177045496392
2005-10-04,0,1.52791,0.106592743569766
2005-10-05,0,1.784045,0.0745879720744214
2005-10-06,0,2.027596,0.0553678130784117
2005-10-07,0,2.041108,0.0429087000462535
2005-10-08,0,2.00324,0.0343563274297644
2005-10-09,0,1.791158,0.0282193031755474
2005-10-10,0,1.651373,0.023657165738597
2005-10-11,0,1.661337,0.0201669068146092
2005-10-12,0,1.590911,0.0174323671258678
2005-10-13,0,1.62495,0.0152465897456124
2005-10-14,0,1.50876,0.0134693853501751
2005-10-15,0,1.456775,0.0120029778206012
2005-10-16,0,1.358171,0.0107774319249036
2005-10-17,0,1.379401,0.00974161447074991
2005-10-18,0,1.207543,0.00885741068681002
2005-10-19,0.07,1.184507,0.008096794402789
2005-10-20,5.79,1.236701,0.0228704457084717
2005-10-21,2.08,1.521519,0.0558086664658375
2005-10-22,19.97,1.701719,0.459410882372113
2005-10-23,4.47,1.730524,0.931263051705924
2005-10-24,0.92,1.514964,0.482263688535451
2005-10-25,0,1.368209,0.246223787034857
2005-10-26,0.84,1.68172,0.146445542708594
2005-10-27,0,1.751443,0.0979502052486193
2005-10-28,0.03,1.709431,0.0695632850091455
2005-10-29,0,1.723678,0.0521909687648233
2005-10-30,0,1.571635,0.0407674797300114
2005-10-31,0,1.531022,0.0328419561450974
2005-11-01,0.43,1.626909,0.0271667751844921
2005-11-02,16.79,1.390835,0.254016460149037
2005-11-03,9.61,1.239053,0.821179991796268
2005-11-04,0.04,1.5933,0.632357795726035
2005-11-05,4.76,1.381366,0.360278628575498
2005-11-06,2.16,1.086596,0.293003456758219
2005-11-07,0,1.118102,0.193621609166236
2005-11-08,1.96,1.00812,0.132975159700431
2005-11-09,0,1.213065,0.101611580876115
2005-11-10,0.44,0.9936017,0.0723756132564552
2005-11-11,0,1.051076,0.0546211223794255
2005-11-12,0.69,1.050091,0.0429261471856942
2005-11-13,0.35,0.9528222,0.035082019660246
2005-11-14,0.78,1.148047,0.0294894712306957
2005-11-15,0,0.9672437,0.0251601705005609
2005-11-16,5.97,0.8645967,0.0553976324855597
2005-11-17,2.47,0.8156803,0.12116871049762
2005-11-18,0.13,0.7428913,0.112982076824339
2005-11-19,0,0.721917,0.0790297539472136
2005-11-20,0,0.584867,0.058139283309805
2005-11-21,0,0.5666367,0.0447562849851442
2005-11-22,0.13,0.7606092,0.035724496669303
2005-11-23,0,0.5914326,0.0292895473347326
2005-11-24,0.03,0.6131673,0.024468595911626
2005-11-25,2.51,0.6668969,0.0259855075499611
2005-11-26,0.2,0.568899,0.0282158360863326
2005-11-27,2.1,0.5638723,0.0317323704864264
2005-11-28,1.01,0.5914569,0.0398339338867481
2005-11-29,3.98,0.6221925,0.0748713940905297
2005-11-30,0.06,0.6370068,0.10577800197125
2005-12-01,0,0.5939674,0.0745398133475486
2005-12-02,0,0.5795554,0.0553375591528695
2005-12-03,10.96,0.6093981,0.209084270101841
2005-12-04,10.68,0.835227,0.703583807430403
2005-12-05,20.54,0.8852936,1.45502210878473
2005-12-06,0.86,0.780482,1.37157142747959
2005-12-07,0.42,0.7203354,0.507898313395845
2005-12-08,0.22,0.7266342,0.253573004936724
2005-12-09,5.11,0.6792817,0.234789620215617
2005-12-10,0,0.641126,0.232386993086198
2005-12-11,0,0.5554378,0.138639772002114
2005-12-12,0,0.4978358,0.0923757162880916
2005-12-13,0.04,0.6092603,0.0663200799200816
2005-12-14,0.06,0.6748322,0.0502218517806908
2005-12-15,0.58,0.6955155,0.0400743773000557
2005-12-16,0.39,0.6871021,0.0332925498759418
2005-12-17,6.98,0.7945831,0.0903359922243548
2005-12-18,4.19,0.5647568,0.245405300050857
2005-12-19,0,0.5699394,0.237153004171088
2005-12-20,2.13,0.5453842,0.170972994128081
2005-12-21,0,0.5635263,0.139459500982848
2005-12-22,0,0.5792199,0.0928147699109496
2005-12-23,0.09,0.5903021,0.066740494340979
2005-12-24,0,0.6611409,0.0505920878559249
2005-12-25,0,0.7195387,0.0396800083324157
2005-12-26,0.06,0.689492,0.0320893655906202
2005-12-27,3.57,0.5497398,0.0419050852965096
2005-12-28,1.71,0.4394627,0.06655576795978
2005-12-29,0.69,0.4475311,0.0707789464883745
2005-12-30,0.27,0.3878605,0.0601085810402151
2005-12-31,9.99,0.4179907,0.235001559525277
2006-01-01,1.66,0.6755196,0.455142896178271
2006-01-02,3.85,0.6891219,0.356990832887201
2006-01-03,0,0.7122377,0.284114097838984
2006-01-04,0,0.5916529,0.161516612527373
2006-01-05,0,0.5178823,0.104366984510564
2006-01-06,0.59,0.5177258,0.0751259831658534
2006-01-07,0,0.4401883,0.0574714103741618
2006-01-08,0,0.4579959,0.0443127467403876
2006-01-09,0,0.5305783,0.0353417940946926
2006-01-10,0,0.4316201,0.0289389063080141
2006-01-11,0,0.4481434,0.0241996622339362
2006-01-12,3.3,0.4999456,0.0321317682366774
2006-01-13,0.57,0.6123654,0.0433548503412812
2006-01-14,0,0.541813,0.0369285724618966
2006-01-15,0,0.4790324,0.0300905122612105
2006-01-16,0,0.391807,0.0250635219020749
2006-01-17,0.57,0.463781,0.0218973450012179
2006-01-18,18.58,0.7064641,0.388450581226672
2006-01-19,0.82,0.716875,0.839742645411027
2006-01-20,0,0.6305717,0.366911162662529
2006-01-21,2.95,0.8116945,0.239963104286954
2006-01-22,1.28,0.7315867,0.203372015570671
2006-01-23,0,0.6536101,0.141293518941493
2006-01-24,0,0.4829788,0.0937944443833448
2006-01-25,0,0.4536762,0.0671007071873529
2006-01-26,0.42,0.4885271,0.0514642869616383
2006-01-27,0.11,0.5368626,0.0412625635083098
2006-01-28,0,0.4089335,0.0333384676200889
2006-01-29,0.1,0.5597329,0.0275289030601946
2006-01-30,0,0.7826701,0.0231914534477013
2006-01-31,0,0.6719809,0.0198054083718336
2006-02-01,0,0.6150579,0.0171456870625086
2006-02-02,0,0.5432889,0.0150150740556214
2006-02-03,0.03,0.4630497,0.0132806265172744
2006-02-04,0,0.4412431,0.011847220392087
2006-02-05,0,0.650513,0.0106463872304095
2006-02-06,0.5,0.6916068,0.00972104848103557
2006-02-07,0.03,0.7817963,0.00893807906520221
2006-02-08,0.45,0.7870484,0.0082562854762607
2006-02-09,2.95,0.7915451,0.0127764292181141
2006-02-10,3.55,0.6819946,0.0414031353816026
2006-02-11,0.36,0.7195751,0.0687727004860773
2006-02-12,0,0.7037867,0.0539517298881009
2006-02-13,2.59,0.6666952,0.0591762072573641
2006-02-14,0.07,0.6449706,0.0656087084853803
2006-02-15,0.27,0.7748904,0.0506934377691187
2006-02-16,22.04,0.9732111,0.600414971413715
2006-02-17,8.62,1.034805,1.46827686223437
2006-02-18,1.93,0.9502857,0.891320299241258
2006-02-19,12.73,0.9093604,0.870369596272673
2006-02-20,1.49,0.9871904,0.893817772995547
2006-02-21,1.27,0.9610401,0.420097842933344
2006-02-22,0.92,0.8301464,0.245162066088598
2006-02-23,0.03,0.7976961,0.154263203659815
2006-02-24,0,0.7065107,0.100766378342415
2006-02-25,0,0.7650482,0.0712095607396698
2006-02-26,0,0.7348837,0.0532344583384951
2006-02-27,0,0.5994329,0.0414736232937327
2006-02-28,0.4,0.594277,0.0335412303765468
2006-03-01,3.36,0.7213423,0.0423064117735353
2006-03-02,0.39,0.6346496,0.05323371586881
2006-03-03,0.54,0.6573148,0.044843725540296
2006-03-04,8.84,0.6795819,0.180589139321735
2006-03-05,0,0.5950798,0.331631248726084
2006-03-06,0.59,0.5040029,0.187667608089552
2006-03-07,2.9,0.5969318,0.168764795448929
2006-03-08,0.15,0.775813,0.157336286633193
2006-03-09,11.44,0.8606969,0.390167668567505
2006-03-10,7.09,1.154469,0.829141633952939
2006-03-11,2.47,0.9804657,0.663068276841293
2006-03-12,2.76,0.8441187,0.429417520589574
2006-03-13,0.03,0.6025251,0.284629291356365
2006-03-14,0,0.6547178,0.162088774448071
2006-03-15,0,0.7655962,0.104660268805843
2006-03-16,0,0.8944366,0.0734728300748766
2006-03-17,0,0.8028612,0.0546661142504261
2006-03-18,0,0.9173837,0.0424379356638113
2006-03-19,0,0.9993356,0.0340245854381937
2006-03-20,0,1.104287,0.0279762862110244
2006-03-21,0.26,1.142912,0.02350775820443
2006-03-22,2.34,1.023736,0.0242553921880056
2006-03-23,0.22,1.014172,0.0255614543642113
2006-03-24,0,1.107618,0.0218833867620275
2006-03-25,7.77,1.273506,0.0855900397415116
2006-03-26,9.73,1.683638,0.427764136122556
2006-03-27,2.62,1.950993,0.568021695107956
2006-03-28,4.06,1.834449,0.388386766945262
2006-03-29,4.41,1.489434,0.37201270688443
2006-03-30,2.53,1.371952,0.33832705112113
2006-03-31,25.72,1.717335,1.23943037663829
2006-04-01,14.39,1.762839,2.39054177662954
2006-04-02,4.83,1.549207,1.54259299893286
2006-04-03,6.34,1.504987,0.907468734370305
2006-04-04,4.98,1.340376,0.7454668705051
2006-04-05,0,1.231758,0.478832287308519
2006-04-06,0,1.136354,0.236844034682497
2006-04-07,0,1.141842,0.140673740482634
2006-04-08,0,1.253996,0.093463784701515
2006-04-09,0,1.356024,0.0669039710210202
2006-04-10,0.09,1.452778,0.0504912104462351
2006-04-11,0,1.360654,0.0396198649764114
2006-04-12,0,1.227348,0.0320244274538854
2006-04-13,0.74,1.471256,0.0267731568208993
2006-04-14,1.65,1.417903,0.0248205756739421
2006-04-15,2.45,1.73055,0.0291889678324528
2006-04-16,3.92,1.78059,0.0553745132053844
2006-04-17,17.49,1.836359,0.586622415184441
2006-04-18,0,1.865053,0.99036255040071
2006-04-19,0,1.712098,0.390535427381483
2006-04-20,0,1.5832,0.204445819042941
2006-04-21,0,1.72232,0.125585121759063
2006-04-22,0,2.055787,0.0852815101007017
2006-04-23,0,1.906578,0.0619791433865713
2006-04-24,0,1.664318,0.0472861019597688
2006-04-25,0,2.614495,0.037409736364687
2006-04-26,1,2.489932,0.0308093567759061
2006-04-27,0.52,2.279525,0.0261207879574185
2006-04-28,0,2.066842,0.0222114672182227
2006-04-29,0,1.879394,0.0190413888257924
2006-04-30,0,1.488974,0.0165375564682054
2006-05-01,6.57,1.242226,0.0557085097510373
2006-05-02,3.03,1.63297,0.149973999074009
2006-05-03,0,2.279322,0.138008951875885
2006-05-04,0,2.74471,0.0920373435304778
2006-05-05,0,3.133681,0.0660532765603858
2006-05-06,3.03,2.780145,0.0558765678968721
2006-05-07,0.03,2.960251,0.0493923329311351
2006-05-08,0,2.775521,0.0388711734607766
2006-05-09,12.56,2.514195,0.206834986199758
2006-05-10,0.38,2.528348,0.407162262059743
2006-05-11,0.03,2.437027,0.212602483632269
2006-05-12,0,2.765869,0.129481532893255
2006-05-13,1.85,2.838433,0.089772810187432
2006-05-14,17.67,2.514401,0.488986788473557
2006-05-15,0,2.326371,0.838809104546754
2006-05-16,0,2.655017,0.349499680089658
2006-05-17,5.11,2.925123,0.229252888750749
2006-05-18,1.28,2.969827,0.181616750090225
2006-05-19,0.96,3.010565,0.119588175979234
2006-05-20,2.01,2.310091,0.0877102020060081
2006-05-21,20.61,2.148815,0.657013265802117
2006-05-22,2.74,2.531541,1.18292923207617
2006-05-23,6.28,2.563149,0.639627469105625
2006-05-24,2.8,2.043834,0.484917617371225
2006-05-25,2.29,1.911688,0.311427788884198
2006-05-26,8.75,2.128356,0.415782446506952
2006-05-27,14.14,2.629082,1.00040355327978
2006-05-28,2.17,2.9359,1.00990811401461
2006-05-29,1.87,2.826622,0.436730004016007
2006-05-30,10.33,2.018782,0.507386368629837
2006-05-31,3.09,1.813142,0.629690738654091
2006-06-01,1.5,1.825399,0.372213367093737
2006-06-02,2.16,1.812284,0.234481010073997
2006-06-03,0,2.259227,0.159309617588659
2006-06-04,0,2.48771,0.103232805842625
2006-06-05,0,2.742347,0.072645689582896
2006-06-06,0.29,2.678804,0.0541853530569161
2006-06-07,0,2.430686,0.0421548311153851
2006-06-08,0,2.713694,0.0338247608634567
2006-06-09,0,3.084712,0.0278297149924756
2006-06-10,0,3.324333,0.0233625803654459
2006-06-11,0,3.659721,0.0199383588078524
2006-06-12,0,3.942612,0.017251199415553
2006-06-13,0,3.961734,0.0151003372206991
2006-06-14,0,4.422082,0.013349456843472
2006-06-15,0.36,4.404413,0.0119193870075514
2006-06-16,6.6,3.662155,0.0291601170969619
2006-06-17,0,3.213944,0.0539237491469083
2006-06-18,0,3.410493,0.0419385504646285
2006-06-19,0,3.942181,0.033671937785373
2006-06-20,0.54,3.871599,0.0277856883302522
2006-06-21,0,3.72498,0.0233977353673214
2006-06-22,0,3.518181,0.0199656542384582
2006-06-23,0.48,2.880505,0.0173244064157168
2006-06-24,0,3.093686,0.0152122821383139
2006-06-25,0,3.727085,0.013441264524738
2006-06-26,8.5,3.789807,0.0498970761383573
2006-06-27,1.1,3.535503,0.108051602888173
2006-06-28,0,3.477216,0.0779220940348331
2006-06-29,0,3.872422,0.0574516119418365
2006-06-30,0.22,3.829599,0.0443147818090714
2006-07-01,0,4.328485,0.0353581431437343
2006-07-02,0,4.433869,0.0289508159038332
2006-07-03,0,4.329465,0.0242086230643503
2006-07-04,0,4.457209,0.0205936701677849
2006-07-05,0,4.797611,0.0177699433673575
2006-07-06,0.53,4.549896,0.0155573608304433
2006-07-07,0,4.048904,0.013763632696364
2006-07-08,0.11,3.95075,0.0122489101647507
2006-07-09,0.15,3.992552,0.0109888893720112
2006-07-10,0,3.74398,0.00992431998387057
2006-07-11,0,4.167972,0.00901397696803414
2006-07-12,0,4.747865,0.00823122274134075
2006-07-13,0,4.813864,0.00755270673599934
2006-07-14,39.93,4.265984,1.20346435354999
2006-07-15,0,4.356479,2.30547853058105
2006-07-16,0,4.018706,0.667836627703161
2006-07-17,0,4.285995,0.299169544447516
2006-07-18,0,4.391714,0.167899919107866
2006-07-19,0,4.628929,0.107621793584984
2006-07-20,0,4.96938,0.0751796453950669
2006-07-21,0,5.001661,0.0557391455228617
2006-07-22,0,5.331844,0.0431573311753819
2006-07-23,2.51,4.568414,0.0362907752380925
2006-07-24,0.1,4.465701,0.0314348457094614
2006-07-25,0,4.750831,0.0260771512084814
2006-07-26,0,5.349794,0.0220295440337235
2006-07-27,0,5.65498,0.018899052978916
2006-07-28,0.03,4.900592,0.0164240326613476
2006-07-29,0.55,3.810304,0.0144764494006627
2006-07-30,0,3.927917,0.012883959728503
2006-07-31,0.68,3.800787,0.0115798241056291
2006-08-01,0.81,3.653794,0.0105936523337944
2006-08-02,4.81,3.003323,0.0180905085797518
2006-08-03,10.41,2.675501,0.1619632264715
2006-08-04,0.33,2.578596,0.322529961942479
2006-08-05,18.72,2.739754,0.725385026589418
2006-08-06,1.75,3.501988,1.00866263427806
2006-08-07,0.03,3.528031,0.409806514827234
2006-08-08,0,3.567246,0.211768717107419
2006-08-09,0,3.291851,0.129059229419866
2006-08-10,0.62,2.788448,0.0873893184049239
2006-08-11,1.96,2.521464,0.0661192193035808
2006-08-12,10.29,2.316128,0.199695328166607
2006-08-13,2.22,2.329921,0.35887189171218
2006-08-14,0,2.424958,0.216544046416342
2006-08-15,3.32,2.519591,0.147775118298652
2006-08-16,4.86,2.672488,0.158593492266698
2006-08-17,0.52,2.662792,0.152721619530345
2006-08-18,4.93,3.122262,0.133878658395557
2006-08-19,4.55,3.004925,0.166074157540416
2006-08-20,2.29,2.870884,0.163286070143699
2006-08-21,2.98,2.601081,0.135275541180892
2006-08-22,4.1,2.593484,0.14231573298493
2006-08-23,0,2.549566,0.130522235282283
2006-08-24,0,2.728572,0.0879875195222907
2006-08-25,19.03,2.385486,0.519359561401848
2006-08-26,10.92,2.386554,1.32930358611713
2006-08-27,0.5,2.413896,0.897877113805289
2006-08-28,1.12,2.515089,0.37377344332046
2006-08-29,11.05,2.100826,0.464650078948922
2006-08-30,4.72,1.925744,0.661676808528933
2006-08-31,0,2.002639,0.417394727760674
2006-09-01,0,2.103298,0.21457048531787
2006-09-02,0,2.585042,0.130378245529095
2006-09-03,0,2.825362,0.0879090046229085
2006-09-04,2.85,3.081168,0.0687049498495598
2006-09-05,0,3.064568,0.0567774783140202
2006-09-06,0,2.807721,0.0438507696891499
2006-09-07,0,3.035901,0.0350181908648413
2006-09-08,0,2.618402,0.0287029828256773
2006-09-09,0,2.175367,0.0240220346789703
2006-09-10,0,2.246124,0.0204494282983193
2006-09-11,0,2.530095,0.0176559494669494
2006-09-12,0,2.718208,0.0154268284836882
2006-09-13,0,2.874105,0.0136170033689257
2006-09-14,0,2.895916,0.0121255500072338
2006-09-15,0,2.747738,0.0108804363815
2006-09-16,0,2.73487,0.00982909564481895
2006-09-17,0,2.40794,0.00893240897029843
2006-09-18,0,2.678368,0.00816075778916955
2006-09-19,1.43,2.399691,0.00787469226413244
2006-09-20,0,2.083848,0.00765686498981677
2006-09-21,0.1,2.081233,0.00705505177618736
2006-09-22,0,2.278032,0.00652683687426473
2006-09-23,0,2.649146,0.00605646548517425
2006-09-24,0,2.621812,0.00563866313754582
2006-09-25,0.7,2.68054,0.00532345056305883
2006-09-26,0.71,2.27936,0.00513102997176793
2006-09-27,0.19,2.122584,0.00491368242451128
2006-09-28,0,1.876615,0.00462585361351051
2006-09-29,0,1.930407,0.00435364298378086
2006-09-30,0,2.025467,0.00410652775518858
2006-10-01,14.33,1.997627,0.165976699270453
2006-10-02,5.45,2.178683,0.594825147959917
2006-10-03,0.88,1.950745,0.419029028938233
2006-10-04,17.49,1.766855,0.811415497992618
2006-10-05,0.27,1.603188,1.05356535670995
2006-10-06,0.8,1.547164,0.414785716850356
2006-10-07,11.91,1.874038,0.541536732298303
2006-10-08,2.73,1.649406,0.697704080987072
2006-10-09,0,1.301947,0.36678395037125
2006-10-10,0,1.510334,0.195274834501089
2006-10-11,0.76,1.916001,0.122207998926517
2006-10-12,0,1.654135,0.0843779819224662
2006-10-13,0.04,1.797016,0.0614334942357623
2006-10-14,0,2.025724,0.0469335552164315
2006-10-15,0,1.731451,0.0371658604424853
2006-10-16,0,1.520572,0.0302619872027898
2006-10-17,0,1.403569,0.0251917041018576
2006-10-18,0,1.310002,0.0213510469970062
2006-10-19,0,1.485701,0.0183667814305714
2006-10-20,2.51,1.616091,0.019237018370197
2006-10-21,4.67,1.776714,0.0458252086339064
2006-10-22,1.89,1.745203,0.08528424110425
2006-10-23,3.34,1.81631,0.104752992773962
2006-10-24,20.27,1.930539,0.783349966146031
2006-10-25,17.22,1.529007,2.11659303271728
2006-10-26,0,1.412991,1.52226872041718
2006-10-27,0,1.708703,0.5160556569176
2006-10-28,0,1.780439,0.249801648656845
2006-10-29,0.09,1.708365,0.146546103483941
2006-10-30,0.48,1.634229,0.0968561010823498
2006-10-31,0,1.140033,0.0691487433602189
2006-11-01,1.2,1.082988,0.0534743206504435
2006-11-02,1.82,0.964431,0.0489595434851221
2006-11-03,0.79,0.7605854,0.0472101427139986
2006-11-04,0,0.8545902,0.0399713263923561
2006-11-05,0,0.9481588,0.0322752427263432
2006-11-06,0,0.9193982,0.02668821999678
2006-11-07,0,0.9116619,0.0224958117430171
2006-11-08,0,0.8268558,0.0192635401262742
2006-11-09,0.03,0.9273551,0.0167158776100751
2006-11-10,1.1,1.114316,0.015275664689739
2006-11-11,0.03,0.7095165,0.0141423585579026
2006-11-12,4.32,0.8355081,0.0319298201171571
2006-11-13,1.85,0.9514834,0.0727214414398787
2006-11-14,3.29,1.053415,0.117400608384721
2006-11-15,3.65,1.315407,0.201380860934165
2006-11-16,0,1.285559,0.197494964386618
2006-11-17,0.51,1.270585,0.124057223076048
2006-11-18,8.25,1.187549,0.24610439464408
2006-11-19,0.66,0.9402765,0.362293747040787
2006-11-20,16.94,0.9359483,0.863662396590183
2006-11-21,17.59,0.881795,2.1382620409393
2006-11-22,8.55,0.9763085,2.08881361859571
2006-11-23,1.98,0.8075814,1.13624933347251
2006-11-24,25.38,1.083009,1.83102544682668
2006-11-25,5.27,1.135842,2.36663881648312
2006-11-26,4.58,1.407379,1.10571527475202
2006-11-27,0.34,1.056545,0.593712327626368
2006-11-28,0,0.9674931,0.280725955311624
2006-11-29,0.38,1.02429,0.161387889729525
2006-11-30,0.03,0.9460962,0.10556737336792
2006-12-01,0.24,0.7327512,0.0742975952126197
2006-12-02,0,0.8916934,0.0554335041385979
2006-12-03,0.1,0.8705289,0.0429820115487948
2006-12-04,13.13,1.051893,0.322117939296895
2006-12-05,16.38,1.016901,1.48809676687877
2006-12-06,4.6,1.272633,1.64992839618327
2006-12-07,2.19,0.9761119,0.813472460072649
2006-12-08,10.81,0.8848088,0.903939454263411
2006-12-09,13.83,0.9940333,1.68683591702103
2006-12-10,2.41,0.7947422,1.46475494908456
2006-12-11,0,0.6095968,0.603478121479672
2006-12-12,3.54,0.7145317,0.380611280639445
2006-12-13,2.2,0.7840955,0.365171579335028
2006-12-14,0.15,0.779254,0.256666315935348
2006-12-15,0,0.8028575,0.151491613447991
2006-12-16,0,0.5791272,0.0991772825257501
2006-12-17,3.97,0.706076,0.122308261740537
2006-12-18,0,0.6121042,0.145324424061684
2006-12-19,0.22,0.6152815,0.097182657901853
2006-12-20,0,0.632099,0.0702917629149306
2006-12-21,0,0.5945614,0.0526509818820931
2006-12-22,0,0.7432586,0.0410791218094469
2006-12-23,0,0.6758961,0.0330632446290812
2006-12-24,0,0.6088232,0.0272698208839737
2006-12-25,0,0.6640194,0.0229381194788642
2006-12-26,0,0.5150117,0.0196083388375705
2006-12-27,0,0.5376472,0.0169891197562028
2006-12-28,0,0.5005325,0.0148884374780947
2006-12-29,0.03,0.5033704,0.0131763124264834
2006-12-30,0,0.5271747,0.011760080517823
2006-12-31,19.35,0.668015,0.562915388798962
2007-01-01,10,0.9901223,1.77595363746574
2007-01-02,13.94,0.8833843,1.98489212348626
2007-01-03,5.28,0.7147818,1.78172813738482
2007-01-04,0.43,0.7655866,0.866988703135932
2007-01-05,3.81,0.8574706,0.49741720998776
2007-01-06,2.04,0.8818367,0.431408134210294
2007-01-07,10.9,1.043456,0.766234663233912
2007-01-08,0,0.9019123,0.892485265493042
2007-01-09,11.59,0.9696581,0.902527249986068
2007-01-10,2.4,1.184793,1.06056460855698
2007-01-11,3.14,1.032169,0.602509472632446
2007-01-12,5.24,0.8568484,0.600612891560957
2007-01-13,0.17,0.9369128,0.504678772334757
2007-01-14,0.44,1.086821,0.252884029929048
2007-01-15,0.56,0.8524475,0.155044661953205
2007-01-16,0,0.5613311,0.104265270505936
2007-01-17,0.07,0.7308876,0.0733675343148058
2007-01-18,17.2,1.040246,0.666190990270478
2007-01-19,41.8,1.22803,4.28605500759233
2007-01-20,6.31,1.233655,4.78599559119144
2007-01-21,3.89,1.134227,1.62001023998209
2007-01-22,3.07,0.8719943,0.859335168071537
2007-01-23,0,0.7245337,0.483252889521427
2007-01-24,0.04,0.5394815,0.238833074202751
2007-01-25,0,0.536026,0.141965977071791
2007-01-26,0,0.4866848,0.0941527427808092
2007-01-27,0.05,0.4556527,0.0674151357863911
2007-01-28,0.6,0.6817537,0.0522315457977259
2007-01-29,0.06,0.7300378,0.0421745504898674
2007-01-30,0.43,0.8509507,0.034385609058542
2007-01-31,0,0.9172454,0.0287169188787327
2007-02-01,0,0.8697195,0.0240325334191582
2007-02-02,0,0.9545065,0.0204575485462062
2007-02-03,0.03,1.060443,0.0176639876738193
2007-02-04,0,0.8533794,0.0154349568717863
2007-02-05,0,0.7802819,0.0136236559810428
2007-02-06,0.33,0.6552955,0.0121989318405226
2007-02-07,4.15,0.6837842,0.0339691711204936
2007-02-08,1.45,0.6847117,0.0835373866994049
2007-02-09,14.03,0.7375471,0.685608207290444
2007-02-10,0.84,0.8752164,1.17319488243944
2007-02-11,3.53,0.9397408,0.599281253313371
2007-02-12,14.81,1.077894,1.26390613235483
2007-02-13,14,1.083452,2.4175676568051
2007-02-14,2.96,1.002059,1.84483948697427
2007-02-15,14.92,0.9533609,1.70979592858245
2007-02-16,0,1.003201,1.60442435139611
2007-02-17,0,0.856263,0.533500995654513
2007-02-18,0,0.8881834,0.255747637823992
2007-02-19,0,0.9038812,0.149163459594876
2007-02-20,0,0.9381504,0.0979578646273215
2007-02-21,0,0.9226408,0.0695632882992565
2007-02-22,1.18,0.8813277,0.0545041459664111
2007-02-23,0,1.099098,0.0446361450170195
2007-02-24,1.7,1.224402,0.0399012677178509
2007-02-25,10.63,1.228775,0.328773756613153
2007-02-26,14.7,1.117206,1.58033417770418
2007-02-27,4.83,1.088919,1.85321515386054
2007-02-28,4.38,1.058435,1.09338124221479
2007-03-01,11.6,1.29858,1.35380943006705
2007-03-02,21.1,1.217096,2.86060230752895
2007-03-03,2.25,1.059463,2.59445432481065
2007-03-04,10.66,1.1775,1.52112831196803
2007-03-05,0,1.132171,1.22640649235222
2007-03-06,3.15,1.288491,0.540102816206286
2007-03-07,13.12,1.25329,1.0969757733354
2007-03-08,6.91,1.190425,1.7416342438965
2007-03-09,0,1.075671,1.00085503816479
2007-03-10,3.84,0.9890859,0.529087792389438
2007-03-11,0,1.10021,0.387935988860204
2007-03-12,0,1.122617,0.203452369760605
2007-03-13,0,1.163444,0.125110788864071
2007-03-14,0,1.222282,0.0850200033542342
2007-03-15,0,1.334261,0.06181990004886
2007-03-16,0,1.247331,0.0471818600174045
2007-03-17,0,1.187288,0.0373376628090322
2007-03-18,0.26,1.302366,0.0304396530518696
2007-03-19,9.03,1.262067,0.20571386798716
2007-03-20,2.67,0.9292095,0.527305665701419
2007-03-21,2.65,0.9419255,0.451677615954368
2007-03-22,2.95,0.9950124,0.434380670058669
2007-03-23,3.41,0.9648929,0.469735386031922
2007-03-24,1.67,1.007223,0.427275685702867
2007-03-25,0.7,1.132908,0.28019017123575
2007-03-26,0.42,1.37928,0.17353594141718
2007-03-27,0,1.620343,0.113194809614695
2007-03-28,0,1.48899,0.0783587025379822
2007-03-29,0.59,1.497669,0.0582316750011174
2007-03-30,2.19,1.519264,0.0531488057977117
2007-03-31,1.49,1.430789,0.0563232602166029
2007-04-01,4.1,1.46369,0.104898391961359
2007-04-02,0,1.787156,0.143704694811383
2007-04-03,0,1.808416,0.0950769291169879
2007-04-04,0.17,1.409192,0.0679685851456742
2007-04-05,0,1.420167,0.051268748772001
2007-04-06,0,1.52033,0.040141054708768
2007-04-07,0,1.795482,0.0323962259382165
2007-04-08,0,1.578328,0.0267776632829653
2007-04-09,0,1.574736,0.022563926439438
2007-04-10,0,1.7514,0.0193166990682382
2007-04-11,0,1.757233,0.0167570464372298
2007-04-12,0,1.876821,0.0147004714872415
2007-04-13,0,2.341811,0.0130208903257465
2007-04-14,0,2.551093,0.0116296943979538
2007-04-15,0,2.840632,0.0104630861590372
2007-04-16,0,2.793692,0.00947414938217462
2007-04-17,0,2.670284,0.00862773346826716
2007-04-18,0.11,2.251117,0.00789986992932963
2007-04-19,0.13,1.719758,0.00727245560639866
2007-04-20,0,1.770438,0.00672024208618642
2007-04-21,0.04,1.881214,0.00622813185729265
2007-04-22,0.03,1.832928,0.0057922520185703
2007-04-23,0,2.150896,0.00540332208367474
2007-04-24,0,2.509893,0.00505474884239062
2007-04-25,0.07,3.020765,0.00474191637813891
2007-04-26,0,3.271975,0.0044594483148448
2007-04-27,0.06,2.898417,0.00420316724723705
2007-04-28,0.13,2.844012,0.00397243704805276
2007-04-29,0.27,2.757627,0.00377208530996306
2007-04-30,0.03,2.695275,0.0035872556023588
2007-05-01,0.12,2.543535,0.00340848099537347
2007-05-02,0.38,2.52194,0.00326415318199132
2007-05-03,0.42,2.378257,0.00316027513363521
2007-05-04,0.04,2.31667,0.00304556614700331
2007-05-05,2.18,2.334802,0.00387529971499724
2007-05-06,0,2.98098,0.00490098693071742
2007-05-07,0.03,2.799354,0.00460338937717144
2007-05-08,13.9,2.359743,0.281503094264465
2007-05-09,1.7,2.432111,0.742997687993083
2007-05-10,16.27,2.296554,1.20647223964199
2007-05-11,0,2.832992,1.43479330695213
2007-05-12,1.85,2.430684,0.510395337658888
2007-05-13,7.03,2.432104,0.44231408651406
2007-05-14,12.83,2.564849,1.0741482016237
2007-05-15,2.6,2.491665,1.21373815581611
2007-05-16,3.76,2.153939,0.612825402041681
2007-05-17,16.22,2.091313,1.30855696289913
2007-05-18,6.62,2.256397,1.91005498265142
2007-05-19,0.03,2.471938,0.941065406218287
2007-05-20,1.88,2.900028,0.389105552769835
2007-05-21,4.18,3.202664,0.259313770960493
2007-05-22,0,3.571619,0.195043303924074
2007-05-23,0,3.647683,0.121066017458084
2007-05-24,0,3.439071,0.0827789234027645
2007-05-25,0,3.89349,0.0604503453404184
2007-05-26,1.06,4.039923,0.0467838172204015
2007-05-27,6.98,3.436336,0.100232134203683
2007-05-28,5.02,2.637963,0.259454591085871
2007-05-29,1.49,2.297534,0.277262093579615
2007-05-30,0.6,2.112245,0.176062410278823
2007-05-31,1.34,2.319103,0.117994305930955
2007-06-01,1.79,2.886993,0.0898402057870474
2007-06-02,20.56,2.596715,0.987320121328117
2007-06-03,0,3.345914,1.66145096609867
2007-06-04,0,3.388029,0.54536449891444
2007-06-05,0,3.557964,0.259747232153614
2007-06-06,0,3.826997,0.150932407054888
2007-06-07,0,4.307184,0.0988848860039406
2007-06-08,3.94,4.445396,0.0820640660845395
2007-06-09,29.31,4.069629,1.57715933494432
2007-06-10,10.6,4.046522,3.15607952334124
2007-06-11,0.26,3.653285,1.37290496781221
2007-06-12,0,3.829153,0.484716142201396
2007-06-13,0,3.68477,0.238917707720481
2007-06-14,0.07,3.548856,0.141620659808686
2007-06-15,4.72,3.792321,0.120901946562495
2007-06-16,1.56,3.390762,0.115842936074053
2007-06-17,2.44,2.987031,0.0937665104848765
2007-06-18,2.19,3.351696,0.0833683841419902
2007-06-19,1.94,3.590299,0.0722904513185912
2007-06-20,0,4.275302,0.0584042812164619
2007-06-21,5.57,3.97617,0.0753211434933363
2007-06-22,1.22,3.414429,0.0961271082681801
2007-06-23,7.81,2.879175,0.208661180238354
2007-06-24,15.35,2.890103,1.10931856046308
2007-06-25,16.25,3.422012,2.4365694876933
2007-06-26,12.71,2.821688,2.65011736876437
2007-06-27,12.36,2.464177,2.42361177110668
2007-06-28,0.24,2.467374,1.53317240590484
2007-06-29,6.39,2.686004,0.712808572090699
2007-06-30,2.92,2.81332,0.556509397790996
2007-07-01,0.47,3.224695,0.316650504919356
2007-07-02,0,3.444295,0.176765770246763
2007-07-03,4.74,3.087645,0.151184024301034
2007-07-04,19.89,2.581028,1.19510191429396
2007-07-05,6.38,2.61873,2.15172862871363
2007-07-06,6.2,2.754533,1.24714255539718
2007-07-07,2.8,2.981329,0.782740345889444
2007-07-08,0,2.818891,0.388232604096586
2007-07-09,0.54,3.114996,0.204235987218378
2007-07-10,2.31,2.686867,0.134735723998722
2007-07-11,0.5,2.718639,0.0992238479340028
2007-07-12,0.93,2.523867,0.072050458717697
2007-07-13,0.56,2.937147,0.055198725607859
2007-07-14,0.13,4.014497,0.0431565062052534
2007-07-15,0,4.531443,0.0345493901524969
2007-07-16,0,5.0155,0.0283605504937812
2007-07-17,0,4.6067,0.0237638155965532
2007-07-18,1.56,3.865216,0.0210794079693159
2007-07-19,0,3.681824,0.0190157637816745
2007-07-20,4.52,3.436576,0.0293946630381088
2007-07-21,10.41,3.519786,0.273016351043391
2007-07-22,0,3.150485,0.507701843873759
2007-07-23,0,3.138306,0.246926364658328
2007-07-24,1.98,2.684003,0.151157257231254
2007-07-25,3.09,3.013151,0.121526279349201
2007-07-26,0,3.201598,0.100057646900713
2007-07-27,0,3.529157,0.0707952334203709
2007-07-28,0,3.510686,0.0529712662174169
2007-07-29,7.5,3.272223,0.122742238035858
2007-07-30,4.42,2.760532,0.285841874734192
2007-07-31,0,2.544953,0.25247735974268
2007-08-01,0,2.506059,0.14771014993114
2007-08-02,0,2.93718,0.0971938711496555
2007-08-03,4.35,3.03917,0.0941070577799655
2007-08-04,0,3.266202,0.0947301214642519
2007-08-05,0,3.353098,0.0676564847400302
2007-08-06,0,3.860483,0.050966079104091
2007-08-07,6.47,3.64281,0.0877708516710305
2007-08-08,0.32,3.062259,0.128047732783815
2007-08-09,0.88,2.778073,0.0885223626582271
2007-08-10,4.67,2.509406,0.105279885771374
2007-08-11,1.23,3.238931,0.125515884411512
2007-08-12,0,3.401731,0.0896399202358861
2007-08-13,2.2,3.156409,0.0691178980775281
2007-08-14,0,3.074136,0.0563842799746782
2007-08-15,0.62,3.234817,0.0438321367743722
2007-08-16,17.63,3.471575,0.611475802216287
2007-08-17,1.03,2.780097,1.17161080222758
2007-08-18,0.17,2.514845,0.449270031603268
2007-08-19,0,2.505285,0.226716689850112
2007-08-20,6.46,2.754937,0.233977106431886
2007-08-21,4.96,2.387256,0.375952017988928
2007-08-22,3.36,2.638337,0.400087148499183
2007-08-23,26.28,2.428957,2.00860593686174
2007-08-24,0.19,2.840125,2.71065091576868
2007-08-25,0,3.021453,0.738435921154673
2007-08-26,0,3.296874,0.320541916028727
2007-08-27,0,3.230543,0.176771701486773
2007-08-28,0,2.847615,0.11208449243378
2007-08-29,0,2.279299,0.0777286857901193
2007-08-30,0,2.469016,0.0573313049260197
2007-08-31,0,2.286143,0.0442195665652969
2007-09-01,0,2.66167,0.0352765744683345
2007-09-02,0.03,2.598874,0.0288917854028243
2007-09-03,0,2.415577,0.0241646014000876
2007-09-04,8.24,2.22065,0.131114324113039
2007-09-05,1.19,1.870173,0.291236849220596
2007-09-06,0.28,1.809521,0.179875017778765
2007-09-07,0.27,2.387941,0.115017587318746
2007-09-08,0.13,2.371202,0.0797441492092991
2007-09-09,0,2.38547,0.058628350193951
2007-09-10,0,2.283628,0.0450804047053555
2007-09-11,1.23,1.880311,0.0371258520121966
2007-09-12,0.03,2.055126,0.0315014952787987
2007-09-13,0,2.068384,0.026123382205821
2007-09-14,0,1.953667,0.0220648760385974
2007-09-15,0,2.049237,0.0189267090703837
2007-09-16,0,2.215427,0.0164460098650639
2007-09-17,0,2.000933,0.0144480628584938
2007-09-18,0.77,2.077052,0.0130415369171191
2007-09-19,1.61,1.658407,0.0136051320855847
2007-09-20,0,1.417313,0.0140392903143194
2007-09-21,0,1.713372,0.0124754059321568
2007-09-22,0,1.715962,0.0111738648757467
2007-09-23,0,1.948336,0.010077871469116
2007-09-24,0,2.258395,0.00914535769612939
2007-09-25,3.34,2.001274,0.0147762810113889
2007-09-26,0,1.654806,0.0221050982501578
2007-09-27,0.81,1.47894,0.0197341723904418
2007-09-28,17.91,1.520576,0.710060013196351
2007-09-29,1.98,1.556552,1.48830642118833
2007-09-30,1.31,1.601824,0.602744184808148
2007-10-01,0.11,1.821827,0.302187003167381
2007-10-02,0,1.911037,0.169671442074727
2007-10-03,0,2.339129,0.108518482621355
2007-10-04,0.03,2.279755,0.0756964767386838
2007-10-05,0,2.271092,0.0560653120992624
2007-10-06,0,1.800353,0.0433754412620353
2007-10-07,0,1.587189,0.0346845744311168
2007-10-08,0,1.40789,0.0284593745069038
2007-10-09,0,1.407783,0.0238383850417363
2007-10-10,1.44,1.478465,0.0218699529586192
2007-10-11,5.62,1.565396,0.080785890599304
2007-10-12,0,1.412938,0.156924826350497
2007-10-13,0,1.420557,0.102002031445546
2007-10-14,0,1.411482,0.0719301569750381
2007-10-15,0,1.321315,0.0536913815053089
2007-10-16,0.03,1.332127,0.0417848887918381
2007-10-17,0,1.514491,0.0335661644590613
2007-10-18,1.71,1.321046,0.0306638119350145
2007-10-19,0,1.195626,0.0286973517554601
2007-10-20,0,0.9941499,0.024017792283612
2007-10-21,0,0.9254265,0.0204461468759688
2007-10-22,0.83,0.8711892,0.0183031831804635
2007-10-23,0,0.9185676,0.0166248602443887
2007-10-24,0,0.914166,0.0145932698087715
2007-10-25,0,0.9609404,0.0129326346159669
2007-10-26,0,1.148504,0.0115560809198689
2007-10-27,0,1.144724,0.0104009782127914
2007-10-28,0,1.122187,0.00942121547264511
2007-10-29,0,1.059696,0.00858221019890327
2007-10-30,15.28,1.071194,0.470813679558102
2007-10-31,0.77,1.080656,1.07856349045899
2007-11-01,0,0.8699238,0.434558756477923
2007-11-02,0,0.9150839,0.220912229590939
2007-11-03,0.17,1.325481,0.133687976481313
2007-11-04,0.06,1.380964,0.0900717535144395
2007-11-05,0,1.182654,0.0649173683143071
2007-11-06,0,1.052429,0.0491993564223713
2007-11-07,4.39,0.9893813,0.0807473426109405
2007-11-08,0.33,0.9550949,0.117252948939652
2007-11-09,9.78,1.100047,0.441639081310802
2007-11-10,9.4,0.776849,1.35046285140383
2007-11-11,3.16,0.8975085,1.32716070854149
2007-11-12,2.27,1.04977,0.743196283677993
2007-11-13,0.07,0.7597936,0.413337299538857
2007-11-14,4.77,0.7299483,0.392487987126623
2007-11-15,0.53,0.7116808,0.415988449673476
2007-11-16,0.07,0.6309774,0.228268389125048
2007-11-17,0,0.5476907,0.137643889641674
2007-11-18,0,0.6117775,0.0918413240455891
2007-11-19,0,0.6262208,0.0659361213380942
2007-11-20,8.54,0.6702339,0.292998109567479
2007-11-21,4.12,0.8734195,0.736877194222581
2007-11-22,7.4,0.9561988,0.980321770614741
2007-11-23,0,1.021733,0.859060529968177
2007-11-24,1.51,0.9140477,0.388282921863399
2007-11-25,0,0.6137285,0.234107775207753
2007-11-26,1.24,0.7302099,0.154484054668639
2007-11-27,2.09,0.7178354,0.153454995064318
2007-11-28,1.41,0.7513988,0.168404188775696
2007-11-29,0,0.6026742,0.135992619288069
2007-11-30,1.29,0.5585133,0.108067593889378
2007-12-01,0.28,0.7762789,0.0952896169038045
2007-12-02,12.38,0.8895213,0.61968665217491
2007-12-03,32.79,0.946073,3.96066575657419
2007-12-04,8.94,0.8325739,4.92692383707449
2007-12-05,4.38,0.7837103,2.13638999713159
2007-12-06,3.72,1.008369,1.16675271229488
2007-12-07,11.21,0.9921537,1.45557944298098
2007-12-08,12.32,0.9966976,2.39498976958183
2007-12-09,8.2,0.7202448,2.41746661486631
2007-12-10,15.1,0.8409903,2.68837060346329
2007-12-11,2.89,0.8034015,2.31532879049548
2007-12-12,1.83,0.7235334,0.961484387166417
2007-12-13,0,0.654707,0.473401965081802
2007-12-14,0,0.7352492,0.234921415306094
2007-12-15,0,0.5655723,0.139797912284101
2007-12-16,0,0.5305481,0.0929958124155344
2007-12-17,0,0.4869337,0.0666252407687273
2007-12-18,0,0.4699497,0.0503028037184593
2007-12-19,0,0.480215,0.0394825329572906
2007-12-20,0,0.4960719,0.0319263151108011
2007-12-21,0,0.4392978,0.0264299510559831
2007-12-22,0,0.384399,0.0222989382857433
2007-12-23,0.14,0.345081,0.0191453062793193
2007-12-24,0,0.3718117,0.0166566983977028
2007-12-25,0,0.407578,0.0146190994594254
2007-12-26,0,0.4069361,0.0129539059154754
2007-12-27,1.87,0.4828996,0.0159640988007814
2007-12-28,0.42,0.6035321,0.0205714689622689
2007-12-29,0.32,0.6235852,0.0196030175203573
2007-12-30,4.16,0.6364212,0.0720661060004352
2007-12-31,1.4,0.6876386,0.178311321654685
2008-01-01,0.03,0.621906,0.148138714015995
2008-01-02,0.03,0.58448,0.098043831809677
2008-01-03,0,0.4672828,0.0698303704244086
2008-01-04,1.14,0.5013281,0.060109863015
2008-01-05,0,0.5589762,0.0541315973783091
2008-01-06,16.79,0.7875598,0.924227351467455
2008-01-07,1.87,0.6959366,1.77693984094873
2008-01-08,3.27,0.788749,0.869495491923545
2008-01-09,0.68,0.7426555,0.565033033408557
2008-01-10,4.06,0.6748454,0.483275683244842
2008-01-11,5.15,0.8309017,0.756255847885596
2008-01-12,13.18,1.036875,1.69111867097409
2008-01-13,0.61,0.7670174,1.71637607478202
2008-01-14,0,0.6155949,0.584076408457452
2008-01-15,3.38,0.6886255,0.401991546309533
2008-01-16,8.38,0.8901357,0.876270332312924
2008-01-17,13.9,0.8797913,2.1677802649745
2008-01-18,8.22,0.8656537,2.6556243727864
2008-01-19,2.91,0.9967545,1.63613938263974
2008-01-20,0.95,1.172118,0.751589198687948
2008-01-21,0.28,1.128609,0.356624662180765
2008-01-22,3.37,1.014853,0.285533487010104
2008-01-23,5.01,0.8115083,0.506875387275147
2008-01-24,0,0.6427591,0.521790541384676
2008-01-25,0.79,0.7812077,0.267762424038597
2008-01-26,0.03,0.6253767,0.169561856985775
2008-01-27,0,0.7022861,0.108757176573765
2008-01-28,0,0.7244935,0.0758307485022989
2008-01-29,0,0.797089,0.0561470011426631
2008-01-30,0,0.6987271,0.0434300265616059
2008-01-31,2.18,0.6267238,0.0466329952247354
2008-02-01,5.25,0.6489212,0.197468404998598
2008-02-02,21.52,0.7490634,2.15016996736979
2008-02-03,0.1,0.6599474,2.80593378233477
2008-02-04,0,0.6299449,0.756439143791386
2008-02-05,9.06,0.8294688,0.886017428091193
2008-02-06,20.58,0.895276,2.97084635723007
2008-02-07,12.38,1.021215,4.17844718045581
2008-02-08,0.03,0.6629166,2.18119316111183
2008-02-09,0,0.70842,0.646942313745593
2008-02-10,0,0.7958283,0.292666776020653
2008-02-11,0,0.8152787,0.165156863636713
2008-02-12,0,0.9415926,0.106227729679111
2008-02-13,0,0.8856408,0.0743777435309788
2008-02-14,0,0.6740624,0.0552357119446408
2008-02-15,0.03,0.6989262,0.0428262227151491
2008-02-16,0,0.7226058,0.0343042098592578
2008-02-17,0,0.6552571,0.028181150542715
2008-02-18,0,0.6777739,0.0236283443162045
2008-02-19,0,0.7049456,0.0201445640264503
2008-02-20,0,0.7162226,0.0174146680538174
2008-02-21,2.6,0.7442772,0.025663072461464
2008-02-22,0,0.9790944,0.0355337768013485
2008-02-23,0,1.192035,0.0290786989735541
2008-02-24,0,1.185586,0.0243048069423484
2008-02-25,0,1.000129,0.0206679631495818
2008-02-26,2.12,1.201867,0.0233947754969513
2008-02-27,4.58,1.285197,0.0955021032926875
2008-02-28,0,1.055688,0.174579726067002
2008-02-29,7.64,1.104381,0.431344343349063
2008-03-01,13.98,1.297897,1.80075973685876
2008-03-02,14.51,1.311042,3.27530903239928
2008-03-03,2.27,1.317964,2.40535824432787
2008-03-04,3.79,1.144552,1.04247526905234
2008-03-05,6.18,0.8297875,1.07638865584941
2008-03-06,0.06,0.8047804,0.88261518959973
2008-03-07,0,0.7896094,0.363562018055503
2008-03-08,0,1.051532,0.194014161010708
2008-03-09,0,1.079973,0.120567273850444
2008-03-10,1.3,1.173151,0.0878946931686683
2008-03-11,8.65,1.125538,0.400732328122397
2008-03-12,25.72,1.241975,3.19262087584068
2008-03-13,7.3,1.291372,4.37163485092825
2008-03-14,3.1,1.175764,1.86338415424529
2008-03-15,4.6,1.423751,1.08088561530905
2008-03-16,1.99,1.509442,0.780083730667093
2008-03-17,13.68,1.393486,1.48559313528825
2008-03-18,1.12,1.11256,1.80517409121907
2008-03-19,0.21,1.005028,0.631246585146375
2008-03-20,1.11,0.9537075,0.31132119224704
2008-03-21,3.96,0.9723478,0.334959050299203
2008-03-22,14.98,1.012238,1.59776624196897
2008-03-23,4.63,0.9656111,2.42917723505698
2008-03-24,0,0.8544,1.077033181906
2008-03-25,4.28,0.8129117,0.64907039731982
2008-03-26,0.83,0.8733795,0.566827512223473
2008-03-27,1.44,1.075798,0.33592491196532
2008-03-28,7.23,1.047708,0.645818418038418
2008-03-29,5.79,1.253853,1.23184605043481
2008-03-30,0,1.425041,0.88781453814399
2008-03-31,3.51,1.584664,0.476220619271588
2008-04-01,2.08,1.558716,0.404293600026038
2008-04-02,0,1.373512,0.263966543326985
2008-04-03,0,1.468333,0.152788590783442
2008-04-04,0,1.390292,0.0998542376575473
2008-04-05,0.03,1.42444,0.070685271791562
2008-04-06,3.9,1.377234,0.0954239910660516
2008-04-07,7.38,1.111414,0.478197589814815
2008-04-08,2.31,0.9883765,0.830676380670739
2008-04-09,0,1.064545,0.471198782264896
2008-04-10,3.14,1.20845,0.331328194931533
2008-04-11,0,1.40786,0.280828126395994
2008-04-12,0.28,1.507517,0.161265697535504
2008-04-13,0.58,1.357282,0.106985892538413
2008-04-14,8.4,1.536396,0.376443399625501
2008-04-15,14.78,1.365623,1.94559854629716
2008-04-16,0.69,1.375489,2.11084870547341
2008-04-17,0,1.221062,0.658360311414311
2008-04-18,0,1.254604,0.296230848333476
2008-04-19,0.03,1.742833,0.166698587599195
2008-04-20,3.74,1.660896,0.155390591424735
2008-04-21,0,1.951244,0.153821219689149
2008-04-22,0.26,2.048953,0.100746583718074
2008-04-23,0,2.174279,0.0715324434513359
2008-04-24,5.04,2.025521,0.117967220202914
2008-04-25,1.65,2.074031,0.18475126536318
2008-04-26,0,1.909961,0.135343547245386
2008-04-27,0.03,2.157325,0.0906255719736104
2008-04-28,0.03,2.335531,0.0652356262711416
2008-04-29,11.5,2.059992,0.483631419186939
2008-04-30,4.31,1.869742,1.12703398650938
2008-05-01,3.17,1.863719,0.800216553386156
2008-05-02,1.36,1.690947,0.503968966612234
2008-05-03,0,2.075866,0.275299572649199
2008-05-04,0,2.265371,0.157725095852934
2008-05-05,0,2.499134,0.102415655004602
2008-05-06,0,2.454337,0.0721708701305372
2008-05-07,0,2.760771,0.0538437848237962
2008-05-08,0,2.772447,0.0418846761790636
2008-05-09,0,2.752635,0.0336338481101313
2008-05-10,0,2.856082,0.0276895463949832
2008-05-11,0.19,3.075909,0.0232729440528914
2008-05-12,0.15,2.946628,0.0198978194729659
2008-05-13,0.04,2.949599,0.0172329329365574
2008-05-14,0,3.09572,0.0150868956298905
2008-05-15,2.7,3.083371,0.017358398316477
2008-05-16,1.65,2.917915,0.022674821792984
2008-05-17,3.85,3.028585,0.0418311293121599
2008-05-18,6.12,2.639001,0.19336356037623
2008-05-19,2.02,2.339387,0.34222442363593
2008-05-20,0,2.383156,0.221661504812194
2008-05-21,0,2.42365,0.133692057017331
2008-05-22,0,2.461305,0.0897099179763928
2008-05-23,0,2.606313,0.0646582301880423
2008-05-24,0,2.867994,0.0490313793348172
2008-05-25,1.17,2.629301,0.0397217803886147
2008-05-26,1.54,3.350946,0.0351706354005767
2008-05-27,1.75,3.523205,0.0333901345410954
2008-05-28,3.7,3.655748,0.0449083683590183
2008-05-29,3.92,3.761087,0.0809829032486121
2008-05-30,44.47,3.50933,4.17286849059265
2008-05-31,5.93,3.697579,6.43653702835042
2008-06-01,0,3.368706,1.54703010221265
2008-06-02,0,3.454565,0.521359068937686
2008-06-03,0.52,3.971857,0.252014920419581
2008-06-04,0.03,3.45583,0.147866726843993
2008-06-05,0,3.141066,0.0972803866297263
2008-06-06,6.47,3.078773,0.16231094673705
2008-06-07,6.19,3.13277,0.421960492752659
2008-06-08,0.92,2.787799,0.444565679806136
2008-06-09,2.18,3.755817,0.246840281624058
2008-06-10,0,4.159685,0.157627540753597
2008-06-11,0,4.07287,0.102365266223803
2008-06-12,0,3.136269,0.0721415591209816
2008-06-13,9.25,2.231893,0.313543229961807
2008-06-14,1.04,2.320891,0.569469122054213
2008-06-15,4.75,2.339798,0.418736188384175
2008-06-16,0,2.462896,0.354762756021538
2008-06-17,0,2.820332,0.190550218342182
2008-06-18,0,3.041625,0.118882471857589
2008-06-19,0,3.119525,0.0815606585187628
2008-06-20,4.62,3.22411,0.0930945498103497
2008-06-21,0,3.121795,0.10556823966966
2008-06-22,0,3.957402,0.0739974364637119
2008-06-23,7.5,3.921468,0.157263428808541
2008-06-24,0,3.118923,0.241350657827095
2008-06-25,0,3.932298,0.142717542743241
2008-06-26,2.13,3.92766,0.0993460413634755
2008-06-27,0,3.264205,0.0750133549089213
2008-06-28,0.95,2.940106,0.0564879167171975
2008-06-29,0.07,3.492742,0.0445054577977478
2008-06-30,0,3.630979,0.0354896353178765
2008-07-01,0,3.509337,0.0290465685930736
2008-07-02,0,3.987754,0.0242806470946082
2008-07-03,16.77,4.305755,0.622119872838317
2008-07-04,11.97,3.173422,2.14886802865199
2008-07-05,1.13,2.994688,1.57591450893355
2008-07-06,0.13,3.229766,0.546419384310229
2008-07-07,0,3.301082,0.260443412072427
2008-07-08,9.3,2.906226,0.441278310485619
2008-07-09,2.43,2.796363,0.631370970658071
2008-07-10,0,3.03377,0.336364808207312
2008-07-11,0,3.840116,0.183205099805822
2008-07-12,2.24,3.249845,0.122355555567691
2008-07-13,0,2.98676,0.0902967913408118
2008-07-14,0,2.936294,0.0650108290233462
2008-07-15,0,3.006315,0.0492599032494427
2008-07-16,0,3.390598,0.0387687531836159
2008-07-17,1.09,3.188794,0.0321193593540333
2008-07-18,0.4,2.974626,0.0274241303871788
2008-07-19,0.21,3.080645,0.0232310792916421
2008-07-20,7.19,3.261246,0.097173772038518
2008-07-21,0.21,2.597297,0.199107291680892
2008-07-22,1.34,2.307831,0.129035558673157
2008-07-23,0.06,2.812069,0.0920819577323634
2008-07-24,0,3.277093,0.066124631504063
2008-07-25,0,3.537541,0.049980010011964
2008-07-26,0,3.927065,0.0392619193127381
2008-07-27,2.42,3.987414,0.0352637907360419
2008-07-28,0.06,3.798034,0.0325786358998266
2008-07-29,1.85,4.33812,0.0285994658766843
2008-07-30,0,3.829969,0.0256780311134174
2008-07-31,0,4.094183,0.0217241317517662
2008-08-01,0,4.489154,0.0186597395104503
2008-08-02,1.8,3.655958,0.0175404839698842
2008-08-03,1.33,3.235747,0.0177866588415375
2008-08-04,0.73,3.530902,0.0169640398492362
2008-08-05,19.38,3.289647,0.889039217316698
2008-08-06,0,3.059017,1.72948684809195
2008-08-07,0,3.816206,0.559269465565783
2008-08-08,1.47,3.372968,0.268100578123199
2008-08-09,12.14,2.922485,0.664824005300663
2008-08-10,0,3.065935,0.934282712667695
2008-08-11,0.59,3.044565,0.377157820627602
2008-08-12,0.17,3.0177,0.20071721296862
2008-08-13,10.38,3.14744,0.449210870972987
2008-08-14,0.12,2.845515,0.641906957309804
2008-08-15,0,2.63938,0.291876703662819
2008-08-16,0,2.581485,0.164822148947225
2008-08-17,0,2.573532,0.106057150680742
2008-08-18,3.53,2.644942,0.0950922792814157
2008-08-19,0,3.151406,0.0900818367476035
2008-08-20,2,3.057616,0.0697777223084108
2008-08-21,2.14,2.546305,0.0652391524991111
2008-08-22,0,2.659502,0.0577004530485073
2008-08-23,17.94,2.472761,0.942951568561648
2008-08-24,0.82,2.336311,1.69280320008449
2008-08-25,4.22,2.28043,0.695802772438298
2008-08-26,0.73,2.543905,0.435741967131747
2008-08-27,0,2.736315,0.22714893830201
2008-08-28,0,2.422829,0.136232955900692
2008-08-29,0,2.708872,0.0910823421630685
2008-08-30,0,2.834149,0.0654819162234778
2008-08-31,0,2.963003,0.049564800987134
2008-09-01,0,3.136793,0.0389777334969507
2008-09-02,0,2.765324,0.0315651560238697
2008-09-03,8.98,2.591131,0.200685296832568
2008-09-04,5.54,2.02723,0.668747333264813
2008-09-05,0,2.087481,0.566166724648564
2008-09-06,22.84,2.234071,1.98254631037018
2008-09-07,2.08,2.491171,2.76465664974551
2008-09-08,5.07,2.183521,1.045465675117
2008-09-09,0,2.223232,0.625085395849816
2008-09-10,0.48,2.357897,0.287237805586273
2008-09-11,0.05,2.711845,0.164198576547137
2008-09-12,1.02,2.571753,0.107253756911327
2008-09-13,19.29,2.192404,1.20340879302693
2008-09-14,17.53,1.801987,3.73245280063156
2008-09-15,0,1.65603,2.6787129034562
2008-09-16,0,1.569091,0.731185118834021
2008-09-17,0,1.723211,0.318387444397797
2008-09-18,0,1.538599,0.175887049988642
2008-09-19,0,1.440773,0.111642587270227
2008-09-20,0,1.624273,0.077477481214993
2008-09-21,0,1.499982,0.0571749425187529
2008-09-22,0,1.462788,0.0441155186707705
2008-09-23,0,1.543511,0.0352037179499546
2008-09-24,1.27,1.557238,0.0305593361060907
2008-09-25,0.03,1.743072,0.0272049874680225
2008-09-26,0,1.777951,0.0229020985870579
2008-09-27,0,1.691646,0.0195802935513366
2008-09-28,0,1.566538,0.0169668219731886
2008-09-29,0,1.479006,0.0148703909584979
2008-09-30,0.09,1.403472,0.0131652386078919
2008-10-01,12.24,1.423459,0.427591017912477
2008-10-02,10.71,1.603801,1.83114418840585
2008-10-03,7.7,1.331589,2.17398201628799
2008-10-04,2.2,1.207945,1.43149079225466
2008-10-05,0.46,1.28195,0.625817299205846
2008-10-06,19.77,1.357242,1.92077344512014
2008-10-07,18.28,1.796667,4.49562422120629
2008-10-08,0.39,1.851831,2.9693132991277
2008-10-09,3.01,1.693426,0.888023067232066
2008-10-10,0,1.541978,0.454813242058972
2008-10-11,0,1.505726,0.228274557477103
2008-10-12,0,1.464269,0.136751680522588
2008-10-13,0,1.640103,0.0913616353822699
2008-10-14,0.03,1.684482,0.0656520884435751
2008-10-15,0,1.723606,0.0496776370469737
2008-10-16,6.44,1.607637,0.156904959504215
2008-10-17,6.29,1.359308,0.622696543744688
2008-10-18,0,1.061353,0.672155865856933
2008-10-19,0,0.9860402,0.300503266865815
2008-10-20,0,1.017413,0.16845993875164
2008-10-21,0,1.192877,0.107905563501152
2008-10-22,8.05,1.485108,0.332139127711325
2008-10-23,0,1.128306,0.534161098424598
2008-10-24,0,1.0494,0.255971102293456
2008-10-25,0.56,1.046068,0.151947586488689
2008-10-26,0.03,1.328017,0.101963295009588
2008-10-27,0.36,1.20419,0.0724203487520141
2008-10-28,16.64,1.214173,1.03727392283591
2008-10-29,0.09,0.8992387,1.79296991436383
2008-10-30,0.03,0.8252401,0.575595787475108
2008-10-31,6.76,0.8487676,0.637021481627214
2008-11-01,6.67,0.9492341,1.24178021572087
2008-11-02,5.93,1.065562,1.50423221202727
2008-11-03,0,1.212667,1.00414613294277
2008-11-04,0,1.21,0.394126507279419
2008-11-05,0,1.229064,0.20581421885639
2008-11-06,0.04,1.220242,0.126281795991215
2008-11-07,0,1.106355,0.0857065378523475
2008-11-08,0.22,1.076346,0.0623529900221479
2008-11-09,0.12,1.066963,0.0476875781728616
2008-11-10,16.72,1.144974,0.999229396485833
2008-11-11,3.07,1.35316,2.00619950496399
2008-11-12,7.76,1.217076,1.44373934457228
2008-11-13,2.81,0.984596,1.35527456582751
2008-11-14,0,0.9072889,0.666616033175436
2008-11-15,0,0.8128485,0.298791996158698
2008-11-16,0,1.049573,0.167741231066769
2008-11-17,1.05,1.131416,0.113097526195167
2008-11-18,0,0.722122,0.0836408441086747
2008-11-19,0.15,0.7668845,0.0612194681214765
2008-11-20,0.06,0.932976,0.0470692367032417
2008-11-21,0.45,1.017081,0.0377689801304823
2008-11-22,3.59,0.8411904,0.0724600567364049
2008-11-23,5.45,0.5957714,0.373684182746579
2008-11-24,6.59,0.5635995,1.0898633493481
2008-11-25,1.93,0.6263418,1.15426612870289
2008-11-26,0.24,0.5752641,0.576681224336851
2008-11-27,0,0.583843,0.279141455792113
2008-11-28,0.11,0.587428,0.16064774695889
2008-11-29,0,0.5019052,0.105088875936372
2008-11-30,0,0.5312045,0.0737206162612123
2008-12-01,9.93,0.603584,0.54065499572729
2008-12-02,8.54,0.5807372,1.7990788943574
2008-12-03,6.06,0.6438079,2.03968314733146
2008-12-04,16.63,0.5693876,3.07911729326866
2008-12-05,12.41,0.5931328,4.27636941430537
2008-12-06,14.54,0.7686026,4.17802783146384
2008-12-07,2.09,0.7174219,2.89284940662769
2008-12-08,0.35,0.6800738,0.956155156635281
2008-12-09,0,0.4742816,0.396275367660778
2008-12-10,1.35,0.5283458,0.244432477420077
2008-12-11,0,0.5824368,0.180895561737449
2008-12-12,0,0.5523222,0.114135642910267
2008-12-13,0,0.5418535,0.0788912695082249
2008-12-14,0,0.4912891,0.0580534313346278
2008-12-15,1.34,0.5968961,0.0528743923364792
2008-12-16,0,0.6298593,0.049939378562203
2008-12-17,0,0.5125397,0.0392341299531863
2008-12-18,3.14,0.4948456,0.0755649706650725
2008-12-19,0.18,0.5711073,0.119590483980496
2008-12-20,0.82,0.6786007,0.0949017137367827
2008-12-21,2.84,0.8044328,0.151602120904495
2008-12-22,0.42,0.9259063,0.19617471963027
2008-12-23,0.46,0.8907094,0.134475938971312
2008-12-24,0,0.7651861,0.0951750580806415
2008-12-25,0,0.6401317,0.0679202893899906
2008-12-26,0,0.6911374,0.0511353939452069
2008-12-27,0,0.5303401,0.0400502882757223
2008-12-28,0,0.4579273,0.0323315385460878
2008-12-29,0,0.4541913,0.0267298464485265
2008-12-30,0,0.4023186,0.0225275162034678
2008-12-31,0,0.3799093,0.0192882860767579
2009-01-01,1.31,0.4981534,0.0196980170298546
2009-01-02,0,0.5284282,0.0203770003492783
2009-01-03,0,0.4171373,0.0175986700809946
2009-01-04,0,0.4748072,0.0153806799025218
2009-01-05,0,0.4247358,0.0135792258499512
2009-01-06,0.8,0.4707253,0.0131653594523026
2009-01-07,0,0.3720257,0.0129149345986604
2009-01-08,0,0.2919532,0.0115413111481705
2009-01-17,0.42,0.5584137,0.0107732702225598
2009-01-18,1.32,0.6813924,0.0134262194360843
2009-01-19,22.13,0.7308494,1.73935828633049
2009-01-20,12.78,0.8144309,4.59896602718624
2009-01-21,1.41,0.6632489,2.66137845037769
2009-01-22,0.06,0.6236257,0.840580539894291
2009-01-23,4.57,0.6471815,0.647534505745784
2009-01-24,33.84,0.7914717,4.67445472020045
2009-01-25,0,0.6569303,5.68123715476533
2009-01-26,0,0.5699618,1.12977861571632
2009-01-27,0,0.5521673,0.425903169805588
2009-01-28,0,0.5509913,0.217726267474132
2009-01-29,0,0.5108741,0.131857316869966
2009-01-30,0,0.5765682,0.0887143727654478
2009-01-31,0,0.5665488,0.0640588033030598
2009-02-01,0,0.5220466,0.04864226141472
2009-02-02,0,0.5541468,0.0383446409406439
2009-02-03,2.77,0.6129549,0.0552774900526341
2009-02-04,2.17,0.6787131,0.121833194657293
2009-02-05,0.51,0.666439,0.149480773939575
2009-02-06,0.96,0.7441937,0.125175360012738
2009-02-07,0.07,0.812506,0.102931019013891
2009-02-08,0.25,0.7806473,0.0744956636158266
2009-02-09,0,0.678167,0.0566639641566465
2009-02-10,15.43,0.6765619,1.10812642588711
2009-02-11,20.33,0.8420598,4.50705599918466
2009-02-12,4.13,0.6997881,4.15583105130796
2009-02-13,0.9,0.6415553,1.45124766641114
2009-02-14,0.18,0.6504734,0.565216194578934
2009-02-15,0.41,0.6711149,0.28126240352006
2009-02-16,0.42,0.552574,0.175283173729357
2009-02-17,2.34,0.7636287,0.179812194407653
2009-02-18,3.1,0.9284083,0.318931573228208
2009-02-19,0,0.6204886,0.327187863144117
2009-02-20,0.2,0.6515353,0.182592489932104
2009-02-21,0.37,0.8463477,0.121250716187372
2009-02-22,0.16,0.9237023,0.0868601397275948
2009-02-23,0.76,0.9415536,0.0671607212810756
2009-02-24,3.07,0.9503117,0.104950108155422
2009-02-25,0,0.9155488,0.137377399850923
2009-02-26,0,0.7839816,0.0916981401683555
2009-02-27,0.03,0.9587813,0.0659123296382511
2009-02-28,0.23,1.007072,0.0502074562007899
2009-03-01,0,1.191543,0.0397159914829135
2009-03-02,0.53,1.088806,0.0326166519193578
2009-03-03,0,1.150314,0.0274669541456821
2009-03-04,0,0.8627117,0.0230877168476083
2009-03-05,12.68,0.9743282,0.66374057592216
2009-03-06,0.84,0.9225834,1.36609216058763
2009-03-07,0.99,0.9523436,0.555787268703358
2009-03-08,0,0.939773,0.294030699158197
2009-03-09,5.36,1.143397,0.399345308149697
2009-03-10,3.37,0.9731626,0.701160830262101
2009-03-11,8.83,1.015949,1.34340772411246
2009-03-12,0.06,1.048857,1.37483914709635
2009-03-13,0.48,1.019982,0.495443888310945
2009-03-14,0.72,1.293924,0.259521693676319
2009-03-15,0.19,1.283224,0.159234367904654
2009-03-16,0,1.359721,0.104013263709963
2009-03-17,0,1.362313,0.0730982868274951
2009-03-18,0,1.166164,0.0544298909244858
2009-03-19,0,1.158998,0.0422791793704684
2009-03-20,0,1.102972,0.0339125600848739
2009-03-21,0,0.983947,0.0278941333332089
2009-03-22,0,1.010108,0.0234113331044813
2009-03-23,0,1.030969,0.0199762104015408
2009-03-24,7.42,1.207847,0.201072097540998
2009-03-25,3.03,1.04511,0.621231040444265
2009-03-26,9.97,0.9790548,1.38447745058359
2009-03-27,8.64,1.175474,2.47136289045589
2009-03-28,6.76,1.249385,2.33674300067067
2009-03-29,7.82,1.244052,2.1693409680921
2009-03-30,0.22,1.239028,1.46275988953572
2009-03-31,0,1.257783,0.510552314186114
2009-04-01,0,1.32152,0.247909537312514
2009-04-02,0,1.635394,0.145669606301239
2009-04-03,0,1.998539,0.0961175031911734
2009-04-04,0,1.927537,0.0684780529814244
2009-04-05,0,1.846024,0.0514928993733125
2009-04-06,0,1.729523,0.0402935150411355
2009-04-07,0,1.879651,0.0325048225282855
2009-04-08,0.04,1.726466,0.0268592697727633
2009-04-09,2.02,1.751832,0.0276793962928909
2009-04-10,0.75,2.091525,0.0302116497784374
2009-04-11,0,2.379295,0.0264701441519394
2009-04-12,0.58,2.365185,0.0226263754156078
2009-04-13,0,2.273704,0.019668147354084
2009-04-14,0,2.278798,0.0170366576253263
2009-04-15,0,2.300572,0.0149269023688978
2009-04-16,0,2.3718,0.0132070682885734
2009-04-17,3.56,1.90995,0.0270781598184558
2009-04-18,15.77,1.691137,1.15148579129135
2009-04-19,5.1,1.740955,2.44791471841934
2009-04-20,0.18,2.139026,1.11334559946083
2009-04-21,0,2.229018,0.424709293885388
2009-04-22,0,2.324557,0.21728490568898
2009-04-23,0,2.078975,0.131650873996503
2009-04-24,0,1.648623,0.0886021141617455
2009-04-25,0,1.794894,0.0639911086204253
2009-04-26,0.46,1.865264,0.0488514261287692
2009-04-27,6.76,2.318762,0.172557910195551
2009-04-28,1.71,1.983741,0.347593421019278
2009-04-29,2.46,1.786177,0.276236624566535
2009-04-30,7.16,1.590243,0.623795646071042
2009-05-01,0,1.930967,0.773290360905911
2009-05-02,0.75,2.3378,0.335378277534506
2009-05-03,0,2.708936,0.186930513760737
2009-05-04,0,2.077851,0.11711170491168
2009-05-05,0,1.902105,0.0805682623984612
2009-05-06,0.44,1.818944,0.0593561808917671
2009-05-07,0,2.122687,0.0458192157242022
2009-05-08,0,2.36927,0.0363927000042413
2009-05-09,1.77,2.434079,0.0328178752277301
2009-05-10,4.72,2.094593,0.0901474570110046
2009-05-11,3.48,2.453522,0.232241215970037
2009-05-12,12.49,2.420822,1.12198358744236
2009-05-13,10.29,2.145917,2.53662981345314
2009-05-14,0,2.610996,1.72482368394534
2009-05-15,18.19,2.775262,2.14954176087882
2009-05-16,4.95,2.446969,2.80836171036795
2009-05-17,0.25,2.197536,1.09547174692436
2009-05-18,1.37,2.456547,0.43328942256588
2009-05-19,0,2.339,0.231489506655536
2009-05-20,0,2.561159,0.138228659882722
2009-05-21,0,2.958158,0.0921552447241547
2009-05-22,4.02,3.057369,0.095685107262015
2009-05-23,0,2.734146,0.101513009048311
2009-05-24,0,2.907868,0.0716452419900995
2009-05-25,0,3.913302,0.0535108435968619
2009-05-26,0,4.20187,0.0416601901358766
2009-05-27,1.01,2.944525,0.0342487692319756
2009-05-28,0,2.174284,0.0289197756361918
2009-05-29,0.68,2.622108,0.02452586792407
2009-05-30,0,2.931649,0.0211849630126726
2009-05-31,0,2.895581,0.0182361464298745
2009-06-01,0,2.892344,0.015893254149161
2009-06-02,0,3.310001,0.01399810187834
2009-06-03,0,3.607307,0.0124413328585934
2009-06-04,0,2.896547,0.0111453246020099
2009-06-05,0,2.329021,0.0100537021980106
2009-06-06,0,2.304042,0.00912469033465524
2009-06-07,1.87,2.10746,0.0103238547326685
2009-06-08,6.38,2.410382,0.103613890964472
2009-06-09,1.94,2.655424,0.277330053049547
2009-06-10,2.03,3.00336,0.207597398604721
2009-06-11,13.09,2.789467,0.923101756777693
2009-06-12,6.23,2.703289,1.80800485524417
2009-06-13,0,2.706008,0.990957846996792
2009-06-14,0,3.054897,0.390690975172543
2009-06-15,2.03,3.646948,0.212233732848984
2009-06-16,26.93,3.054263,2.46342130320939
2009-06-17,1.2,2.916752,3.67115233947403
2009-06-18,0,3.165088,0.909709805638735
2009-06-19,0,3.165592,0.369066726676296
2009-06-20,0,2.899616,0.196165581152352
2009-06-21,0.5,2.424626,0.121992303979475
2009-06-22,5.11,2.306557,0.165812071178675
2009-06-23,0,2.570292,0.206064782329898
2009-06-24,0,3.037999,0.126356550206509
2009-06-25,0,3.666297,0.085706232313836
2009-06-26,0,4.08087,0.0622375260664397
2009-06-27,0,3.896434,0.0474551197631819
2009-06-28,4.36,3.516741,0.0614931046429671
2009-06-29,0.19,3.851752,0.07664578466361
2009-06-30,3.32,4.325484,0.0692570122019383
2009-07-01,0,4.590717,0.0651471372379935
2009-07-02,0,4.611983,0.0493481741430884
2009-07-03,0,4.923543,0.0388292809045983
2009-07-04,0.33,4.393494,0.0315077575971808
2009-07-05,0,4.346181,0.026168437807086
2009-07-06,0.22,4.249085,0.022118018477967
2009-07-07,9.25,3.612511,0.189858129815877
2009-07-08,4.31,2.889095,0.563181497835173
2009-07-09,7.1,2.987057,0.768603119927479
2009-07-10,3.41,2.577553,0.841990397986387
2009-07-11,0.05,2.505075,0.475305837009075
2009-07-12,0,2.786487,0.235920573154748
2009-07-13,4.19,3.123471,0.184769843357809
2009-07-14,4.31,3.615325,0.228405266979263
2009-07-15,0,3.802904,0.206278364548866
2009-07-16,0,3.788282,0.126458177208078
2009-07-17,0,3.844505,0.0857621315215901
2009-07-18,4.98,3.326695,0.107061827370623
2009-07-19,1.22,2.89138,0.134783516534128
2009-07-20,5.51,2.987741,0.197695221312411
2009-07-21,0.16,3.315642,0.245164081879106
2009-07-22,9.65,4.311081,0.437897614993191
2009-07-23,5.99,4.281851,0.793417969870031
2009-07-24,8.85,3.467221,1.03942284570292
2009-07-25,3.42,3.112767,1.04761799647057
2009-07-26,0.59,2.964768,0.51959784734003
2009-07-27,0,3.303321,0.255112523679331
2009-07-28,2.58,3.164488,0.162123281364573
2009-07-29,0,3.047309,0.11736858276924
2009-07-30,9.48,3.582638,0.344426055742523
2009-07-31,0.08,3.123845,0.545163773317278
2009-08-01,0,2.961106,0.260141183383688
2009-08-02,0,3.487834,0.151106145696671
2009-08-03,9.39,3.043829,0.391171968646963
2009-08-04,0.63,2.967963,0.596053903045956
2009-08-05,0,3.08849,0.282136348975112
2009-08-06,0,3.394183,0.160669460223816
2009-08-07,0,3.823559,0.103932176905822
2009-08-08,0.15,3.863287,0.0730684606901299
2009-08-09,0,3.549021,0.0544274936053502
2009-08-10,0,3.526416,0.0422775675121606
2009-08-11,0,3.736363,0.0339114222936113
2009-08-12,1.65,3.35621,0.0296590286332199
2009-08-13,0,3.343398,0.0265708972690742
2009-08-14,30.19,3.129776,2.34511124352076
2009-08-15,0,2.944408,3.87070115216311
2009-08-16,0,3.172161,0.908242676400943
2009-08-17,0,3.704509,0.368668665737618
2009-08-18,0,3.453029,0.196010402295541
2009-08-19,0,3.122391,0.121533943074437
2009-08-20,0,3.664809,0.0830392166679418
2009-08-21,2.08,4.415073,0.0639752065932939
2009-08-22,5.15,2.893412,0.112266633730634
2009-08-23,0,2.789335,0.155931810064046
2009-08-24,0,2.830374,0.101487922981256
2009-08-25,0,3.23881,0.0716306168558597
2009-08-26,2.52,3.113473,0.0608376094854788
2009-08-27,0,2.899563,0.0541333174382948
2009-08-28,0,3.16247,0.0420796661984689
2009-08-29,0.17,2.683121,0.0337945724724557
2009-08-30,0,2.244487,0.0278303474771481
2009-08-31,0,2.166915,0.0233630591223347
2009-09-01,0,2.650404,0.0199387305681035
2009-09-02,11.1,2.558096,0.343987324305731
2009-09-03,0.46,2.521474,0.750859907652945
2009-09-04,11.03,2.443825,0.980211229511988
2009-09-05,15.91,1.931925,2.73366346238008
2009-09-06,0,2.043467,2.43502911267744
2009-09-07,0,1.951387,0.690362244611853
2009-09-08,0,2.27679,0.306086583561751
2009-09-09,0,2.516431,0.170794942417013
2009-09-10,0,2.670638,0.109085704584882
2009-09-11,0.13,2.524838,0.0760371875345477
2009-09-12,0,2.304254,0.0562937005355646
2009-09-13,0,2.255469,0.0435280114093126
2009-09-14,0.23,1.891005,0.0348387363111011
2009-09-15,1.65,1.85738,0.0318520301406108
2009-09-16,0,2.043344,0.0298022014549161
2009-09-17,0,2.336488,0.024847742231209
2009-09-18,0,2.48835,0.0210865467508398
2009-09-19,0,2.431557,0.0181586716155457
2009-09-20,0.65,2.425047,0.0160495590540252
2009-09-21,0.23,2.541699,0.014393377053344
2009-09-22,0,2.51324,0.0128110839013411
2009-09-23,0,2.130404,0.0114546103756103
2009-09-24,0,2.048132,0.0103153032494225
2009-09-25,0,2.136672,0.0093481472929321
2009-09-26,0,1.807652,0.00851933425076946
2009-09-27,0,1.744725,0.00780305596610622
2009-09-28,0,1.806492,0.00717932248099914
2009-09-29,0,1.737427,0.00663244640211761
2009-09-30,0,1.9004,0.00614997031672067
2009-10-01,0.05,2.088927,0.0057225887674968
2009-10-02,0,1.704401,0.00534146913483366
2009-10-03,0,1.398388,0.00499921697202555
2009-10-04,0,1.361371,0.00469118235554703
2009-10-05,0.79,1.736741,0.00461428575612374
2009-10-06,16.58,1.611057,0.817574848542287
2009-10-07,3.44,2.17422,1.90294364489264
2009-10-08,4.29,2.514847,0.963116886173403
2009-10-09,7.33,2.106764,1.03151561364849
2009-10-10,0.03,1.651734,0.886908350379856
2009-10-11,10.96,1.763238,1.09681848614589
2009-10-12,11.68,1.523339,2.3986906591821
2009-10-13,3.97,1.425926,2.17947590186781
2009-10-14,0.55,1.263709,0.95776935387257
2009-10-15,0,0.9227384,0.397884778970741
2009-10-16,0,0.8372267,0.207241365247711
2009-10-17,0.47,1.013969,0.128739076446814
2009-10-18,2.54,1.11932,0.119675140294544
2009-10-19,0,0.9196151,0.115292689029792
2009-10-20,0,0.8473702,0.0795446283340018
2009-10-21,0,1.016953,0.0584581661412703
2009-10-22,0.1,1.374926,0.0450180532813105
2009-10-23,0.44,1.216016,0.0362292995542985
2009-10-24,0,1.176927,0.0299281774547547
2009-10-25,4.47,1.266465,0.075984064564286
2009-10-26,0.56,1.360998,0.138986847461486
2009-10-27,0.05,1.25101,0.0981201189420439
2009-10-28,0,1.286191,0.0698364250359651
2009-10-29,0,1.015541,0.0523608745493972
2009-10-30,0,1.051226,0.0408826483193658
2009-10-31,0,1.129001,0.0329237695775821
2009-11-01,0,1.032294,0.0271670450200031
2009-11-02,20.83,1.156498,1.42921735131751
2009-11-03,6.45,1.144117,3.18792894080892
2009-11-04,12.17,1.024777,2.74347185696372
2009-11-05,10.72,1.058499,3.29345539367374
2009-11-06,3.44,1.012393,2.32932509273604
2009-11-07,1.53,1.027264,1.04530238816585
2009-11-08,9.83,0.9694805,1.34471339505569
2009-11-09,0,0.9081361,1.43368430747549
2009-11-10,0.68,0.9466661,0.513173207546259
2009-11-11,0.4,0.9018559,0.268805018395341
2009-11-12,0,0.802691,0.159765049218486
2009-11-13,0.44,0.8808149,0.105363494414892
2009-11-14,0.28,1.266484,0.0762995642449409
2009-11-15,3.53,1.267145,0.104809867484866
2009-11-16,2.45,1.136858,0.194926847412642
2009-11-17,13.31,1.21371,1.261008584374
2009-11-18,11.27,1.138559,3.05719813161569
2009-11-19,0,1.074777,2.05555751768369
2009-11-20,0,0.9915159,0.622558191080775
2009-11-21,0,0.9228478,0.284967861161352
2009-11-22,0.21,1.127094,0.162487724916941
2009-11-23,4.53,1.124333,0.215480614619317
2009-11-24,24.24,1.063332,2.76567549046622
2009-11-25,7.41,1.147095,4.6351993996566
2009-11-26,8.44,1.082727,2.74206951569902
2009-11-27,7.14,0.9823672,2.41760247395393
2009-11-28,10.81,0.9250795,2.66796220089376
2009-11-29,18.35,0.9301861,4.32225910418709
2009-11-30,5.78,0.966407,4.06787214980395
2009-12-01,0.33,0.810569,1.58192702563731
2009-12-02,2.78,0.7297961,0.718868828446733
2009-12-03,5.76,0.7424351,0.973596753095756
2009-12-04,20.28,0.8859177,3.37923768239979
2009-12-05,0,0.6863083,3.56523791118192
2009-12-06,10.46,0.767214,1.96795845597637
2009-12-07,13.32,0.979632,3.42912777085548
2009-12-08,2.62,0.802062,2.81026231938727
2009-12-09,8.31,0.8043016,1.90198128363162
2009-12-10,1.23,0.7992892,1.62349255831338
2009-12-11,6.79,0.9395251,1.25239607980483
2009-12-12,1.91,0.8305926,1.27137800427881
2009-12-13,0.1,0.6603587,0.602228076610359
2009-12-14,0.29,0.5729269,0.28880343565289
2009-12-15,0,0.4644361,0.169747816321869
2009-12-16,0,0.4829431,0.108557077440182
2009-12-17,0,0.4667883,0.0757161279137145
2009-12-18,0,0.4009569,0.0560752606164692
2009-12-19,0,0.4173667,0.0433820898165008
2009-12-20,0.49,0.2637233,0.036038899919682
2009-12-21,6.53,0.3118097,0.290290718875716
2009-12-22,5.62,0.4667029,1.12348491714403
2009-12-23,15.94,0.6197243,3.00185672602567
2009-12-24,0,0.5673743,2.95739383728806
2009-12-25,6.54,0.5962517,1.43075358114996
2009-12-26,7.98,0.6521371,2.10753716825436
2009-12-27,0,0.5833494,1.58420242610589
2009-12-28,8.93,0.5283053,1.44410598629705
2009-12-29,0.2,0.596746,1.52225514996973
2009-12-30,13.94,0.6006402,2.10643361409615
2009-12-31,4.82,0.9727193,2.98057461107427
