"Date","P","E","MVII_Q_sim"
2004-09-02,0,2.113637,0
2004-09-03,0,2.284305,0
2004-09-04,0,2.757288,0
2004-09-05,0,2.852728,0
2004-09-06,0,2.882288,0
2004-09-07,0,2.759263,0
2004-09-08,0,2.680601,0
2004-09-09,0,2.677378,0
2004-09-10,0,2.387042,0
2004-09-11,0,2.376496,0
2004-09-12,2.56,2.716567,0.101991990861347
2004-09-13,0.4,2.149183,0.101147590347402
2004-09-14,0,2.107571,0.0824598976653197
2004-09-15,1.41,1.976001,0.125890568382556
2004-09-16,0.28,1.704098,0.118560265133664
2004-09-17,0,1.448402,0.0972872548603042
2004-09-18,0,1.587894,0.0791513209320775
2004-09-19,0,1.871197,0.0645604424199382
2004-09-20,2.26,1.978648,0.15074267586863
2004-09-21,0,1.634728,0.134015509906865
2004-09-22,1.32,1.840719,0.168080239534039
2004-09-23,1.79,1.640583,0.227109381378761
2004-09-24,14.07,1.869767,0.914084818014583
2004-09-25,0.45,1.48158,0.949748675532881
2004-09-26,0.67,1.552072,0.705530827394687
2004-09-27,0.19,1.701439,0.543531045915124
2004-09-28,0.17,1.707937,0.427136745465223
2004-09-29,0.22,1.918793,0.346009212017564
2004-09-30,0.24,1.802173,0.286685916217686
2004-10-01,0,1.592697,0.229891393332702
2004-10-02,1.83,1.870887,0.269577030340927
2004-10-03,0,1.646764,0.230266468393049
2004-10-04,0,1.448458,0.183232475751379
2004-10-05,0,1.877995,0.146902236060934
2004-10-06,0.18,2.073062,0.126640648851496
2004-10-07,6.15,1.500013,0.39240287635707
2004-10-08,0,1.218998,0.377148345752404
2004-10-09,0.46,1.205347,0.311407576838986
2004-10-10,1.81,1.369293,0.336336165607025
2004-10-11,0,1.256048,0.281604309903861
2004-10-12,0.03,1.158983,0.221931777723098
2004-10-13,0.09,1.209478,0.180477987106785
2004-10-14,0,1.27022,0.144981033240907
2004-10-15,12.23,1.358412,0.719100311403068
2004-10-16,6.52,1.145263,1.11058155510492
2004-10-17,7.73,1.05341,1.34180544489197
2004-10-18,8.21,1.068011,1.56304653045458
2004-10-19,3.43,1.118989,1.4425565015064
2004-10-20,0,1.071919,1.07115402557854
2004-10-21,26.45,1.69434,2.33229125376539
2004-10-22,6.71,1.454203,2.68174797347359
2004-10-23,0,1.153814,1.8499640255613
2004-10-24,0,1.585888,1.29666943658559
2004-10-25,1.91,1.457917,1.08285478951723
2004-10-26,0.13,1.476742,0.870905573894543
2004-10-27,0,1.06086,0.679875090768616
2004-10-28,1.34,1.060081,0.603112940030294
2004-10-29,11.48,1.32757,1.10135440173925
2004-10-30,9.61,1.257509,1.61678398534821
2004-10-31,1.02,1.106807,1.38516155393337
2004-11-01,0,1.089128,0.982692155395344
2004-11-02,0.51,1.114508,0.759389447150542
2004-11-03,2.28,1.132146,0.711683581760872
2004-11-04,0.87,1.165112,0.628325817079055
2004-11-05,7.84,1.214399,0.918987360410523
2004-11-06,0,0.9872853,0.829463494479678
2004-11-07,5.06,0.9161867,0.885895632483353
2004-11-08,0.3,0.8776983,0.764344607913447
2004-11-09,2.13,0.7714481,0.686586643536014
2004-11-10,0,0.6820809,0.553190445282346
2004-11-11,7.52,0.6343335,0.827171223535094
2004-11-12,0.06,0.6871911,0.757568164937821
2004-11-13,0.32,0.7144714,0.571462190179739
2004-11-14,0.25,0.7467596,0.452854485731956
2004-11-15,0.03,0.6498458,0.356506899743134
2004-11-16,0,0.5261134,0.281045904082413
2004-11-17,0.13,0.7804892,0.229707723894864
2004-11-18,1.38,0.9692749,0.250711365260453
2004-11-19,8.88,0.9393669,0.670753462691196
2004-11-20,5.37,0.6592451,0.974094559843899
2004-11-21,0,0.4911742,0.791426031278886
2004-11-22,1.16,0.5215181,0.629780510629337
2004-11-23,1.51,0.9227881,0.572122699409859
2004-11-24,3.09,0.943699,0.623795911088595
2004-11-25,0,0.5339188,0.52034765065405
2004-11-26,0,0.4981881,0.39448115619211
2004-11-27,0.03,0.6245914,0.308350758795819
2004-11-28,4.11,0.839671,0.450742718928458
2004-11-29,0.04,0.8040129,0.408898860821383
2004-11-30,0,0.7893474,0.313268071798695
2004-12-01,0,0.6858214,0.244797900882825
2004-12-02,4.03,0.6522361,0.394837293972774
2004-12-03,0.91,0.6546811,0.409486730354135
2004-12-04,0.34,0.6343503,0.341991329053525
2004-12-05,0,0.4875218,0.268230869246418
2004-12-06,0,0.4631441,0.21029632730873
2004-12-07,0,0.6280405,0.166958996075107
2004-12-08,0,0.6087703,0.133725464934654
2004-12-09,0,0.6529787,0.107838770283845
2004-12-10,0,0.5383515,0.0874632606207598
2004-12-11,0,0.422851,0.0713066292842762
2004-12-12,0,0.3872977,0.0584239936684598
2004-12-13,0,0.3944114,0.0481063997557287
2004-12-14,0,0.3857142,0.0398122990690427
2004-12-15,0,0.363615,0.0331227538026468
2004-12-16,0,0.3932182,0.027710704912816
2004-12-17,4.62,0.4902821,0.232425015428608
2004-12-18,17.88,0.6691674,1.23411523066505
2004-12-19,2.04,0.611173,1.42626909143365
2004-12-20,5.29,0.5502534,1.28175098916085
2004-12-21,0,0.3892653,1.00390741477619
2004-12-22,0.12,0.3102131,0.724803533997588
2004-12-23,1.32,0.4280471,0.62150771538764
2004-12-24,3.09,0.6583146,0.665208807841237
2004-12-25,5.01,0.8281793,0.83935898009476
2004-12-26,7.73,0.6941871,1.1749857188801
2004-12-27,0,0.5527822,1.00107094299645
2004-12-28,0,0.4746404,0.70480219000108
2004-12-29,5.72,0.4642913,0.847772071745542
2004-12-30,4.41,0.5442014,1.0025681231412
2004-12-31,0.03,0.5549419,0.812891954689887
2005-01-01,1.26,0.6894726,0.663922468928089
2005-01-02,2.69,0.8096346,0.671712367049652
2005-01-03,1.61,0.6931758,0.64365733912708
2005-01-04,0.55,0.6132231,0.541546347280272
2005-01-05,0.03,0.6386116,0.422644307290097
2005-01-06,3.78,0.6912808,0.527527612098605
2005-01-07,1.83,0.7893056,0.566713226861744
2005-01-08,0.06,0.9149299,0.458957534348396
2005-01-09,1.97,0.8233667,0.454769375372318
2005-01-10,0.07,0.7597027,0.382329224752537
2005-01-11,1.94,0.9431185,0.396835012423319
2005-01-12,1.97,0.8727531,0.439716914229263
2005-01-13,4.68,0.8354181,0.624405843502807
2005-01-14,0.04,0.6119324,0.552298416835965
2005-01-15,0,0.4819481,0.406524169587592
2005-01-16,0,0.4505649,0.310863774954218
2005-01-17,0,0.3954557,0.242968312589135
2005-01-18,5.88,0.5186266,0.495497272373421
2005-01-19,17.98,0.7058651,1.57958591038694
2005-01-20,0.63,0.6284215,1.59531414890189
2005-01-21,11.24,0.902652,1.73021221819143
2005-01-22,5.7,0.7698514,1.84262537006881
2005-01-23,0.09,0.6219703,1.36459767284747
2005-01-24,0.58,0.5759695,0.99135214696236
2005-01-25,0.8,0.4979846,0.798802642780382
2005-01-26,0,0.439901,0.626321593980176
2005-01-27,0,0.4464809,0.487978833618742
2005-01-28,0,0.4250468,0.385339355054363
2005-01-29,0,0.5114991,0.306752182961977
2005-01-30,0.09,0.4399706,0.24986529705497
2005-01-31,0.78,0.4875022,0.23886939814061
2005-02-01,1.74,0.6468565,0.284507260726221
2005-02-02,1.62,0.7295738,0.329469534681622
2005-02-03,1.58,0.7273596,0.362987053173791
2005-02-04,1.55,0.7654879,0.386730464017945
2005-02-05,0,0.6740511,0.319803987857142
2005-02-06,0,0.5420755,0.246526033473413
2005-02-07,0.03,0.5622185,0.195151366145269
2005-02-08,0,0.5549156,0.15544117361047
2005-02-09,0,0.5920999,0.12462268155874
2005-02-10,0.04,0.6052468,0.102490389747026
2005-02-11,11.21,0.782225,0.666704778736333
2005-02-12,7.9,1.006207,1.24206095027723
2005-02-13,10.86,1.13618,1.74317531231127
2005-02-14,8.73,0.6962438,2.01770114659162
2005-02-15,8.43,0.692138,2.09773475035682
2005-02-16,0.33,0.6141471,1.61530425675964
2005-02-17,0.11,0.5508775,1.10948553386946
2005-02-18,0,0.5539304,0.824665571131697
2005-02-19,0.44,0.5415132,0.659179338584779
2005-02-20,4.57,0.6248027,0.774805413590957
2005-02-21,1.55,0.6320815,0.773394778760349
2005-02-22,0.58,0.5840309,0.640532957197486
2005-02-23,0.6,0.5496272,0.529001491414346
2005-02-24,0,0.4561931,0.417256946742971
2005-02-25,0.32,0.4425995,0.342610803287898
2005-02-26,0,0.4348168,0.274516583223683
2005-02-27,0.6,0.4946571,0.24819349341729
2005-02-28,0.36,0.5022481,0.222474044109744
2005-03-01,0,0.3873481,0.181315712535946
2005-03-05,0.23,0.5887297,0.156448176516127
2005-03-06,4.94,0.6015626,0.378787051095445
2005-03-07,0.49,0.5458912,0.40344618630641
2005-03-08,0.94,0.6820855,0.361365133630903
2005-03-09,1.4,0.839284,0.366522160416698
2005-03-10,1.3,0.8456676,0.373527223777765
2005-03-11,0.43,0.8152473,0.328612990419473
2005-03-12,0.34,0.838068,0.276039596827213
2005-03-13,4.26,0.8197186,0.449302373325956
2005-03-14,0.09,0.8383325,0.423959928173186
2005-03-15,0,0.9326511,0.315546224660922
2005-03-16,0,0.9829395,0.241975759121688
2005-03-17,0,1.411184,0.189497813039615
2005-03-18,0,1.589331,0.150404590915832
2005-03-19,0,1.507555,0.120513872897972
2005-03-20,0,1.502384,0.0972776895040005
2005-03-21,0,1.472723,0.0790117795201764
2005-03-22,0,1.40291,0.0645381273686373
2005-03-23,1.43,1.498569,0.119536126222869
2005-03-24,0,1.70044,0.109369532358083
2005-03-25,2.74,1.542112,0.223029330166645
2005-03-26,0,1.616185,0.211654882022538
2005-03-27,0.41,1.450103,0.185766587891251
2005-03-28,0.13,1.625386,0.157847881838096
2005-03-29,2.35,1.619739,0.245808935911902
2005-03-30,0.8,1.605759,0.26754065338366
2005-03-31,5.6,1.557586,0.527388403097161
2005-04-01,0,1.604459,0.504990969306695
2005-04-02,0,1.462536,0.362972397979777
2005-04-03,0,1.440072,0.27428185638919
2005-04-04,0,1.586499,0.212938114427725
2005-04-05,0,1.552986,0.168043324180995
2005-04-06,2.32,1.541074,0.250392969918203
2005-04-07,6.78,1.396284,0.606404349906876
2005-04-08,3.63,1.530486,0.817810442948968
2005-04-09,6.71,1.224065,1.07370162866802
2005-04-10,0.52,1.093089,0.937812097673762
2005-04-11,0.39,1.224756,0.676125678884694
2005-04-12,0,1.451623,0.503976918625016
2005-04-13,0,1.538495,0.384119840340838
2005-04-14,0,1.675045,0.299661198320432
2005-04-15,0,1.745112,0.236954968749848
2005-04-16,4.33,1.592329,0.412319104341021
2005-04-17,1.58,1.512652,0.482513734932681
2005-04-18,0.2,1.785537,0.400265580259532
2005-04-19,0.17,1.748204,0.315161586452965
2005-04-20,5.69,1.599067,0.559801442379863
2005-04-21,0.44,1.423264,0.561638199178954
2005-04-22,0,1.379885,0.414104373934386
2005-04-23,0,1.460161,0.312187727672412
2005-04-24,2.18,1.509001,0.357877070262328
2005-04-25,0.33,1.940844,0.329099529086601
2005-04-26,7.72,1.824589,0.694718653694528
2005-04-27,8.3,1.884232,1.22158437160984
2005-04-28,0.76,1.886999,1.09044958830348
2005-04-29,0,1.817897,0.742340286335706
2005-04-30,1.08,2.491382,0.601214312682168
2005-05-01,0,2.654647,0.473610438581788
2005-05-02,0,2.979977,0.363814597980898
2005-05-03,0.07,2.734749,0.28868016312553
2005-05-04,5.47,2.253556,0.52094507089754
2005-05-05,4.04,1.959461,0.74644546876296
2005-05-06,0.18,1.966407,0.636671888228409
2005-05-07,1.99,1.840794,0.577234634365737
2005-05-08,11.17,1.538772,1.15642578762607
2005-05-09,0.32,1.431704,1.13163543878078
2005-05-10,0,1.499452,0.75302885670896
2005-05-11,0.08,1.527832,0.552338595860187
2005-05-12,0,1.616271,0.42205424848364
2005-05-13,0.1,1.963023,0.334163040307188
2005-05-14,0,2.134367,0.265117111195347
2005-05-15,16.04,2.091104,1.13615916568294
2005-05-16,0.86,2.068168,1.32321002734289
2005-05-17,0,2.115844,0.858349529882514
2005-05-18,0,1.993742,0.610502235530219
2005-05-19,0.03,1.84385,0.462263152598626
2005-05-20,0,2.129164,0.359090512456597
2005-05-21,10.91,2.984589,0.903579719081845
2005-05-22,0,2.696783,0.939081647545775
2005-05-23,0,2.48452,0.635398259337962
2005-05-24,0.2,2.461813,0.479814971192189
2005-05-25,0,2.439509,0.37062164891976
2005-05-26,0,3.291149,0.289299398315906
2005-05-27,0,3.752751,0.228857718292565
2005-05-28,0.05,4.226289,0.185106806263186
2005-05-29,0.05,4.319947,0.151530176501218
2005-05-30,12.94,4.156369,0.83139040768237
2005-05-31,1.46,2.537844,1.03649932141348
2005-06-01,0.23,2.296298,0.728183329911697
2005-06-02,0,2.706445,0.523086697279651
2005-06-03,0,3.043817,0.393143641048162
2005-06-04,3.33,3.260307,0.486050797659187
2005-06-05,1.08,2.522418,0.494750485459149
2005-06-06,0,2.289379,0.390394942903719
2005-06-07,2.65,2.518276,0.443642700190438
2005-06-08,0,2.14433,0.385550137065787
2005-06-09,0,2.289801,0.292636768503851
2005-06-10,0,2.503968,0.22775925403012
2005-06-11,0,2.648957,0.179973759302264
2005-06-12,0,2.54047,0.143673520046381
2005-06-13,0,2.333608,0.11556967151561
2005-06-14,0,2.605817,0.0935402855980732
2005-06-15,0,2.823523,0.0761236457758054
2005-06-16,0,3.095813,0.0622669044344578
2005-06-17,0,3.523176,0.0511882881583233
2005-06-18,0.03,3.933271,0.0436488818978431
2005-06-19,0.03,4.415076,0.037734300941601
2005-06-20,0,4.288468,0.0316038841459176
2005-06-21,0,4.673518,0.0264844395761151
2005-06-22,0.04,4.772464,0.0240865520724295
2005-06-23,0,4.534642,0.0205423918085261
2005-06-24,0,4.682284,0.0174781741775565
2005-06-25,0.03,5.340871,0.0162722594975817
2005-06-26,1.11,4.299456,0.0627531837152484
2005-06-27,0,4.406134,0.0577763842631855
2005-06-28,0,4.518274,0.047583600742019
2005-06-29,0,4.98642,0.0393839292190496
2005-06-30,2.01,4.218043,0.124189620055931
2005-07-01,2.51,3.436428,0.242565826495314
2005-07-02,2.69,3.093486,0.368173995003923
2005-07-03,2.75,3.373674,0.479118713673698
2005-07-04,0,4.070348,0.405397296641721
2005-07-05,4.95,3.306112,0.578893378444307
2005-07-06,0.16,2.719457,0.536297466138173
2005-07-07,11.16,2.822993,1.05812168133699
2005-07-08,8.05,2.484864,1.56302652208569
2005-07-09,8.76,2.743725,1.81717811087249
2005-07-10,0,3.170881,1.41583658888665
2005-07-11,2,3.857578,1.06916865746619
2005-07-12,0,4.588746,0.822173626368818
2005-07-13,0,4.193992,0.617235296352703
2005-07-14,0,4.556277,0.47810280615837
2005-07-15,0,4.689089,0.376322898496895
2005-07-16,0,4.450485,0.299013671029047
2005-07-17,0,4.211437,0.239072243940656
2005-07-18,0,4.029562,0.192029522850597
2005-07-19,3.24,3.882426,0.312695638158275
2005-07-20,1.48,3.19517,0.36880516869258
2005-07-21,6.02,2.886899,0.644461905939992
2005-07-22,0,2.960662,0.601208281912024
2005-07-23,0.11,3.049948,0.438085987048505
2005-07-24,0,3.209504,0.332774997015757
2005-07-25,8.18,3.193089,0.710657669978539
2005-07-26,3.12,3.480394,0.897527438575421
2005-07-27,0.16,3.439533,0.700634799547495
2005-07-28,1.46,4.334658,0.589284377464286
2005-07-29,3.98,4.477613,0.695778747401806
2005-07-30,16.48,3.663631,1.63956460281033
2005-07-31,2.37,3.064103,1.73951447224358
2005-08-01,3.14,2.728464,1.35155014801132
2005-08-02,0,3.112624,1.00944898150168
2005-08-03,0,3.147316,0.732197819763752
2005-08-04,0.35,2.867621,0.57753390467459
2005-08-05,0,2.868614,0.45506907265558
2005-08-06,5.47,2.5858,0.653071970043885
2005-08-07,0,2.442183,0.604191584973256
2005-08-08,3.93,2.238373,0.673391364984398
2005-08-09,0.38,2.33656,0.603827650214738
2005-08-10,0,2.587624,0.454132766320238
2005-08-11,0,2.605904,0.347605518804291
2005-08-12,2.64,2.491075,0.410790452642207
2005-08-13,0,2.714198,0.359912308521367
2005-08-14,0,2.682147,0.277140680008235
2005-08-15,13.68,2.459687,0.994540377761028
2005-08-16,3.24,2.452757,1.28120628351985
2005-08-17,0,3.099506,0.909967529169094
2005-08-18,0,3.126107,0.635731928313228
2005-08-19,0,3.283715,0.475780608552799
2005-08-20,0.68,2.803069,0.403810839829441
2005-08-21,0,2.626738,0.325412985492286
2005-08-22,0,2.588151,0.256460103248213
2005-08-23,0,2.943487,0.204119298610764
2005-08-24,0.97,2.549504,0.210877497397908
2005-08-25,0.03,2.660715,0.180247743040891
2005-08-26,4.24,2.348806,0.359422198435327
2005-08-27,0,2.122388,0.345867140776276
2005-08-28,0,2.173436,0.262300188107501
2005-08-29,0,2.540396,0.204064817263742
2005-08-30,0,2.784911,0.161269360549144
2005-08-31,0,3.151083,0.128821759724017
2005-09-01,0,3.454235,0.103735634878731
2005-09-02,0,2.969024,0.0840893985376961
2005-09-03,0,3.078266,0.0685640782217097
2005-09-04,0.03,2.997457,0.0575836639374858
2005-09-05,0.03,3.13647,0.048978050643288
2005-09-06,0.06,3.023247,0.0433980867188344
2005-09-07,4.47,3.103573,0.24707034846489
2005-09-08,0,3.144351,0.252974362289811
2005-09-09,0,3.193396,0.194959688832495
2005-09-10,8.96,2.936333,0.637057569114361
2005-09-11,3.53,2.710608,0.881872290268368
2005-09-12,0.99,2.545185,0.742910925580996
2005-09-13,2.24,2.49724,0.675487265123369
2005-09-14,0,2.562524,0.537240881889802
2005-09-15,0.03,2.23683,0.401924761717696
2005-09-16,0.91,2.673458,0.358103445449343
2005-09-17,8.84,2.069236,0.786883041784817
2005-09-18,0,1.635706,0.775714816662933
2005-09-19,0,1.576464,0.540711503827256
2005-09-20,0,1.598641,0.403526062941168
2005-09-21,0,1.659914,0.311236113740124
2005-09-22,0,1.688629,0.24446226794592
2005-09-23,0,1.763874,0.194201017124895
2005-09-24,0,1.836622,0.155490632145481
2005-09-25,0,1.970443,0.125249554744151
2005-09-26,0.1,2.072422,0.106070017624608
2005-09-27,0,2.098127,0.0869102756139703
2005-09-28,0.38,2.107799,0.0883555599343867
2005-09-29,2.12,1.840451,0.174712665162764
2005-09-30,2.11,1.626438,0.269111458960346
2005-10-01,1.19,1.46649,0.301908813773753
2005-10-02,6.97,1.711256,0.638158834849124
2005-10-03,2.11,1.495578,0.743530508612367
2005-10-04,0,1.52791,0.563811642657566
2005-10-05,0,1.784045,0.410381790847615
2005-10-06,0,2.027596,0.312379144882912
2005-10-07,0,2.041108,0.24351639542179
2005-10-08,0,2.00324,0.192573142464116
2005-10-09,0,1.791158,0.153757774897065
2005-10-10,0,1.651373,0.123645487133185
2005-10-11,0,1.661337,0.100010029992958
2005-10-12,0,1.590911,0.0813080223790607
2005-10-13,0,1.62495,0.0664220496237379
2005-10-14,0,1.50876,0.0545190178449208
2005-10-15,0,1.456775,0.0449652115352267
2005-10-16,0,1.358171,0.0372717807281427
2005-10-17,0,1.379401,0.0310578437487972
2005-10-18,0,1.207543,0.0260244730023801
2005-10-19,0.07,1.184507,0.024995400256777
2005-10-20,5.79,1.236701,0.291606227263922
2005-10-21,2.08,1.521519,0.424714167722101
2005-10-22,19.97,1.701719,1.58507568100488
2005-10-23,4.47,1.730524,1.955025428761
2005-10-24,0.92,1.514964,1.35968733247954
2005-10-25,0,1.368209,0.941217596165725
2005-10-26,0.84,1.68172,0.739520896754605
2005-10-27,0,1.751443,0.578574439049043
2005-10-28,0.03,1.709431,0.450340985565356
2005-10-29,0,1.723678,0.355064282093515
2005-10-30,0,1.571635,0.282203228745548
2005-10-31,0,1.531022,0.225709824964449
2005-11-01,0.43,1.626909,0.201954539315388
2005-11-02,16.79,1.390835,1.102023481046
2005-11-03,9.61,1.239053,1.89654105151248
2005-11-04,0.04,1.5933,1.45569382693776
2005-11-05,4.76,1.381366,1.2481896469567
2005-11-06,2.16,1.086596,1.13574721653021
2005-11-07,0,1.118102,0.857925261862002
2005-11-08,1.96,1.00812,0.748587278621492
2005-11-09,0,1.213065,0.605105768576386
2005-11-10,0.44,0.9936017,0.487499336596237
2005-11-11,0,1.051076,0.386742644041895
2005-11-12,0.69,1.050091,0.340207045259679
2005-11-13,0.35,0.9528222,0.295912853299778
2005-11-14,0.78,1.148047,0.278403293991934
2005-11-15,0,0.9672437,0.23011847948878
2005-11-16,5.97,0.8645967,0.497256824671995
2005-11-17,2.47,0.8156803,0.639873436356998
2005-11-18,0.13,0.7428913,0.519742670614314
2005-11-19,0,0.721917,0.384026263291173
2005-11-20,0,0.584867,0.293152971043187
2005-11-21,0,0.5666367,0.22890915604383
2005-11-22,0.13,0.7606092,0.187733795503099
2005-11-23,0,0.5914326,0.151243514868698
2005-11-24,0.03,0.6131673,0.122978235063911
2005-11-25,2.51,0.6668969,0.222156761715132
2005-11-26,0.2,0.568899,0.21790988346626
2005-11-27,2.1,0.5638723,0.282433122195107
2005-11-28,1.01,0.5914569,0.305025206923543
2005-11-29,3.98,0.6221925,0.469846546737245
2005-11-30,0.06,0.6370068,0.43106499872488
2005-12-01,0,0.5939674,0.318068757881705
2005-12-02,0,0.5795554,0.243043799133199
2005-12-03,10.96,0.6093981,0.808232883906076
2005-12-04,10.68,0.835227,1.57532890549942
2005-12-05,20.54,0.8852936,2.79023786877444
2005-12-06,0.86,0.780482,2.4349778277667
2005-12-07,0.42,0.7203354,1.49590445085346
2005-12-08,0.22,0.7266342,1.07729418599068
2005-12-09,5.11,0.6792817,1.12112487699581
2005-12-10,0,0.641126,0.958564832558863
2005-12-11,0,0.5554378,0.709274610848513
2005-12-12,0,0.4978358,0.545831502719103
2005-12-13,0.04,0.6092603,0.430245135080434
2005-12-14,0.06,0.6748322,0.344601542174669
2005-12-15,0.58,0.6955155,0.304746344001512
2005-12-16,0.39,0.6871021,0.269761501337935
2005-12-17,6.98,0.7945831,0.597466994301765
2005-12-18,4.19,0.5647568,0.867499920906943
2005-12-19,0,0.5699394,0.708788907708247
2005-12-20,2.13,0.5453842,0.628878651410037
2005-12-21,0,0.5635263,0.508831584992994
2005-12-22,0,0.5792199,0.380835294871236
2005-12-23,0.09,0.5903021,0.298962745239774
2005-12-24,0,0.6611409,0.236082641086045
2005-12-25,0,0.7195387,0.187450115676222
2005-12-26,0.06,0.689492,0.153009977910561
2005-12-27,3.57,0.5497398,0.304471102602266
2005-12-28,1.71,0.4394627,0.391455213809239
2005-12-29,0.69,0.4475311,0.365266017782996
2005-12-30,0.27,0.3878605,0.302259905609361
2005-12-31,9.99,0.4179907,0.822212671747893
2006-01-01,1.66,0.6755196,0.96409373418469
2006-01-02,3.85,0.6891219,0.925820618291267
2006-01-03,0,0.7122377,0.73959679770203
2006-01-04,0,0.5916529,0.524769736963676
2006-01-05,0,0.5178823,0.394937891589001
2006-01-06,0.59,0.5177258,0.337721204185203
2006-01-07,0,0.4401883,0.273290272603985
2006-01-08,0,0.4579959,0.215665949071844
2006-01-09,0,0.5305783,0.171892700833164
2006-01-10,0,0.4316201,0.13799392282106
2006-01-11,0,0.4481434,0.111417688913142
2006-01-12,3.3,0.4999456,0.253608642958066
2006-01-13,0.57,0.6123654,0.279947637334325
2006-01-14,0,0.541813,0.224088774027207
2006-01-15,0,0.4790324,0.174557005459544
2006-01-16,0,0.391807,0.138142206761209
2006-01-17,0.57,0.463781,0.138835251879859
2006-01-18,18.58,0.7064641,1.22812964240373
2006-01-19,0.82,0.716875,1.49738971737984
2006-01-20,0,0.6305717,0.915267148558404
2006-01-21,2.95,0.8116945,0.818637350187976
2006-01-22,1.28,0.7315867,0.745582581903613
2006-01-23,0,0.6536101,0.572380857110451
2006-01-24,0,0.4829788,0.430316731849765
2006-01-25,0,0.4536762,0.333253897616761
2006-01-26,0.42,0.4885271,0.284323411915684
2006-01-27,0.11,0.5368626,0.236582540403518
2006-01-28,0,0.4089335,0.189651099492245
2006-01-29,0.1,0.5597329,0.15688688830477
2006-01-30,0,0.7826701,0.127329658666213
2006-01-31,0,0.6719809,0.103010303507381
2006-02-01,0,0.6150579,0.0837347323934597
2006-02-02,0,0.5432889,0.0683751731641138
2006-02-03,0.03,0.4630497,0.0574650846662704
2006-02-04,0,0.4412431,0.0475214200176053
2006-02-05,0,0.650513,0.0393232498449041
2006-02-06,0.5,0.6916068,0.0553215920310096
2006-02-07,0.03,0.7817963,0.0502011055337631
2006-02-08,0.45,0.7870484,0.0623604746602553
2006-02-09,2.95,0.7915451,0.197693563885144
2006-02-10,3.55,0.6819946,0.395290095345674
2006-02-11,0.36,0.7195751,0.389556185390753
2006-02-12,0,0.7037867,0.293126797797869
2006-02-13,2.59,0.6666952,0.366873786367356
2006-02-14,0.07,0.6449706,0.331143702150934
2006-02-15,0.27,0.7748904,0.265072161581283
2006-02-16,22.04,0.9732111,1.6153622946702
2006-02-17,8.62,1.034805,2.49425186223435
2006-02-18,1.93,0.9502857,1.84028403164278
2006-02-19,12.73,0.9093604,2.11548367970039
2006-02-20,1.49,0.9871904,1.92747310184233
2006-02-21,1.27,0.9610401,1.36336845086806
2006-02-22,0.92,0.8301464,1.06163584829259
2006-02-23,0.03,0.7976961,0.811803757171622
2006-02-24,0,0.7065107,0.621184131954975
2006-02-25,0,0.7650482,0.485482784602208
2006-02-26,0,0.7348837,0.384039304832504
2006-02-27,0,0.5994329,0.306039345298681
2006-02-28,0.4,0.594277,0.265178815324818
2006-03-01,3.36,0.7213423,0.393568114158119
2006-03-02,0.39,0.6346496,0.390512217660981
2006-03-03,0.54,0.6573148,0.335329526095962
2006-03-04,8.84,0.6795819,0.799037798038647
2006-03-05,0,0.5950798,0.822457618113504
2006-03-06,0.59,0.5040029,0.587882808987935
2006-03-07,2.9,0.5969318,0.618187159769516
2006-03-08,0.15,0.775813,0.53152748009863
2006-03-09,11.44,0.8606969,1.12626614259734
2006-03-10,7.09,1.154469,1.65835500056518
2006-03-11,2.47,0.9804657,1.43991290172429
2006-03-12,2.76,0.8441187,1.19028835754761
2006-03-13,0.03,0.6025251,0.899472930485221
2006-03-14,0,0.6547178,0.647985653789846
2006-03-15,0,0.7655962,0.49165524519907
2006-03-16,0,0.8944366,0.382708004157746
2006-03-17,0,0.8028612,0.302116580981565
2006-03-18,0,0.9173837,0.240588527889622
2006-03-19,0,0.9993356,0.192760097224578
2006-03-20,0,1.104287,0.155167633969792
2006-03-21,0.26,1.142912,0.137974378508018
2006-03-22,2.34,1.023736,0.231433200679234
2006-03-23,0.22,1.014172,0.230123788555277
2006-03-24,0,1.107618,0.183180993439496
2006-03-25,7.77,1.273506,0.587873848604508
2006-03-26,9.73,1.683638,1.31654791636128
2006-03-27,2.62,1.950993,1.36096159009749
2006-03-28,4.06,1.834449,1.21094607083131
2006-03-29,4.41,1.489434,1.23869993457066
2006-03-30,2.53,1.371952,1.1434890495248
2006-03-31,25.72,1.717335,2.76574134709148
2006-04-01,14.39,1.762839,3.94543182035864
2006-04-02,4.83,1.549207,3.09135478817263
2006-04-03,6.34,1.504987,2.49430811020012
2006-04-04,4.98,1.340376,2.2398982349021
2006-04-05,0,1.231758,1.67722433150891
2006-04-06,0,1.136354,1.18733970235729
2006-04-07,0,1.141842,0.899848944163426
2006-04-08,0,1.253996,0.701061709498935
2006-04-09,0,1.356024,0.55356306909029
2006-04-10,0.09,1.452778,0.445191153702378
2006-04-11,0,1.360654,0.356962805664278
2006-04-12,0,1.227348,0.286180039838197
2006-04-13,0.74,1.471256,0.267178794409589
2006-04-14,1.65,1.417903,0.310219991019067
2006-04-15,2.45,1.73055,0.412497015747408
2006-04-16,3.92,1.78059,0.612896398182956
2006-04-17,17.49,1.836359,1.81463724899365
2006-04-18,0,1.865053,1.83179439722454
2006-04-19,0,1.712098,1.04801254516797
2006-04-20,0,1.5832,0.728048533441265
2006-04-21,0,1.72232,0.544297884846458
2006-04-22,0,2.055787,0.420552233741111
2006-04-23,0,1.906578,0.330576205263049
2006-04-24,0,1.664318,0.262521505129465
2006-04-25,0,2.614495,0.209907394583272
2006-04-26,1,2.489932,0.219589893473183
2006-04-27,0.52,2.279525,0.216639456633237
2006-04-28,0,2.066842,0.179644148891482
2006-04-29,0,1.879394,0.143329924268491
2006-04-30,0,1.488974,0.115254410564942
2006-05-01,6.57,1.242226,0.453178165456602
2006-05-02,3.03,1.63297,0.711267570577336
2006-05-03,0,2.279322,0.571424310737839
2006-05-04,0,2.74471,0.399143742104739
2006-05-05,0,3.133681,0.297298084494743
2006-05-06,3.03,2.780145,0.403583388472109
2006-05-07,0.03,2.960251,0.375052096133555
2006-05-08,0,2.775521,0.279218186106099
2006-05-09,12.56,2.514195,1.01240526089859
2006-05-10,0.38,2.528348,1.15876445703266
2006-05-11,0.03,2.437027,0.72559111214394
2006-05-12,0,2.765869,0.510377361396937
2006-05-13,1.85,2.838433,0.492715915047896
2006-05-14,17.67,2.514401,1.64017461445003
2006-05-15,0,2.326371,1.75661813733291
2006-05-16,0,2.655017,1.01496183293483
2006-05-17,5.11,2.925123,1.04936900568007
2006-05-18,1.28,2.969827,0.992978273561627
2006-05-19,0.96,3.010565,0.792973978840322
2006-05-20,2.01,2.310091,0.731380749434939
2006-05-21,20.61,2.148815,2.08451878255975
2006-05-22,2.74,2.531541,2.39862569528877
2006-05-23,6.28,2.563149,1.92499309379902
2006-05-24,2.8,2.043834,1.67709357554626
2006-05-25,2.29,1.911688,1.36772597823606
2006-05-26,8.75,2.128356,1.65863081825993
2006-05-27,14.14,2.629082,2.55935853356493
2006-05-28,2.17,2.9359,2.32533115643206
2006-05-29,1.87,2.826622,1.61967456461522
2006-05-30,10.33,2.018782,1.93750565309716
2006-05-31,3.09,1.813142,1.94135457739074
2006-06-01,1.5,1.825399,1.4683702924802
2006-06-02,2.16,1.812284,1.21763571884189
2006-06-03,0,2.259227,0.94438387219124
2006-06-04,0,2.48771,0.701116705401161
2006-06-05,0,2.742347,0.540384886519397
2006-06-06,0.29,2.678804,0.440525947613548
2006-06-07,0,2.430686,0.353508963143271
2006-06-08,0,2.713694,0.281261236659216
2006-06-09,0,3.084712,0.225104537585037
2006-06-10,0,3.324333,0.180964910385499
2006-06-11,0,3.659721,0.146020705498911
2006-06-12,0,3.942612,0.118219387205855
2006-06-13,0,3.961734,0.0960207378523863
2006-06-14,0,4.422082,0.0782455561232689
2006-06-15,0.36,4.404413,0.0808635790645211
2006-06-16,6.6,3.662155,0.423689979092247
2006-06-17,0,3.213944,0.489233054526652
2006-06-18,0,3.410493,0.342596392769221
2006-06-19,0,3.942181,0.255187582691584
2006-06-20,0.54,3.871599,0.226600055341802
2006-06-21,0,3.72498,0.185868757842087
2006-06-22,0,3.518181,0.146149206089259
2006-06-23,0.48,2.880505,0.141379898338676
2006-06-24,0,3.093686,0.119371295950714
2006-06-25,0,3.727085,0.0957533777068936
2006-06-26,8.5,3.789807,0.560897346622862
2006-06-27,1.1,3.535503,0.734302710285763
2006-06-28,0,3.477216,0.515076301583463
2006-06-29,0,3.872422,0.365601724607935
2006-06-30,0.22,3.829599,0.28712331095648
2006-07-01,0,4.328485,0.225416830130859
2006-07-02,0,4.433869,0.176668719836992
2006-07-03,0,4.329465,0.140333142177755
2006-07-04,0,4.457209,0.112546269802793
2006-07-05,0,4.797611,0.0909438973469666
2006-07-06,0.53,4.549896,0.0999096165203518
2006-07-07,0,4.048904,0.0866211922958591
2006-07-08,0.11,3.95075,0.0757908876082228
2006-07-09,0.15,3.992552,0.0701934591651022
2006-07-10,0,3.74398,0.0588302821702261
2006-07-11,0,4.167972,0.0484055297193905
2006-07-12,0,4.747865,0.0400770315994077
2006-07-13,0,4.813864,0.0333877072337996
2006-07-14,39.93,4.265984,2.76920350969107
2006-07-15,0,4.356479,3.48195540955605
2006-07-16,0,4.018706,1.67690855424795
2006-07-17,0,4.285995,1.11730521369696
2006-07-18,0,4.391714,0.825950683820281
2006-07-19,0,4.628929,0.635844021842305
2006-07-20,0,4.96938,0.498889147560442
2006-07-21,0,5.001661,0.395511830970528
2006-07-22,0,5.331844,0.315580119642148
2006-07-23,2.51,4.568414,0.38468896823775
2006-07-24,0.1,4.465701,0.353003290676665
2006-07-25,0,4.750831,0.276502786945253
2006-07-26,0,5.349794,0.218186396254545
2006-07-27,0,5.65498,0.173886656509527
2006-07-28,0.03,4.900592,0.141077242329947
2006-07-29,0.55,3.810304,0.141379337382845
2006-07-30,0,3.927917,0.120035400396068
2006-07-31,0.68,3.800787,0.130642255102239
2006-08-01,0.81,3.653794,0.15417562114665
2006-08-02,4.81,3.003323,0.399896899270706
2006-08-03,10.41,2.675501,1.10779416949039
2006-08-04,0.33,2.578596,1.10348019271776
2006-08-05,18.72,2.739754,2.05573050074184
2006-08-06,1.75,3.501988,2.14840271372803
2006-08-07,0.03,3.528031,1.29517048482627
2006-08-08,0,3.567246,0.886377963806112
2006-08-09,0,3.291851,0.659504052555182
2006-08-10,0.62,2.788448,0.544317086343416
2006-08-11,1.96,2.521464,0.549369276786472
2006-08-12,10.29,2.316128,1.12948531813704
2006-08-13,2.22,2.329921,1.28702158200775
2006-08-14,0,2.424958,0.898134931279218
2006-08-15,3.32,2.519591,0.844420788828084
2006-08-16,4.86,2.672488,1.02905127612609
2006-08-17,0.52,2.662792,0.899111347310967
2006-08-18,4.93,3.122262,0.96603415366222
2006-08-19,4.55,3.004925,1.14479171241524
2006-08-20,2.29,2.870884,1.07715940405248
2006-08-21,2.98,2.601081,1.00398343670834
2006-08-22,4.1,2.593484,1.0677154608749
2006-08-23,0,2.549566,0.863530638941718
2006-08-24,0,2.728572,0.609740596480621
2006-08-25,19.03,2.385486,1.7578223477939
2006-08-26,10.92,2.386554,2.77315220536659
2006-08-27,0.5,2.413896,2.02811004687021
2006-08-28,1.12,2.515089,1.33809129990091
2006-08-29,11.05,2.100826,1.7600520841092
2006-08-30,4.72,1.925744,1.96191560353773
2006-08-31,0,2.002639,1.41364643487677
2006-09-01,0,2.103298,0.969625848395994
2006-09-02,0,2.585042,0.723612715594057
2006-09-03,0,2.825362,0.559195615018776
2006-09-04,2.85,3.081168,0.603304799534172
2006-09-05,0,3.064568,0.530025317785165
2006-09-06,0,2.807721,0.40519491203823
2006-09-07,0,3.035901,0.316634832126434
2006-09-08,0,2.618402,0.250597354250084
2006-09-09,0,2.175367,0.199984004907422
2006-09-10,0,2.246124,0.160557126163682
2006-09-11,0,2.530095,0.129526991156704
2006-09-12,0,2.718208,0.104935308489445
2006-09-13,0,2.874105,0.0853487490819711
2006-09-14,0,2.895916,0.0696890644416312
2006-09-15,0,2.747738,0.0571301561947541
2006-09-16,0,2.73487,0.0470311686056485
2006-09-17,0,2.40794,0.0388905952962321
2006-09-18,0,2.678368,0.0323135134550901
2006-09-19,1.43,2.399691,0.0929601235479234
2006-09-20,0,2.083848,0.089230528459343
2006-09-21,0.1,2.081233,0.077366217676949
2006-09-22,0,2.278032,0.0640899370074174
2006-09-23,0,2.649146,0.0526023563724146
2006-09-24,0,2.621812,0.0434386077178971
2006-09-25,0.7,2.68054,0.0689709506628395
2006-09-26,0.71,2.27936,0.0974364727984675
2006-09-27,0.19,2.122584,0.0961110057052922
2006-09-28,0,1.876615,0.0797571553435209
2006-09-29,0,1.930407,0.0648646629058308
2006-09-30,0,2.025467,0.0531518590139427
2006-10-01,14.33,1.997627,0.876611916773472
2006-10-02,5.45,2.178683,1.49932215929237
2006-10-03,0.88,1.950745,1.143936625904
2006-10-04,17.49,1.766855,2.03652094801827
2006-10-05,0.27,1.603188,1.98787861967651
2006-10-06,0.8,1.547164,1.22797057093288
2006-10-07,11.91,1.874038,1.71875888013273
2006-10-08,2.73,1.649406,1.79970036276232
2006-10-09,0,1.301947,1.22898174186422
2006-10-10,0,1.510334,0.859061844817451
2006-10-11,0.76,1.916001,0.691519014560976
2006-10-12,0,1.654135,0.548495502167904
2006-10-13,0.04,1.797016,0.429459761548032
2006-10-14,0,2.025724,0.339641054932331
2006-10-15,0,1.731451,0.270305745600161
2006-10-16,0,1.520572,0.216402029438213
2006-10-17,0,1.403569,0.174028881860783
2006-10-18,0,1.310002,0.140480441614746
2006-10-19,0,1.485701,0.113787173941701
2006-10-20,2.51,1.616091,0.216944034076112
2006-10-21,4.67,1.776714,0.484767313759002
2006-10-22,1.89,1.745203,0.60047395255514
2006-10-23,3.34,1.81631,0.689634753748746
2006-10-24,20.27,1.930539,2.06734701034696
2006-10-25,17.22,1.529007,3.53143581230439
2006-10-26,0,1.412991,2.62120868752439
2006-10-27,0,1.708703,1.49703407463895
2006-10-28,0,1.780439,1.05342397057502
2006-10-29,0.09,1.708365,0.800878515546778
2006-10-30,0.48,1.634229,0.652084894572815
2006-10-31,0,1.140033,0.521025456487541
2006-11-01,1.2,1.082988,0.478422243485487
2006-11-02,1.82,0.964431,0.504616317828547
2006-11-03,0.79,0.7605854,0.476633096039831
2006-11-04,0,0.8545902,0.381342987615775
2006-11-05,0,0.9481588,0.295342108023387
2006-11-06,0,0.9193982,0.232552553390513
2006-11-07,0,0.9116619,0.185049154533332
2006-11-08,0,0.8268558,0.148350597849695
2006-11-09,0.03,0.9273551,0.121115450264868
2006-11-10,1.1,1.114316,0.153346623777328
2006-11-11,0.03,0.7095165,0.13882318384778
2006-11-12,4.32,0.8355081,0.348338989550517
2006-11-13,1.85,0.9514834,0.481895940888491
2006-11-14,3.29,1.053415,0.606189099518528
2006-11-15,3.65,1.315407,0.767156850332561
2006-11-16,0,1.285559,0.632807606306249
2006-11-17,0.51,1.270585,0.470097027002659
2006-11-18,8.25,1.187549,0.898882906154682
2006-11-19,0.66,0.9402765,0.945345131570461
2006-11-20,16.94,0.9359483,1.88819291746055
2006-11-21,17.59,0.881795,3.35298668536727
2006-11-22,8.55,0.9763085,3.32617035938014
2006-11-23,1.98,0.8075814,2.35272169647146
2006-11-24,25.38,1.083009,3.60954246098438
2006-11-25,5.27,1.135842,3.84039793219264
2006-11-26,4.58,1.407379,2.71458019559093
2006-11-27,0.34,1.056545,1.95970829098466
2006-11-28,0,0.9674931,1.3821844913482
2006-11-29,0.38,1.02429,1.06524671516977
2006-11-30,0.03,0.9460962,0.836435152730777
2006-12-01,0.24,0.7327512,0.671245797793596
2006-12-02,0,0.8916934,0.535740125831792
2006-12-03,0.1,0.8705289,0.431674008836479
2006-12-04,13.13,1.051893,1.1914084245305
2006-12-05,16.38,1.016901,2.71364891590863
2006-12-06,4.6,1.272633,2.68934918324438
2006-12-07,2.19,0.9761119,1.86282667377235
2006-12-08,10.81,0.8848088,2.13161297971141
2006-12-09,13.83,0.9940333,3.01690632835943
2006-12-10,2.41,0.7947422,2.61610796702151
2006-12-11,0,0.6095968,1.64962899926279
2006-12-12,3.54,0.7145317,1.39712566269122
2006-12-13,2.2,0.7840955,1.29744272153206
2006-12-14,0.15,0.779254,1.01306377941323
2006-12-15,0,0.8028575,0.750478005104941
2006-12-16,0,0.5791272,0.575357977176975
2006-12-17,3.97,0.706076,0.696626644623163
2006-12-18,0,0.6121042,0.643950780697439
2006-12-19,0.22,0.6152815,0.487977728960664
2006-12-20,0,0.632099,0.377954422301682
2006-12-21,0,0.5945614,0.294389799390631
2006-12-22,0,0.7432586,0.232580119610725
2006-12-23,0,0.6758961,0.185451503346836
2006-12-24,0,0.6088232,0.148862877030054
2006-12-25,0,0.6640194,0.12013036484214
2006-12-26,0,0.5150117,0.0973922564588337
2006-12-27,0,0.5376472,0.0792979146091155
2006-12-28,0,0.5005325,0.064837913263476
2006-12-29,0.03,0.5033704,0.0546708246063984
2006-12-30,0,0.5271747,0.0453137634329717
2006-12-31,19.35,0.668015,1.30726584829401
2007-01-01,10,0.9901223,2.61645985623929
2007-01-02,13.94,0.8833843,3.05779763008636
2007-01-03,5.28,0.7147818,2.80743354015315
2007-01-04,0.43,0.7655866,1.84096709234369
2007-01-05,3.81,0.8574706,1.49734038216304
2007-01-06,2.04,0.8818367,1.34755750206395
2007-01-07,10.9,1.043456,1.8741491230603
2007-01-08,0,0.9019123,1.71695320344907
2007-01-09,11.59,0.9696581,2.00577195451114
2007-01-10,2.4,1.184793,2.03253908123627
2007-01-11,3.14,1.032169,1.58662122121809
2007-01-12,5.24,0.8568484,1.60120224194431
2007-01-13,0.17,0.9369128,1.29923074055981
2007-01-14,0.44,1.086821,0.921484708738566
2007-01-15,0.56,0.8524475,0.730416880888142
2007-01-16,0,0.5613311,0.569204103944988
2007-01-17,0.07,0.7308876,0.444070252375166
2007-01-18,17.2,1.040246,1.60603755403528
2007-01-19,41.8,1.22803,5.89335109349153
2007-01-20,6.31,1.233655,5.99321388181138
2007-01-21,3.89,1.134227,3.3699816408781
2007-01-22,3.07,0.8719943,2.49152873400976
2007-01-23,0,0.7245337,1.81212637843384
2007-01-24,0.04,0.5394815,1.30735838746515
2007-01-25,0,0.536026,0.999219918314308
2007-01-26,0,0.4866848,0.781081332856131
2007-01-27,0.05,0.4556527,0.620819330347666
2007-01-28,0.6,0.6817537,0.529856773882922
2007-01-29,0.06,0.7300378,0.437189174557239
2007-01-30,0.43,0.8509507,0.373697225675403
2007-01-31,0,0.9172454,0.305831782776206
2007-02-01,0,0.8697195,0.244310006005314
2007-02-02,0,0.9545065,0.196113981511845
2007-02-03,0.03,1.060443,0.159596321392404
2007-02-04,0,0.8533794,0.129399159431691
2007-02-05,0,0.7802819,0.104947401990384
2007-02-06,0.33,0.6552955,0.10177785166514
2007-02-07,4.15,0.6837842,0.32059151541725
2007-02-08,1.45,0.6847117,0.464859089987511
2007-02-09,14.03,0.7375471,1.48670276179847
2007-02-10,0.84,0.8752164,1.68598299086991
2007-02-11,3.53,0.9397408,1.24299590530118
2007-02-12,14.81,1.077894,2.22778954357254
2007-02-13,14,1.083452,3.42303127041933
2007-02-14,2.96,1.002059,2.8270760537479
2007-02-15,14.92,0.9533609,3.05759719130276
2007-02-16,0,1.003201,2.61408301764674
2007-02-17,0,0.856263,1.50822192428016
2007-02-18,0,0.8881834,1.06540412861167
2007-02-19,0,0.9038812,0.805781262778466
2007-02-20,0,0.9381504,0.626943875877695
2007-02-21,0,0.9226408,0.49467834115036
2007-02-22,1.18,0.8813277,0.463059373543736
2007-02-23,0,1.099098,0.393266159691479
2007-02-24,1.7,1.224402,0.413634247894361
2007-02-25,10.63,1.228775,1.16843514052269
2007-02-26,14.7,1.117206,2.64900069398139
2007-02-27,4.83,1.088919,2.7075982966151
2007-02-28,4.38,1.058435,2.06450970870004
2007-03-01,11.6,1.29858,2.51099396106042
2007-03-02,21.1,1.217096,4.20019109651522
2007-03-03,2.25,1.059463,3.70817078337156
2007-03-04,10.66,1.1775,3.03842479323739
2007-03-05,0,1.132171,2.43384038638111
2007-03-06,3.15,1.288491,1.77222971734441
2007-03-07,13.12,1.25329,2.55693362218631
2007-03-08,6.91,1.190425,3.01804533494575
2007-03-09,0,1.075671,2.08738828599589
2007-03-10,3.84,0.9890859,1.64035839949067
2007-03-11,0,1.10021,1.31426614629634
2007-03-12,0,1.122617,0.927073554761213
2007-03-13,0,1.163444,0.699684215064689
2007-03-14,0,1.222282,0.543602122990408
2007-03-15,0,1.334261,0.428579449116359
2007-03-16,0,1.247331,0.340788474946959
2007-03-17,0,1.187288,0.272503274307126
2007-03-18,0.26,1.302366,0.233025419992116
2007-03-19,9.03,1.262067,0.807842719346661
2007-03-20,2.67,0.9292095,1.22440495013193
2007-03-21,2.65,0.9419255,1.07949784532158
2007-03-22,2.95,0.9950124,1.05009211071201
2007-03-23,3.41,0.9648929,1.0986433216126
2007-03-24,1.67,1.007223,1.00386583089801
2007-03-25,0.7,1.132908,0.782229121424317
2007-03-26,0.42,1.37928,0.597793395909109
2007-03-27,0,1.620343,0.447887468532432
2007-03-28,0,1.48899,0.337355212465306
2007-03-29,0.59,1.497669,0.298354504544686
2007-03-30,2.19,1.519264,0.391101547658136
2007-03-31,1.49,1.430789,0.472449869130437
2007-04-01,4.1,1.46369,0.705460872553789
2007-04-02,0,1.787156,0.652596341270078
2007-04-03,0,1.808416,0.430992136639237
2007-04-04,0.17,1.409192,0.32365041010108
2007-04-05,0,1.420167,0.249266433076209
2007-04-06,0,1.52033,0.192841508909026
2007-04-07,0,1.795482,0.151913450455551
2007-04-08,0,1.578328,0.121145995573493
2007-04-09,0,1.574736,0.0974943251012097
2007-04-10,0,1.7514,0.0790424725380488
2007-04-11,0,1.757233,0.0644981733169287
2007-04-12,0,1.876821,0.0529464012253536
2007-04-13,0,2.341811,0.0437168300376635
2007-04-14,0,2.551093,0.036306492806377
2007-04-15,0,2.840632,0.0303314946963817
2007-04-16,0,2.793692,0.0254951678857678
2007-04-17,0,2.670284,0.0215661374623187
2007-04-18,0.11,2.251117,0.0235517420463927
2007-04-19,0.13,1.719758,0.02703487302444
2007-04-20,0,1.770438,0.0239173074489799
2007-04-21,0.04,1.881214,0.0221866745716531
2007-04-22,0.03,1.832928,0.0206090802743539
2007-04-23,0,2.150896,0.0178181597393306
2007-04-24,0,2.509893,0.0153038751179194
2007-04-25,0.07,3.020765,0.0164777010978099
2007-04-26,0,3.271975,0.0146648217981352
2007-04-27,0.06,2.898417,0.0154606263144447
2007-04-28,0.13,2.844012,0.019745441451983
2007-04-29,0.27,2.757627,0.0304504178499364
2007-04-30,0.03,2.695275,0.029279852902151
2007-05-01,0.12,2.543535,0.0306435848433063
2007-05-02,0.38,2.52194,0.045276654611199
2007-05-03,0.42,2.378257,0.0628751535382348
2007-05-04,0.04,2.31667,0.059074736496141
2007-05-05,2.18,2.334802,0.168604698433223
2007-05-06,0,2.98098,0.182368443841348
2007-05-07,0.03,2.799354,0.14045558880621
2007-05-08,13.9,2.359743,1.1361580151032
2007-05-09,1.7,2.432111,1.59773104148793
2007-05-10,16.27,2.296554,2.41293629290618
2007-05-11,0,2.832992,2.27439970296377
2007-05-12,1.85,2.430684,1.34870613352236
2007-05-13,7.03,2.432104,1.56350825299729
2007-05-14,12.83,2.564849,2.54867909713796
2007-05-15,2.6,2.491665,2.42800781815742
2007-05-16,3.76,2.153939,1.8173661011373
2007-05-17,16.22,2.091313,2.83945898274282
2007-05-18,6.62,2.256397,3.26381566330934
2007-05-19,0.03,2.471938,2.10612586262113
2007-05-20,1.88,2.900028,1.46270096414532
2007-05-21,4.18,3.202664,1.45531494094671
2007-05-22,0,3.571619,1.20096059748382
2007-05-23,0,3.647683,0.838705083719029
2007-05-24,0,3.439071,0.629547500307072
2007-05-25,0,3.89349,0.487632495054215
2007-05-26,1.06,4.039923,0.449539586820708
2007-05-27,6.98,3.436336,0.885087942120087
2007-05-28,5.02,2.637963,1.37074769193162
2007-05-29,1.49,2.297534,1.20925732007814
2007-05-30,0.6,2.112245,0.867474187647434
2007-05-31,1.34,2.319103,0.717311320233498
2007-06-01,1.79,2.886993,0.696510204876682
2007-06-02,20.56,2.596715,2.37637914803849
2007-06-03,0,3.345914,2.60170137518143
2007-06-04,0,3.388029,1.29285144491094
2007-06-05,0,3.557964,0.857931906742499
2007-06-06,0,3.826997,0.63017882241055
2007-06-07,0,4.307184,0.482961681984237
2007-06-08,3.94,4.445396,0.641469797839695
2007-06-09,29.31,4.069629,3.32996378988436
2007-06-10,10.6,4.046522,4.79752166804119
2007-06-11,0.26,3.653285,2.81208011026252
2007-06-12,0,3.829153,1.5891200563139
2007-06-13,0,3.68477,1.10819709542553
2007-06-14,0.07,3.548856,0.83904161214942
2007-06-15,4.72,3.792321,0.990196441133138
2007-06-16,1.56,3.390762,1.05433265205819
2007-06-17,2.44,2.987031,0.990097378315102
2007-06-18,2.19,3.351696,0.969207550552158
2007-06-19,1.94,3.590299,0.915144936286266
2007-06-20,0,4.275302,0.711016926408757
2007-06-21,5.57,3.97617,0.933442028179323
2007-06-22,1.22,3.414429,0.995843658193668
2007-06-23,7.81,2.879175,1.35479083919776
2007-06-24,15.35,2.890103,2.71420565774285
2007-06-25,16.25,3.422012,4.03844999873864
2007-06-26,12.71,2.821688,4.30632304912835
2007-06-27,12.36,2.464177,4.19658030335725
2007-06-28,0.24,2.467374,2.99193584770173
2007-06-29,6.39,2.686004,2.33265709908155
2007-06-30,2.92,2.81332,2.15188917036284
2007-07-01,0.47,3.224695,1.58834563120049
2007-07-02,0,3.444295,1.12898037150226
2007-07-03,4.74,3.087645,1.208195297199
2007-07-04,19.89,2.581028,2.96214992553626
2007-07-05,6.38,2.61873,3.61632821487653
2007-07-06,6.2,2.754533,2.80120021048163
2007-07-07,2.8,2.981329,2.23675716421669
2007-07-08,0,2.818891,1.53102637143893
2007-07-09,0.54,3.114996,1.09623209134434
2007-07-10,2.31,2.686867,1.0109182513095
2007-07-11,0.5,2.718639,0.880238837108069
2007-07-12,0.93,2.523867,0.734569303080669
2007-07-13,0.56,2.937147,0.623581796592135
2007-07-14,0.13,4.014497,0.497841921630566
2007-07-15,0,4.531443,0.385596975184574
2007-07-16,0,5.0155,0.301243413489771
2007-07-17,0,4.6067,0.238404570358197
2007-07-18,1.56,3.865216,0.282827043999482
2007-07-19,0,3.681824,0.261590534278667
2007-07-20,4.52,3.436576,0.510125480155893
2007-07-21,10.41,3.519786,1.45329437520056
2007-07-22,0,3.150485,1.43343684226603
2007-07-23,0,3.138306,0.794443099202667
2007-07-24,1.98,2.684003,0.68949286754141
2007-07-25,3.09,3.013151,0.81212566639261
2007-07-26,0,3.201598,0.687100038878748
2007-07-27,0,3.529157,0.471693497824892
2007-07-28,0,3.510686,0.348839906964215
2007-07-29,7.5,3.272223,0.814604850684913
2007-07-30,4.42,2.760532,1.30616469963667
2007-07-31,0,2.544953,0.992707258491162
2007-08-01,0,2.506059,0.621460825720518
2007-08-02,0,2.93718,0.441695970816844
2007-08-03,4.35,3.03917,0.642724744564153
2007-08-04,0,3.266202,0.637248638736563
2007-08-05,0,3.353098,0.434200161508455
2007-08-06,0,3.860483,0.319572247770244
2007-08-07,6.47,3.64281,0.7065408350175
2007-08-08,0.32,3.062259,0.805301528626738
2007-08-09,0.88,2.778073,0.591177808942825
2007-08-10,4.67,2.509406,0.807294466991894
2007-08-11,1.23,3.238931,0.85266435484078
2007-08-12,0,3.401731,0.59948186930676
2007-08-13,2.2,3.156409,0.578572411774737
2007-08-14,0,3.074136,0.495044769395011
2007-08-15,0.62,3.234817,0.397064144677094
2007-08-16,17.63,3.471575,1.78403643206476
2007-08-17,1.03,2.780097,2.19788107320666
2007-08-18,0.17,2.514845,1.17523617992645
2007-08-19,0,2.505285,0.765320918254952
2007-08-20,6.46,2.754937,1.05363171354092
2007-08-21,4.96,2.387256,1.46667924353537
2007-08-22,3.36,2.638337,1.44552575837528
2007-08-23,26.28,2.428957,3.59389595808555
2007-08-24,0.19,2.840125,3.63772637295067
2007-08-25,0,3.021453,1.72614678349549
2007-08-26,0,3.296874,1.13939576590738
2007-08-27,0,3.230543,0.839493309579446
2007-08-28,0,2.847615,0.645346991805744
2007-08-29,0,2.279299,0.505977371471915
2007-08-30,0,2.469016,0.400960294212334
2007-08-31,0,2.286143,0.319836499900187
2007-09-01,0,2.66167,0.256292740711546
2007-09-02,0.03,2.598874,0.207711864792732
2007-09-03,0,2.415577,0.167933019467179
2007-09-04,8.24,2.22065,0.67171258075451
2007-09-05,1.19,1.870173,0.950774537207013
2007-09-06,0.28,1.809521,0.656752337020998
2007-09-07,0.27,2.387941,0.475150991620572
2007-09-08,0.13,2.371202,0.36229204091128
2007-09-09,0,2.38547,0.276285889390663
2007-09-10,0,2.283628,0.21338441709818
2007-09-11,1.23,1.880311,0.242290595650639
2007-09-12,0.03,2.055126,0.221275632315116
2007-09-13,0,2.068384,0.171355822885237
2007-09-14,0,1.953667,0.134706939126997
2007-09-15,0,2.049237,0.107361257274129
2007-09-16,0,2.215427,0.0864484777671796
2007-09-17,0,2.000933,0.0701900967989372
2007-09-18,0.77,2.077052,0.0982274882168665
2007-09-19,1.61,1.658407,0.186730791633223
2007-09-20,0,1.417313,0.184735068977873
2007-09-21,0,1.713372,0.140571623805109
2007-09-22,0,1.715962,0.109764914523169
2007-09-23,0,1.948336,0.0872382146903063
2007-09-24,0,2.258395,0.0702528562122358
2007-09-25,3.34,2.001274,0.252625812232981
2007-09-26,0,1.654806,0.291787873343054
2007-09-27,0.81,1.47894,0.263025305953082
2007-09-28,17.91,1.520576,1.69497431315141
2007-09-29,1.98,1.556552,2.23132928840287
2007-09-30,1.31,1.601824,1.32082931886703
2007-10-01,0.11,1.821827,0.885054205008647
2007-10-02,0,1.911037,0.615225280211895
2007-10-03,0,2.339129,0.456619880924045
2007-10-04,0.03,2.279755,0.353189376980364
2007-10-05,0,2.271092,0.277553183339976
2007-10-06,0,1.800353,0.220056387076977
2007-10-07,0,1.587189,0.175886000013758
2007-10-08,0,1.40789,0.141432529279959
2007-10-09,0,1.407783,0.114292506903826
2007-10-10,1.44,1.478465,0.17057247429119
2007-10-11,5.62,1.565396,0.547593491821055
2007-10-12,0,1.412938,0.615614523786824
2007-10-13,0,1.420557,0.399819040822138
2007-10-14,0,1.411482,0.286684743776073
2007-10-15,0,1.321315,0.216090972915315
2007-10-16,0.03,1.332127,0.169342523878106
2007-10-17,0,1.514491,0.134181236694428
2007-10-18,1.71,1.321046,0.206826747824565
2007-10-19,0,1.195626,0.203155604569068
2007-10-20,0,0.9941499,0.155013591872727
2007-10-21,0,0.9254265,0.121193472535478
2007-10-22,0.83,0.8711892,0.143887170448815
2007-10-23,0,0.9185676,0.130782848603615
2007-10-24,0,0.914166,0.1029055001606
2007-10-25,0,0.9609404,0.0822239082052449
2007-10-26,0,1.148504,0.0664765230986965
2007-10-27,0,1.144724,0.0542687104698306
2007-10-28,0,1.122187,0.0446807333718724
2007-10-29,0,1.059696,0.0370752738665398
2007-10-30,15.28,1.071194,1.11208252483737
2007-10-31,0.77,1.080656,1.60485706433406
2007-11-01,0,0.8699238,0.873512482920216
2007-11-02,0,0.9150839,0.566207879970823
2007-11-03,0.17,1.325481,0.419987973212888
2007-11-04,0.06,1.380964,0.325889868998386
2007-11-05,0,1.182654,0.253331041680308
2007-11-06,0,1.052429,0.199082487401223
2007-11-07,4.39,0.9893813,0.436306778958148
2007-11-08,0.33,0.9550949,0.504681968972522
2007-11-09,9.78,1.100047,1.14013334717247
2007-11-10,9.4,0.776849,2.1019290338642
2007-11-11,3.16,0.8975085,1.95201428600855
2007-11-12,2.27,1.04977,1.43658484457511
2007-11-13,0.07,0.7597936,1.00771011051322
2007-11-14,4.77,0.7299483,1.06888164938927
2007-11-15,0.53,0.7116808,0.994944965524131
2007-11-16,0.07,0.6309774,0.692810513631387
2007-11-17,0,0.5476907,0.504618697604115
2007-11-18,0,0.6117775,0.383199472889464
2007-11-19,0,0.6262208,0.298338495843566
2007-11-20,8.54,0.6702339,0.839678144841981
2007-11-21,4.12,0.8734195,1.35353623607435
2007-11-22,7.4,0.9561988,1.67091592352476
2007-11-23,0,1.021733,1.36930338302593
2007-11-24,1.51,0.9140477,0.939231728596662
2007-11-25,0,0.6137285,0.70523937464405
2007-11-26,1.24,0.7302099,0.595766937107756
2007-11-27,2.09,0.7178354,0.638545365958369
2007-11-28,1.41,0.7513988,0.647839206518644
2007-11-29,0,0.6026742,0.510945281124969
2007-11-30,1.29,0.5585133,0.461457449845354
2007-12-01,0.28,0.7762789,0.404452917105499
2007-12-02,12.38,0.8895213,1.30171248699841
2007-12-03,32.79,0.946073,4.89382091764948
2007-12-04,8.94,0.8325739,5.54239877902188
2007-12-05,4.38,0.7837103,3.39314537266202
2007-12-06,3.72,1.008369,2.49680823705961
2007-12-07,11.21,0.9921537,2.85458092827968
2007-12-08,12.32,0.9966976,3.68812440881878
2007-12-09,8.2,0.7202448,3.6642656840468
2007-12-10,15.1,0.8409903,4.08614509060915
2007-12-11,2.89,0.8034015,3.54096589678913
2007-12-12,1.83,0.7235334,2.30742021996154
2007-12-13,0,0.654707,1.61480131459314
2007-12-14,0,0.7352492,1.16133952928854
2007-12-15,0,0.5655723,0.885597958807889
2007-12-16,0,0.5305481,0.691959310222434
2007-12-17,0,0.4869337,0.547223070017921
2007-12-18,0,0.4699497,0.43576499962117
2007-12-19,0,0.480215,0.348574068678015
2007-12-20,0,0.4960719,0.279747102888813
2007-12-21,0,0.4392978,0.225109845953759
2007-12-22,0,0.384399,0.181573606310438
2007-12-23,0.14,0.345081,0.15407240159568
2007-12-24,0,0.3718117,0.126614343329796
2007-12-25,0,0.407578,0.102765133892258
2007-12-26,0,0.4069361,0.0836470702562923
2007-12-27,1.87,0.4828996,0.168294034677354
2007-12-28,0.42,0.6035321,0.203821256143153
2007-12-29,0.32,0.6235852,0.188549862464318
2007-12-30,4.16,0.6364212,0.444517314368128
2007-12-31,1.4,0.6876386,0.606274233651134
2008-01-01,0.03,0.621906,0.45604413557277
2008-01-02,0.03,0.58448,0.315723957996793
2008-01-03,0,0.4672828,0.23276293638273
2008-01-04,1.14,0.5013281,0.252181074314869
2008-01-05,0,0.5589762,0.225691337568973
2008-01-06,16.79,0.7875598,1.58861882344121
2008-01-07,1.87,0.6959366,2.19791228748947
2008-01-08,3.27,0.788749,1.48310592701268
2008-01-09,0.68,0.7426555,1.12019076945458
2008-01-10,4.06,0.6748454,1.10195426900366
2008-01-11,5.15,0.8309017,1.40993610069416
2008-01-12,13.18,1.036875,2.46420171556427
2008-01-13,0.61,0.7670174,2.269878766082
2008-01-14,0,0.6155949,1.23498180767083
2008-01-15,3.38,0.6886255,1.11076693872153
2008-01-16,8.38,0.8901357,1.71655503802327
2008-01-17,13.9,0.8797913,3.0006100360887
2008-01-18,8.22,0.8656537,3.40778629763699
2008-01-19,2.91,0.9967545,2.55147980377033
2008-01-20,0.95,1.172118,1.70194405445709
2008-01-21,0.28,1.128609,1.18197686721737
2008-01-22,3.37,1.014853,1.1387220690528
2008-01-23,5.01,0.8115083,1.4338784801582
2008-01-24,0,0.6427591,1.21425871376132
2008-01-25,0.79,0.7812077,0.85864527860142
2008-01-26,0.03,0.6253767,0.652387846285803
2008-01-27,0,0.7022861,0.486961456840192
2008-01-28,0,0.7244935,0.375156975443905
2008-01-29,0,0.797089,0.294427039976262
2008-01-30,0,0.6987271,0.233655556533628
2008-01-31,2.18,0.6267238,0.32336085574368
2008-02-01,5.25,0.6489212,0.741684232016416
2008-02-02,21.52,0.7490634,2.97342611429589
2008-02-03,0.1,0.6599474,3.07948645404938
2008-02-04,0,0.6299449,1.40021601207764
2008-02-05,9.06,0.8294688,1.74115398151755
2008-02-06,20.58,0.895276,3.90033224900262
2008-02-07,12.38,1.021215,4.91112295823754
2008-02-08,0.03,0.6629166,3.13852826520974
2008-02-09,0,0.70842,1.6955350148672
2008-02-10,0,0.7958283,1.17513833235295
2008-02-11,0,0.8152787,0.883010269587498
2008-02-12,0,0.9415926,0.685142463459211
2008-02-13,0,0.8856408,0.539821058225925
2008-02-14,0,0.6740624,0.428952825971731
2008-02-15,0.03,0.6989262,0.34447500560252
2008-02-16,0,0.7226058,0.276784779540605
2008-02-17,0,0.6552571,0.222560541176484
2008-02-18,0,0.6777739,0.179446493007341
2008-02-19,0,0.7049456,0.145050186648763
2008-02-20,0,0.7162226,0.117539771486475
2008-02-21,2.6,0.7442772,0.245378290198093
2008-02-22,0,0.9790944,0.273209692054775
2008-02-23,0,1.192035,0.203474956491598
2008-02-24,0,1.185586,0.15666281968035
2008-02-25,0,1.000129,0.12315671831178
2008-02-26,2.12,1.201867,0.232642784851731
2008-02-27,4.58,1.285197,0.618231092025559
2008-02-28,0,1.055688,0.642702958410342
2008-02-29,7.64,1.104381,1.08380987672058
2008-03-01,13.98,1.297897,2.60299494887724
2008-03-02,14.51,1.311042,3.9505777421914
2008-03-03,2.27,1.317964,3.1321960587856
2008-03-04,3.79,1.144552,2.07860353798126
2008-03-05,6.18,0.8297875,2.12121404956799
2008-03-06,0.06,0.8047804,1.68442403931071
2008-03-07,0,0.7896094,1.0558747411479
2008-03-08,0,1.051532,0.758978955113768
2008-03-09,0,1.079973,0.576513081243019
2008-03-10,1.3,1.173151,0.540535284917506
2008-03-11,8.65,1.125538,1.21315850733313
2008-03-12,25.72,1.241975,4.21075948555994
2008-03-13,7.3,1.291372,4.92136039710416
2008-03-14,3.1,1.175764,2.97318888761711
2008-03-15,4.6,1.423751,2.31475321802905
2008-03-16,1.99,1.509442,1.92190392482115
2008-03-17,13.68,1.393486,2.77508905391245
2008-03-18,1.12,1.11256,2.74230170012948
2008-03-19,0.21,1.005028,1.56772637250331
2008-03-20,1.11,0.9537075,1.15971600842579
2008-03-21,3.96,0.9723478,1.24854968919268
2008-03-22,14.98,1.012238,2.66991489741431
2008-03-23,4.63,0.9656111,3.14469051360943
2008-03-24,0,0.8544,1.87887887462623
2008-03-25,4.28,0.8129117,1.54870105085239
2008-03-26,0.83,0.8733795,1.36574042157529
2008-03-27,1.44,1.075798,1.07392112413047
2008-03-28,7.23,1.047708,1.51801618588713
2008-03-29,5.79,1.253853,2.05864922363978
2008-03-30,0,1.425041,1.54353816374948
2008-03-31,3.51,1.584664,1.25687216352349
2008-04-01,2.08,1.558716,1.23844205328575
2008-04-02,0,1.373512,0.914974608831092
2008-04-03,0,1.468333,0.625425959260662
2008-04-04,0,1.390292,0.463217726766394
2008-04-05,0.03,1.42444,0.358086470859508
2008-04-06,3.9,1.377234,0.573111435447874
2008-04-07,7.38,1.111414,1.32975867528618
2008-04-08,2.31,0.9883765,1.52157960230997
2008-04-09,0,1.064545,0.978690704680586
2008-04-10,3.14,1.20845,0.901833502405631
2008-04-11,0,1.40786,0.77499896385872
2008-04-12,0.28,1.507517,0.538856635204095
2008-04-13,0.58,1.357282,0.447364387135011
2008-04-14,8.4,1.536396,1.10467510915483
2008-04-15,14.78,1.365623,2.90950811169254
2008-04-16,0.69,1.375489,2.65083785151212
2008-04-17,0,1.221062,1.30630399788789
2008-04-18,0,1.254604,0.834868457145743
2008-04-19,0.03,1.742833,0.605518386105278
2008-04-20,3.74,1.660896,0.763127563300923
2008-04-21,0,1.951244,0.744252944666419
2008-04-22,0.26,2.048953,0.52980830038969
2008-04-23,0,2.174279,0.399461937089384
2008-04-24,5.04,2.025521,0.710858449707604
2008-04-25,1.65,2.074031,0.932875458745639
2008-04-26,0,1.909961,0.665913907506959
2008-04-27,0.03,2.157325,0.445528347275089
2008-04-28,0.03,2.335531,0.327232071515298
2008-04-29,11.5,2.059992,1.27647800048914
2008-04-30,4.31,1.869742,2.06186543217165
2008-05-01,3.17,1.863719,1.65986831905222
2008-05-02,1.36,1.690947,1.26568497891715
2008-05-03,0,2.075866,0.850400020660939
2008-05-04,0,2.265371,0.57693466141597
2008-05-05,0,2.499134,0.425317034760562
2008-05-06,0,2.454337,0.325970041043074
2008-05-07,0,2.760771,0.255095352747004
2008-05-08,0,2.772447,0.202172145847078
2008-05-09,0,2.752635,0.161607865979325
2008-05-10,0,2.856082,0.130016229955014
2008-05-11,0.19,3.075909,0.115891666840392
2008-05-12,0.15,2.946628,0.105917866943452
2008-05-13,0.04,2.949599,0.0908823594866602
2008-05-14,0,3.09572,0.0745828065046437
2008-05-15,2.7,3.083371,0.22737572178051
2008-05-16,1.65,2.917915,0.40592350890223
2008-05-17,3.85,3.028585,0.692895171048779
2008-05-18,6.12,2.639001,1.2621811494472
2008-05-19,2.02,2.339387,1.31867331487115
2008-05-20,0,2.383156,0.848414084653206
2008-05-21,0,2.42365,0.535428546218114
2008-05-22,0,2.461305,0.380656918848128
2008-05-23,0,2.606313,0.286059133636414
2008-05-24,0,2.867994,0.221381284142077
2008-05-25,1.17,2.629301,0.251149122262453
2008-05-26,1.54,3.350946,0.345959049939711
2008-05-27,1.75,3.523205,0.456962361054218
2008-05-28,3.7,3.655748,0.721864350814006
2008-05-29,3.92,3.761087,1.04437327689955
2008-05-30,44.47,3.50933,6.02180985241422
2008-05-31,5.93,3.697579,7.30083362302464
2008-06-01,0,3.368706,3.11062947335536
2008-06-02,0,3.454565,1.76004270659648
2008-06-03,0.52,3.971857,1.28734736475713
2008-06-04,0.03,3.45583,0.993433700056225
2008-06-05,0,3.141066,0.765902088863056
2008-06-06,6.47,3.078773,1.1275047187926
2008-06-07,6.19,3.13277,1.82001404051426
2008-06-08,0.92,2.787799,1.5794666265905
2008-06-09,2.18,3.755817,1.2021572384675
2008-06-10,0,4.159685,0.913711982473079
2008-06-11,0,4.07287,0.630953659889409
2008-06-12,0,3.136269,0.469595113550626
2008-06-13,9.25,2.231893,1.15216230166003
2008-06-14,1.04,2.320891,1.45454662932357
2008-06-15,4.75,2.339798,1.34326468208142
2008-06-16,0,2.462896,1.11106589624144
2008-06-17,0,2.820332,0.686895388847324
2008-06-18,0,3.041625,0.486633068857069
2008-06-19,0,3.119525,0.365726302706737
2008-06-20,4.62,3.22411,0.638046671625882
2008-06-21,0,3.121795,0.690915933105028
2008-06-22,0,3.957402,0.451640079950792
2008-06-23,7.5,3.921468,0.972986773710404
2008-06-24,0,3.118923,1.08427403952142
2008-06-25,0,3.932298,0.625456660317397
2008-06-26,2.13,3.92766,0.603323415251666
2008-06-27,0,3.264205,0.523543053038757
2008-06-28,0.95,2.940106,0.44056542097891
2008-06-29,0.07,3.492742,0.364241582400156
2008-06-30,0,3.630979,0.27119532232993
2008-07-01,0,3.509337,0.207245712230024
2008-07-02,0,3.987754,0.162022396996752
2008-07-03,16.77,4.305755,1.60202914290098
2008-07-04,11.97,3.173422,3.51659974833685
2008-07-05,1.13,2.994688,2.5812890679917
2008-07-06,0.13,3.229766,1.36218066925007
2008-07-07,0,3.301082,0.881731874185917
2008-07-08,9.3,2.906226,1.48114442207626
2008-07-09,2.43,2.796363,1.81181618813605
2008-07-10,0,3.03377,1.16969819346542
2008-07-11,0,3.840116,0.756928212586611
2008-07-12,2.24,3.249845,0.729546457570532
2008-07-13,0,2.98676,0.633722447130713
2008-07-14,0,2.936294,0.456134292112467
2008-07-15,0,3.006315,0.345401814857943
2008-07-16,0,3.390598,0.268474434766992
2008-07-17,1.09,3.188794,0.282671254936802
2008-07-18,0.4,2.974626,0.281760455824302
2008-07-19,0.21,3.080645,0.242574850416905
2008-07-20,7.19,3.261246,0.764248444863581
2008-07-21,0.21,2.597297,0.936953822284148
2008-07-22,1.34,2.307831,0.675449027219942
2008-07-23,0.06,2.812069,0.515712721591178
2008-07-24,0,3.277093,0.360025011728884
2008-07-25,0,3.537541,0.266330759122592
2008-07-26,0,3.927065,0.204267242484318
2008-07-27,2.42,3.987414,0.324046670925732
2008-07-28,0.06,3.798034,0.33932856667822
2008-07-29,1.85,4.33812,0.384423165649802
2008-07-30,0,3.829969,0.351107954120467
2008-07-31,0,4.094183,0.24901970288928
2008-08-01,0,4.489154,0.186420934701141
2008-08-02,1.8,3.655958,0.264985137834805
2008-08-03,1.33,3.235747,0.363471019640675
2008-08-04,0.73,3.530902,0.367207287099246
2008-08-05,19.38,3.289647,2.13387394552429
2008-08-06,0,3.059017,2.55723066603718
2008-08-07,0,3.816206,1.16205394624189
2008-08-08,1.47,3.372968,0.864664068011037
2008-08-09,12.14,2.922485,1.82402538663395
2008-08-10,0,3.065935,1.89343110551809
2008-08-11,0.59,3.044565,1.07024025503031
2008-08-12,0.17,3.0177,0.758768673671681
2008-08-13,10.38,3.14744,1.48232422397322
2008-08-14,0.12,2.845515,1.60533530835165
2008-08-15,0,2.63938,0.909059266112917
2008-08-16,0,2.581485,0.621196803235972
2008-08-17,0,2.573532,0.45997912503866
2008-08-18,3.53,2.644942,0.615750366209972
2008-08-19,0,3.151406,0.60865623471007
2008-08-20,2,3.057616,0.581486635284167
2008-08-21,2.14,2.546305,0.680788276405553
2008-08-22,0,2.659502,0.562926734728405
2008-08-23,17.94,2.472761,2.08580666492828
2008-08-24,0.82,2.336311,2.53024853313157
2008-08-25,4.22,2.28043,1.66474689604001
2008-08-26,0.73,2.543905,1.31647210181661
2008-08-27,0,2.736315,0.86707231441393
2008-08-28,0,2.422829,0.611011205654432
2008-08-29,0,2.708872,0.458955440066105
2008-08-30,0,2.834149,0.355314355987644
2008-08-31,0,2.963003,0.279641336723608
2008-09-01,0,3.136793,0.222327864044769
2008-09-02,0,2.765324,0.178001169054664
2008-09-03,8.98,2.591131,0.806591305119636
2008-09-04,5.54,2.02723,1.61192245218213
2008-09-05,0,2.087481,1.21269966701657
2008-09-06,22.84,2.234071,3.03883173430037
2008-09-07,2.08,2.491171,3.53472893315595
2008-09-08,5.07,2.183521,2.24803280123885
2008-09-09,0,2.223232,1.62630882042082
2008-09-10,0.48,2.357897,1.06974143248618
2008-09-11,0.05,2.711845,0.792288857500227
2008-09-12,1.02,2.571753,0.673537336670536
2008-09-13,19.29,2.192404,2.39164024552609
2008-09-14,17.53,1.801987,4.80496542195178
2008-09-15,0,1.65603,3.4688583387757
2008-09-16,0,1.569091,1.69199372804286
2008-09-17,0,1.723211,1.13304307783171
2008-09-18,0,1.538599,0.839451531033249
2008-09-19,0,1.440773,0.646956144196802
2008-09-20,0,1.624273,0.50791062465058
2008-09-21,0,1.499982,0.402793898920552
2008-09-22,0,1.462788,0.321441494610989
2008-09-23,0,1.543511,0.257646477467253
2008-09-24,1.27,1.557238,0.282455062448052
2008-09-25,0.03,1.743072,0.25997603005794
2008-09-26,0,1.777951,0.204702633298279
2008-09-27,0,1.691646,0.162493626946383
2008-09-28,0,1.566538,0.130155217935862
2008-09-29,0,1.479006,0.104981474797609
2008-09-30,0.09,1.403472,0.0901086260766876
2008-10-01,12.24,1.423459,1.02994141658552
2008-10-02,10.71,1.603801,2.59458153017971
2008-10-03,7.7,1.331589,2.85326976000656
2008-10-04,2.2,1.207945,2.14959021741465
2008-10-05,0.46,1.28195,1.34675214965542
2008-10-06,19.77,1.357242,2.91740671232575
2008-10-07,18.28,1.796667,5.2639515430028
2008-10-08,0.39,1.851831,3.80477812809512
2008-10-09,3.01,1.693426,2.19047369402808
2008-10-10,0,1.541978,1.58773338785167
2008-10-11,0,1.505726,1.09574555975686
2008-10-12,0,1.464269,0.821183594005435
2008-10-13,0,1.640103,0.63619864183568
2008-10-14,0.03,1.684482,0.502825733097619
2008-10-15,0,1.723606,0.400048019180424
2008-10-16,6.44,1.607637,0.798385132165333
2008-10-17,6.29,1.359308,1.5513537945856
2008-10-18,0,1.061353,1.29995700238851
2008-10-19,0,0.9860402,0.761081991502226
2008-10-20,0,1.017413,0.527720461879515
2008-10-21,0,1.192877,0.392714482253431
2008-10-22,8.05,1.485108,0.965107583094021
2008-10-23,0,1.128306,1.1254520358933
2008-10-24,0,1.0494,0.655129802542104
2008-10-25,0.56,1.046068,0.495354170189197
2008-10-26,0.03,1.328017,0.386388834578796
2008-10-27,0.36,1.20419,0.316446573898611
2008-10-28,16.64,1.214173,1.7929274894496
2008-10-29,0.09,0.8992387,2.25197015727305
2008-10-30,0.03,0.8252401,1.0729378227303
2008-10-31,6.76,0.8487676,1.32075320661817
2008-11-01,6.67,0.9492341,1.96451011439963
2008-11-02,5.93,1.065562,2.17646580632817
2008-11-03,0,1.212667,1.57954936465688
2008-11-04,0,1.21,0.931518468070792
2008-11-05,0,1.229064,0.652462490006451
2008-11-06,0.04,1.220242,0.491986378174763
2008-11-07,0,1.106355,0.381548806062911
2008-11-08,0.22,1.076346,0.314173857626682
2008-11-09,0.12,1.066963,0.262161359754205
2008-11-10,16.72,1.144974,1.71392418728066
2008-11-11,3.07,1.35316,2.58615411869296
2008-11-12,7.76,1.217076,2.25341090450752
2008-11-13,2.81,0.984596,2.06891580641082
2008-11-14,0,0.9072889,1.31717079574277
2008-11-15,0,0.8128485,0.840090813550368
2008-11-16,0,1.049573,0.60645639228906
2008-11-17,1.05,1.131416,0.53923444607088
2008-11-18,0,0.722122,0.451837210490395
2008-11-19,0.15,0.7668845,0.35547753773019
2008-11-20,0.06,0.932976,0.285358324083286
2008-11-21,0.45,1.017081,0.255552132496908
2008-11-22,3.59,0.8411904,0.479043678063378
2008-11-23,5.45,0.5957714,1.03071643322019
2008-11-24,6.59,0.5635995,1.6527000131386
2008-11-25,1.93,0.6263418,1.5475679286636
2008-11-26,0.24,0.5752641,0.989761928683969
2008-11-27,0,0.583843,0.640829789342515
2008-11-28,0.11,0.587428,0.463846254215939
2008-11-29,0,0.5019052,0.352090271776474
2008-11-30,0,0.5312045,0.271549667042016
2008-12-01,9.93,0.603584,1.04526874156264
2008-12-02,8.54,0.5807372,2.27063896275952
2008-12-03,6.06,0.6438079,2.43816663121916
2008-12-04,16.63,0.5693876,3.57411912900181
2008-12-05,12.41,0.5931328,4.59137842327242
2008-12-06,14.54,0.7686026,4.83170005319378
2008-12-07,2.09,0.7174219,3.71000213262804
2008-12-08,0.35,0.6800738,2.07931878355673
2008-12-09,0,0.4742816,1.3769795821433
2008-12-10,1.35,0.5283458,1.12235854381844
2008-12-11,0,0.5824368,0.906969463472281
2008-12-12,0,0.5523222,0.68596008534004
2008-12-13,0,0.5418535,0.533465915322513
2008-12-14,0,0.4912891,0.420816901680038
2008-12-15,1.34,0.5968961,0.424669328389517
2008-12-16,0,0.6298593,0.379427126553855
2008-12-17,0,0.5125397,0.293181375635213
2008-12-18,3.14,0.4948456,0.460414729673575
2008-12-19,0.18,0.5711073,0.503377699036294
2008-12-20,0.82,0.6786007,0.422499812266248
2008-12-21,2.84,0.8044328,0.580647552262779
2008-12-22,0.42,0.9259063,0.583952612815264
2008-12-23,0.46,0.8907094,0.443927947434516
2008-12-24,0,0.7651861,0.331806850632438
2008-12-25,0,0.6401317,0.243257534103148
2008-12-26,0,0.6911374,0.185589211374254
2008-12-27,0,0.5303401,0.144992500880026
2008-12-28,0,0.4579273,0.115061266349324
2008-12-29,0,0.4541913,0.0923480427834705
2008-12-30,0,0.4023186,0.0747829188258489
2008-12-31,0,0.3799093,0.0610200715234197
2009-01-01,1.31,0.4981534,0.12663491688218
2009-01-02,0,0.5284282,0.136549761978289
2009-01-03,0,0.4171373,0.105734822432916
2009-01-04,0,0.4748072,0.0836174430587061
2009-01-05,0,0.4247358,0.0671551813049275
2009-01-06,0.8,0.4707253,0.102348018070214
2009-01-07,0,0.3720257,0.101866104337277
2009-01-08,0,0.2919532,0.0802888815504036
2009-01-17,0.42,0.5584137,0.089858757977116
2009-01-18,1.32,0.6813924,0.168956668694534
2009-01-19,22.13,0.7308494,2.43527784554825
2009-01-20,12.78,0.8144309,4.69914675681641
2009-01-21,1.41,0.6632489,3.10828410594095
2009-01-22,0.06,0.6236257,1.58737598453465
2009-01-23,4.57,0.6471815,1.46145375492839
2009-01-24,33.84,0.7914717,5.32891106323638
2009-01-25,0,0.6569303,5.58942018622052
2009-01-26,0,0.5699618,2.23162315218507
2009-01-27,0,0.5521673,1.42364563076337
2009-01-28,0,0.5509913,1.0404537746343
2009-01-29,0,0.5108741,0.798072534287748
2009-01-30,0,0.5765682,0.625216763428521
2009-01-31,0,0.5665488,0.495162143314557
2009-02-01,0,0.5220466,0.394698849081947
2009-02-02,0,0.5541468,0.315981340253551
2009-02-03,2.77,0.6129549,0.440347559601142
2009-02-04,2.17,0.6787131,0.650782606085666
2009-02-05,0.51,0.666439,0.611038428711033
2009-02-06,0.96,0.7441937,0.523210829381902
2009-02-07,0.07,0.812506,0.4194414307143
2009-02-08,0.25,0.7806473,0.324573817345734
2009-02-09,0,0.678167,0.252489407097432
2009-02-10,15.43,0.6765619,1.68363199204715
2009-02-11,20.33,0.8420598,4.76202957266314
2009-02-12,4.13,0.6997881,4.32033043177871
2009-02-13,0.9,0.6415553,2.25811020147426
2009-02-14,0.18,0.6504734,1.3748477220743
2009-02-15,0.41,0.6711149,0.986694945594654
2009-02-16,0.42,0.552574,0.781677739108143
2009-02-17,2.34,0.7636287,0.808528413828284
2009-02-18,3.1,0.9284083,1.01403057076449
2009-02-19,0,0.6204886,0.868220803890168
2009-02-20,0.2,0.6515353,0.596747218016017
2009-02-21,0.37,0.8463477,0.473488776837265
2009-02-22,0.16,0.9237023,0.382878852808515
2009-02-23,0.76,0.9415536,0.355090617572332
2009-02-24,3.07,0.9503117,0.556287147681692
2009-02-25,0,0.9155488,0.557173207713238
2009-02-26,0,0.7839816,0.371880499822567
2009-02-27,0.03,0.9587813,0.272504379061108
2009-02-28,0.23,1.007072,0.224260756941239
2009-03-01,0,1.191543,0.180752285451276
2009-03-02,0.53,1.088806,0.176963551489731
2009-03-03,0,1.150314,0.154671878841358
2009-03-04,0,0.8627117,0.12095830537057
2009-03-05,12.68,0.9743282,1.2439028708103
2009-03-06,0.84,0.9225834,1.81469123409824
2009-03-07,0.99,0.9523436,1.02292497494464
2009-03-08,0,0.939773,0.677400063423534
2009-03-09,5.36,1.143397,0.962361182018398
2009-03-10,3.37,0.9731626,1.338406409929
2009-03-11,8.83,1.015949,1.9838147323999
2009-03-12,0.06,1.048857,1.75667482750569
2009-03-13,0.48,1.019982,0.976946718005906
2009-03-14,0.72,1.293924,0.737256105392428
2009-03-15,0.19,1.283224,0.573256729887062
2009-03-16,0,1.359721,0.427323786127823
2009-03-17,0,1.362313,0.324151143459011
2009-03-18,0,1.166164,0.252198438205518
2009-03-19,0,1.158998,0.199186009879584
2009-03-20,0,1.102972,0.158889581682206
2009-03-21,0,0.983947,0.127674350199549
2009-03-22,0,1.010108,0.103197337336055
2009-03-23,0,1.030969,0.0838432112925274
2009-03-24,7.42,1.207847,0.636792546615659
2009-03-25,3.03,1.04511,1.24103476349105
2009-03-26,9.97,0.9790548,1.99944754964326
2009-03-27,8.64,1.175474,2.88132073767377
2009-03-28,6.76,1.249385,2.87503961801539
2009-03-29,7.82,1.244052,2.88245746065921
2009-03-30,0.22,1.239028,2.11873287373768
2009-03-31,0,1.257783,1.1844679511694
2009-04-01,0,1.32152,0.809809199192178
2009-04-02,0,1.635394,0.601978873208729
2009-04-03,0,1.998539,0.463958146248634
2009-04-04,0,1.927537,0.364186608946818
2009-04-05,0,1.846024,0.288918785877508
2009-04-06,0,1.729523,0.230801521071232
2009-04-07,0,1.879651,0.185310099542704
2009-04-08,0.04,1.726466,0.151720788882332
2009-04-09,2.02,1.751832,0.252239900463369
2009-04-10,0.75,2.091525,0.332879109720275
2009-04-11,0,2.379295,0.274008530465721
2009-04-12,0.58,2.365185,0.245509342506051
2009-04-13,0,2.273704,0.206274131665429
2009-04-14,0,2.278798,0.156352098366955
2009-04-15,0,2.300572,0.121739776589489
2009-04-16,0,2.3718,0.096510333259318
2009-04-17,3.56,1.90995,0.330564847949827
2009-04-18,15.77,1.691137,2.13373484766731
2009-04-19,5.1,1.740955,3.05274643563551
2009-04-20,0.18,2.139026,1.74316263355552
2009-04-21,0,2.229018,0.959277414316448
2009-04-22,0,2.324557,0.645909162041481
2009-04-23,0,2.078975,0.475269688938185
2009-04-24,0,1.648623,0.364059707033125
2009-04-25,0,1.794894,0.284803678342519
2009-04-26,0.46,1.865264,0.25604384977104
2009-04-27,6.76,2.318762,0.784875747356556
2009-04-28,1.71,1.983741,1.14990735382229
2009-04-29,2.46,1.786177,1.0111410081154
2009-04-30,7.16,1.590243,1.53564388337269
2009-05-01,0,1.930967,1.39485795842248
2009-05-02,0.75,2.3378,0.839884131149405
2009-05-03,0,2.708936,0.597734603144026
2009-05-04,0,2.077851,0.424608348843141
2009-05-05,0,1.902105,0.319204144820293
2009-05-06,0.44,1.818944,0.278154548255738
2009-05-07,0,2.122687,0.231271595110143
2009-05-08,0,2.36927,0.180970574350048
2009-05-09,1.77,2.434079,0.26483183567236
2009-05-10,4.72,2.094593,0.691403329768183
2009-05-11,3.48,2.453522,1.10622789364278
2009-05-12,12.49,2.420822,2.27418178842859
2009-05-13,10.29,2.145917,3.44757674637444
2009-05-14,0,2.610996,2.3946881480027
2009-05-15,18.19,2.775262,3.32389014017568
2009-05-16,4.95,2.446969,3.93761782545717
2009-05-17,0.25,2.197536,2.21334130833451
2009-05-18,1.37,2.456547,1.44431292111876
2009-05-19,0,2.339,1.06779002995169
2009-05-20,0,2.561159,0.769236419379676
2009-05-21,0,2.958158,0.584955062822002
2009-05-22,4.02,3.057369,0.784499804555611
2009-05-23,0,2.734146,0.798665685400571
2009-05-24,0,2.907868,0.540523012486723
2009-05-25,0,3.913302,0.397643825459143
2009-05-26,0,4.20187,0.304350177801877
2009-05-27,1.01,2.944525,0.309133265282531
2009-05-28,0,2.174284,0.275890034412824
2009-05-29,0.68,2.622108,0.26009898763413
2009-05-30,0,2.931649,0.223871829327843
2009-05-31,0,2.895581,0.172096250867719
2009-06-01,0,2.892344,0.135105081100918
2009-06-02,0,3.310001,0.107585038128484
2009-06-03,0,3.607307,0.086580015492092
2009-06-04,0,2.896547,0.0702717187626818
2009-06-05,0,2.329021,0.0574573200786545
2009-06-06,0,2.304042,0.0472985598871851
2009-06-07,1.87,2.10746,0.150279654102406
2009-06-08,6.38,2.410382,0.735800190735044
2009-06-09,1.94,2.655424,1.08178731676717
2009-06-10,2.03,3.00336,0.92229279292102
2009-06-11,13.09,2.789467,2.09670264748796
2009-06-12,6.23,2.703289,2.90001835063301
2009-06-13,0,2.706008,1.8136912082123
2009-06-14,0,3.054897,0.991174877346656
2009-06-15,2.03,3.646948,0.857099580907905
2009-06-16,26.93,3.054263,3.78486938551708
2009-06-17,1.2,2.916752,4.43502894990674
2009-06-18,0,3.165088,1.90769324278901
2009-06-19,0,3.165592,1.17162402494309
2009-06-20,0,2.899616,0.840040082774929
2009-06-21,0.5,2.424626,0.677139197562511
2009-06-22,5.11,2.306557,0.986561325896878
2009-06-23,0,2.570292,1.00350455006345
2009-06-24,0,3.037999,0.649545152517625
2009-06-25,0,3.666297,0.469359192438661
2009-06-26,0,4.08087,0.356191363522632
2009-06-27,0,3.896434,0.277200427676651
2009-06-28,4.36,3.516741,0.551000966242262
2009-06-29,0.19,3.851752,0.648439034060881
2009-06-30,3.32,4.325484,0.732140062077584
2009-07-01,0,4.590717,0.672456892594135
2009-07-02,0,4.611983,0.432153670445465
2009-07-03,0,4.923543,0.308624459152416
2009-07-04,0.33,4.393494,0.255917945249226
2009-07-05,0,4.346181,0.207369164864505
2009-07-06,0.22,4.249085,0.175664261800247
2009-07-07,9.25,3.612511,0.929272170720339
2009-07-08,4.31,2.889095,1.68988654849118
2009-07-09,7.1,2.987057,1.94532321719642
2009-07-10,3.41,2.577553,1.91895996060056
2009-07-11,0.05,2.505075,1.25136756019836
2009-07-12,0,2.786487,0.762176718985445
2009-07-13,4.19,3.123471,0.908904021903633
2009-07-14,4.31,3.615325,1.30461282769494
2009-07-15,0,3.802904,1.06534191960966
2009-07-16,0,3.788282,0.657027823832229
2009-07-17,0,3.844505,0.464394566871708
2009-07-18,4.98,3.326695,0.764661883708539
2009-07-19,1.22,2.89138,0.934614996113306
2009-07-20,5.51,2.987741,1.18911191024584
2009-07-21,0.16,3.315642,1.09701042057213
2009-07-22,9.65,4.311081,1.6370602788227
2009-07-23,5.99,4.281851,2.32753665712297
2009-07-24,8.85,3.467221,2.61994349427905
2009-07-25,3.42,3.112767,2.40800112738116
2009-07-26,0.59,2.964768,1.56574776161091
2009-07-27,0,3.303321,0.997015020815791
2009-07-28,2.58,3.164488,0.92694584346264
2009-07-29,0,3.047309,0.797389486444317
2009-07-30,9.48,3.582638,1.46567542982593
2009-07-31,0.08,3.123845,1.58517944543117
2009-08-01,0,2.961106,0.884230034352205
2009-08-02,0,3.487834,0.600594320856679
2009-08-03,9.39,3.043829,1.30524931111591
2009-08-04,0.63,2.967963,1.53949905147115
2009-08-05,0,3.08849,0.885374538865128
2009-08-06,0,3.394183,0.58786006331552
2009-08-07,0,3.823559,0.429078559753069
2009-08-08,0.15,3.863287,0.337846777472819
2009-08-09,0,3.549021,0.267491376316712
2009-08-10,0,3.526416,0.210565215152207
2009-08-11,0,3.736363,0.16758595834758
2009-08-12,1.65,3.35621,0.239286761166532
2009-08-13,0,3.343398,0.241065524665223
2009-08-14,30.19,3.129776,3.32548027237248
2009-08-15,0,2.944408,4.23383849507336
2009-08-16,0,3.172161,1.64938440100524
2009-08-17,0,3.704509,1.01374796296035
2009-08-18,0,3.453029,0.724107131059415
2009-08-19,0,3.122391,0.548217608987577
2009-08-20,0,3.664809,0.426335068501216
2009-08-21,2.08,4.415073,0.482959641409585
2009-08-22,5.15,2.893412,0.908451816354026
2009-08-23,0,2.789335,0.906717148528393
2009-08-24,0,2.830374,0.565021474037316
2009-08-25,0,3.23881,0.399746332180594
2009-08-26,2.52,3.113473,0.493957684698937
2009-08-27,0,2.899563,0.474758353321328
2009-08-28,0,3.16247,0.333250176678117
2009-08-29,0.17,2.683121,0.260604514927693
2009-08-30,0,2.244487,0.205251474055784
2009-08-31,0,2.166915,0.160120635142
2009-09-01,0,2.650404,0.126884874731963
2009-09-02,11.1,2.558096,1.01207897061379
2009-09-03,0.46,2.521474,1.42726067924696
2009-09-04,11.03,2.443825,1.90671256561294
2009-09-05,15.91,1.931925,3.69933611969796
2009-09-06,0,2.043467,2.97026420585974
2009-09-07,0,1.951387,1.41197800075578
2009-09-08,0,2.27679,0.926083546830247
2009-09-09,0,2.516431,0.677862046589098
2009-09-10,0,2.670638,0.518848063278528
2009-09-11,0.13,2.524838,0.414627012242582
2009-09-12,0,2.304254,0.331244867440522
2009-09-13,0,2.255469,0.263400639770538
2009-09-14,0.23,1.891005,0.224628834949754
2009-09-15,1.65,1.85738,0.291504696533383
2009-09-16,0,2.043344,0.282365236529896
2009-09-17,0,2.336488,0.21422919530834
2009-09-18,0,2.48835,0.166751825514166
2009-09-19,0,2.431557,0.131932009533821
2009-09-20,0.65,2.425047,0.145132501397659
2009-09-21,0.23,2.541699,0.146402629433803
2009-09-22,0,2.51324,0.121013808500876
2009-09-23,0,2.130404,0.0959664579350136
2009-09-24,0,2.048132,0.0771048114261305
2009-09-25,0,2.136672,0.0625955722732464
2009-09-26,0,1.807652,0.0512658368929886
2009-09-27,0,1.744725,0.0423202442857786
2009-09-28,0,1.806492,0.0351959798735821
2009-09-29,0,1.737427,0.0294821691624171
2009-09-30,0,1.9004,0.0248718907840691
2009-10-01,0.05,2.088927,0.023642703597937
2009-10-02,0,1.704401,0.0206766760697795
2009-10-03,0,1.398388,0.0177105472306682
2009-10-04,0,1.361371,0.0152790389969227
2009-10-05,0.79,1.736741,0.0530937884999578
2009-10-06,16.58,1.611057,1.48826614031311
2009-10-07,3.44,2.17422,2.45769562248929
2009-10-08,4.29,2.514847,1.80826602751742
2009-10-09,7.33,2.106764,2.04685639209593
2009-10-10,0.03,1.651734,1.63431616076748
2009-10-11,10.96,1.763238,2.05160277629931
2009-10-12,11.68,1.523339,3.30671529779471
2009-10-13,3.97,1.425926,2.9700037632228
2009-10-14,0.55,1.263709,1.84486870504841
2009-10-15,0,0.9227384,1.16298637417846
2009-10-16,0,0.8372267,0.821723352444864
2009-10-17,0.47,1.013969,0.655662136275925
2009-10-18,2.54,1.11932,0.722049300669987
2009-10-19,0,0.9196151,0.653673753603689
2009-10-20,0,0.8473702,0.472362885080061
2009-10-21,0,1.016953,0.35849264694871
2009-10-22,0.1,1.374926,0.28568564737923
2009-10-23,0.44,1.216016,0.256620113078924
2009-10-24,0,1.176927,0.214491562401924
2009-10-25,4.47,1.266465,0.495314497972494
2009-10-26,0.56,1.360998,0.628334692158369
2009-10-27,0.05,1.25101,0.436097225049867
2009-10-28,0,1.286191,0.306830213123838
2009-10-29,0,1.015541,0.227693497605811
2009-10-30,0,1.051226,0.174931715318401
2009-10-31,0,1.129001,0.137273485779627
2009-11-01,0,1.032294,0.109272336345771
2009-11-02,20.83,1.156498,2.00987855434817
2009-11-03,6.45,1.144117,3.4992148328292
2009-11-04,12.17,1.024777,3.36948611173732
2009-11-05,10.72,1.058499,3.84900417300912
2009-11-06,3.44,1.012393,3.06865286939347
2009-11-07,1.53,1.027264,2.006201539475
2009-11-08,9.83,0.9694805,2.37431190838845
2009-11-09,0,0.9081361,2.14082587713838
2009-11-10,0.68,0.9466661,1.303311685702
2009-11-11,0.4,0.9018559,0.975317225524038
2009-11-12,0,0.802691,0.732763778671561
2009-11-13,0.44,0.8808149,0.589765339492504
2009-11-14,0.28,1.266484,0.492560423703518
2009-11-15,3.53,1.267145,0.668978711926423
2009-11-16,2.45,1.136858,0.895097886133693
2009-11-17,13.31,1.21371,2.12051729522221
2009-11-18,11.27,1.138559,3.51360551203717
2009-11-19,0,1.074777,2.50100348686376
2009-11-20,0,0.9915159,1.27278174269475
2009-11-21,0,0.9228478,0.851751279823541
2009-11-22,0.21,1.127094,0.644490163158217
2009-11-23,4.53,1.124333,0.879257805712106
2009-11-24,24.24,1.063332,3.62077771309354
2009-11-25,7.41,1.147095,4.79445885736141
2009-11-26,8.44,1.082727,3.59882861620216
2009-11-27,7.14,0.9823672,3.33185023250263
2009-11-28,10.81,0.9250795,3.59713417352224
2009-11-29,18.35,0.9301861,5.04532664948393
2009-11-30,5.78,0.966407,4.74009388309799
2009-12-01,0.33,0.810569,2.75257053135662
2009-12-02,2.78,0.7297961,1.96539212733358
2009-12-03,5.76,0.7424351,2.13323266107993
2009-12-04,20.28,0.8859177,4.21466441695311
2009-12-05,0,0.6863083,3.93767527803578
2009-12-06,10.46,0.767214,3.0796343601542
2009-12-07,13.32,0.979632,4.28104353748051
2009-12-08,2.62,0.802062,3.6211327412206
2009-12-09,8.31,0.8043016,3.04577803791472
2009-12-10,1.23,0.7992892,2.57211213370954
2009-12-11,6.79,0.9395251,2.34972434560272
2009-12-12,1.91,0.8305926,2.18912873116108
2009-12-13,0.1,0.6603587,1.45891068050838
2009-12-14,0.29,0.5729269,1.02397041878324
2009-12-15,0,0.4644361,0.769747314582315
2009-12-16,0,0.4829431,0.588070556831139
2009-12-17,0,0.4667883,0.459533409120259
2009-12-18,0,0.4009569,0.363497686047356
2009-12-19,0,0.4173667,0.289695818800503
2009-12-20,0.49,0.2637233,0.262913435923155
2009-12-21,6.53,0.3118097,0.765432647906546
2009-12-22,5.62,0.4667029,1.57764354988773
2009-12-23,15.94,0.6197243,3.20895855290034
2009-12-24,0,0.5673743,2.91877166303641
2009-12-25,6.54,0.5962517,2.06648646743681
2009-12-26,7.98,0.6521371,2.65227113567092
2009-12-27,0,0.5833494,2.04722211933727
2009-12-28,8.93,0.5283053,2.13372885059834
2009-12-29,0.2,0.596746,1.99181296170465
2009-12-30,13.94,0.6006402,2.74071660660619
2009-12-31,4.82,0.9727193,3.32794365883195
