"Date","P","E","MIII_Q_sim"
2004-09-02,0,2.113637,0
2004-09-03,0,2.284305,0
2004-09-04,0,2.757288,0
2004-09-05,0,2.852728,0
2004-09-06,0,2.882288,0
2004-09-07,0,2.759263,0
2004-09-08,0,2.680601,0
2004-09-09,0,2.677378,0
2004-09-10,0,2.387042,0
2004-09-11,0,2.376496,0
2004-09-12,2.56,2.716567,0.0590956728427246
2004-09-13,0.4,2.149183,0.0664507584870315
2004-09-14,0,2.107571,0.0501903577954922
2004-09-15,1.41,1.976001,0.125612187306965
2004-09-16,0.28,1.704098,0.104207967211676
2004-09-17,0,1.448402,0.0732110613201622
2004-09-18,0,1.587894,0.0545010463715341
2004-09-19,0,1.871197,0.0423270148003766
2004-09-20,2.26,1.978648,0.18532490623173
2004-09-21,0,1.634728,0.116322846296592
2004-09-22,1.32,1.840719,0.18055817604098
2004-09-23,1.79,1.640583,0.273307972415626
2004-09-24,14.07,1.869767,2.16642990508363
2004-09-25,0.45,1.48158,0.703865423899948
2004-09-26,0.67,1.552072,0.385292669150673
2004-09-27,0.19,1.701439,0.220400211903921
2004-09-28,0.17,1.707937,0.146782935351617
2004-09-29,0.22,1.918793,0.112334875033622
2004-09-30,0.24,1.802173,0.0934624101253507
2004-10-01,0,1.592697,0.0669031528139838
2004-10-02,1.83,1.870887,0.180491847911877
2004-10-03,0,1.646764,0.113935476975398
2004-10-04,0,1.448458,0.0787780617426477
2004-10-05,0,1.877995,0.0579832231943248
2004-10-06,0.18,2.073062,0.0536000894702547
2004-10-07,6.15,1.500013,0.657010221100163
2004-10-08,0,1.218998,0.295810757424052
2004-10-09,0.46,1.205347,0.20794656331855
2004-10-10,1.81,1.369293,0.295406351892553
2004-10-11,0,1.256048,0.166315059870136
2004-10-12,0.03,1.158983,0.10897964104811
2004-10-13,0.09,1.209478,0.0815905052679647
2004-10-14,0,1.27022,0.0597205094947523
2004-10-15,12.23,1.358412,1.59625686928446
2004-10-16,6.52,1.145263,1.49727977542009
2004-10-17,7.73,1.05341,1.67475652970504
2004-10-18,8.21,1.068011,1.81096584971433
2004-10-19,3.43,1.118989,1.07095026524381
2004-10-20,0,1.071919,0.411230675906522
2004-10-21,26.45,1.69434,4.70301691047952
2004-10-22,6.71,1.454203,2.14398463256923
2004-10-23,0,1.153814,0.638869982630652
2004-10-24,0,1.585888,0.290131427425114
2004-10-25,1.91,1.457917,0.365650333166464
2004-10-26,0.13,1.476742,0.207433872233303
2004-10-27,0,1.06086,0.127007413736762
2004-10-28,1.34,1.060081,0.197279502464197
2004-10-29,11.48,1.32757,1.75833443362683
2004-10-30,9.61,1.257509,2.13370099833847
2004-10-31,1.02,1.106807,0.784999580749998
2004-11-01,0,1.089128,0.334170770147985
2004-11-02,0.51,1.114508,0.232943754055934
2004-11-03,2.28,1.132146,0.379045055120725
2004-11-04,0.87,1.165112,0.291787659597463
2004-11-05,7.84,1.214399,1.24455213436293
2004-11-06,0,0.9872853,0.453572727688558
2004-11-07,5.06,0.9161867,0.905059465455243
2004-11-08,0.3,0.8776983,0.404920254902109
2004-11-09,2.13,0.7714481,0.458799212726577
2004-11-10,0,0.6820809,0.229708520808201
2004-11-11,7.52,0.6343335,1.15153598010749
2004-11-12,0.06,0.6871911,0.438979124638731
2004-11-13,0.32,0.7144714,0.256491603209761
2004-11-14,0.25,0.7467596,0.172336303911372
2004-11-15,0.03,0.6498458,0.112214049177986
2004-11-16,0,0.5261134,0.0778022837474589
2004-11-17,0.13,0.7804892,0.0651368474421806
2004-11-18,1.38,0.9692749,0.148840208659324
2004-11-19,8.88,0.9393669,1.30260023491469
2004-11-20,5.37,0.6592451,1.29274200779296
2004-11-21,0,0.4911742,0.464843123291224
2004-11-22,1.16,0.5215181,0.365352113160276
2004-11-23,1.51,0.9227881,0.363999088255265
2004-11-24,3.09,0.943699,0.573323728724219
2004-11-25,0,0.5339188,0.269038484764392
2004-11-26,0,0.4981881,0.155006605982252
2004-11-27,0.03,0.6245914,0.103301559325125
2004-11-28,4.11,0.839671,0.514006611503843
2004-11-29,0.04,0.8040129,0.253473772504213
2004-11-30,0,0.7893474,0.148153621036584
2004-12-01,0,0.6858214,0.0974272297028249
2004-12-02,4.03,0.6522361,0.496737915289793
2004-12-03,0.91,0.6546811,0.348303370427723
2004-12-04,0.34,0.6343503,0.222611064323956
2004-12-05,0,0.4875218,0.134133190000728
2004-12-06,0,0.4631441,0.0899487096642885
2004-12-07,0,0.6280405,0.0648017664082995
2004-12-08,0,0.6087703,0.049124439613404
2004-12-09,0,0.6529787,0.0386758241102015
2004-12-10,0,0.5383515,0.0313487604079027
2004-12-11,0,0.422851,0.0260014519681367
2004-12-12,0,0.3872977,0.0219716710082494
2004-12-13,0,0.3944114,0.0188537398806109
2004-12-14,0,0.3857142,0.0163877234804239
2004-12-15,0,0.363615,0.0144007004795992
2004-12-16,0,0.3932182,0.0127739173215029
2004-12-17,4.62,0.4902821,0.404927432336053
2004-12-18,17.88,0.6691674,3.26000992292894
2004-12-19,2.04,0.611173,1.15410165389619
2004-12-20,5.29,0.5502534,1.25444540237137
2004-12-21,0,0.3892653,0.455902525065796
2004-12-22,0.12,0.3102131,0.241725616184578
2004-12-23,1.32,0.4280471,0.279620445286858
2004-12-24,3.09,0.6583146,0.532656230936717
2004-12-25,5.01,0.8281793,0.971281709852042
2004-12-26,7.73,0.6941871,1.63559999555793
2004-12-27,0,0.5527822,0.540010779833758
2004-12-28,0,0.4746404,0.257946631745035
2004-12-29,5.72,0.4642913,0.927394692503161
2004-12-30,4.41,0.5442014,1.04205352552225
2004-12-31,0.03,0.5549419,0.407861368121938
2005-01-01,1.26,0.6894726,0.359023270467713
2005-01-02,2.69,0.8096346,0.529029683804407
2005-01-03,1.61,0.6931758,0.45787897210608
2005-01-04,0.55,0.6132231,0.292524003822709
2005-01-05,0.03,0.6386116,0.168017010495851
2005-01-06,3.78,0.6912808,0.55584212270007
2005-01-07,1.83,0.7893056,0.500202728858972
2005-01-08,0.06,0.9149299,0.25111972183185
2005-01-09,1.97,0.8233667,0.369196833148661
2005-01-10,0.07,0.7597027,0.203548857066844
2005-01-11,1.94,0.9431185,0.334477767183137
2005-01-12,1.97,0.8727531,0.417534690484238
2005-01-13,4.68,0.8354181,0.872863101627876
2005-01-14,0.04,0.6119324,0.364142870155843
2005-01-15,0,0.4819481,0.194241737327164
2005-01-16,0,0.4505649,0.120677633050072
2005-01-17,0,0.3954557,0.0825626694510669
2005-01-18,5.88,0.5186266,0.783337541190101
2005-01-19,17.98,0.7058651,3.65786621510742
2005-01-20,0.63,0.6284215,0.984860953794572
2005-01-21,11.24,0.902652,2.3785668842454
2005-01-22,5.7,0.7698514,1.68752275565905
2005-01-23,0.09,0.6219703,0.56420748826938
2005-01-24,0.58,0.5759695,0.338227760901141
2005-01-25,0.8,0.4979846,0.274232069185898
2005-01-26,0,0.439901,0.157263105235402
2005-01-27,0,0.4464809,0.102176948189775
2005-01-28,0,0.4250468,0.0720319823096239
2005-01-29,0,0.5114991,0.0537558644793596
2005-01-30,0.09,0.4399706,0.0467888846083417
2005-01-31,0.78,0.4875022,0.0866794295510762
2005-02-01,1.74,0.6468565,0.220211408603878
2005-02-02,1.62,0.7295738,0.311622838803508
2005-02-03,1.58,0.7273596,0.359908170644547
2005-02-04,1.55,0.7654879,0.380947088975579
2005-02-05,0,0.6740511,0.200769045119176
2005-02-06,0,0.5420755,0.123825928550751
2005-02-07,0.03,0.5622185,0.0865853138483133
2005-02-08,0,0.5549156,0.0627713436312758
2005-02-09,0,0.5920999,0.0478038355677934
2005-02-10,0.04,0.6052468,0.0398333996638026
2005-02-11,11.21,0.782225,1.68229937415787
2005-02-12,7.9,1.006207,1.96619230004151
2005-02-13,10.86,1.13618,2.65245743564564
2005-02-14,8.73,0.6962438,2.37860174567999
2005-02-15,8.43,0.692138,2.26714419591534
2005-02-16,0.33,0.6141471,0.714736049581222
2005-02-17,0.11,0.5508775,0.327841404853822
2005-02-18,0,0.5539304,0.179753360766736
2005-02-19,0.44,0.5415132,0.155119518723866
2005-02-20,4.57,0.6248027,0.703938180783603
2005-02-21,1.55,0.6320815,0.529973889614713
2005-02-22,0.58,0.5840309,0.328101915731891
2005-02-23,0.6,0.5496272,0.248053260921493
2005-02-24,0,0.4561931,0.145734001144172
2005-02-25,0.32,0.4425995,0.124046069615102
2005-02-26,0,0.4348168,0.0844320170121086
2005-02-27,0.6,0.4946571,0.107626518544996
2005-02-28,0.36,0.5022481,0.103785866293701
2005-03-01,0,0.3873481,0.0729665067556308
2005-03-05,0.23,0.5887297,0.0697725238554434
2005-03-06,4.94,0.6015626,0.658469092283458
2005-03-07,0.49,0.5458912,0.36112620297247
2005-03-08,0.94,0.6820855,0.305993796468198
2005-03-09,1.4,0.839284,0.339334357747618
2005-03-10,1.3,0.8456676,0.343176502310018
2005-03-11,0.43,0.8152473,0.234739607293709
2005-03-12,0.34,0.838068,0.174196799965057
2005-03-13,4.26,0.8197186,0.676424319808883
2005-03-14,0.09,0.8383325,0.313520945572435
2005-03-15,0,0.9326511,0.173880955647749
2005-03-16,0,0.9829395,0.110637984272388
2005-03-17,0,1.411184,0.0769054281890447
2005-03-18,0,1.589331,0.0568184278387833
2005-03-19,0,1.507555,0.0438780636035006
2005-03-20,0,1.502384,0.0350373271090441
2005-03-21,0,1.472723,0.0287169443343272
2005-03-22,0,1.40291,0.0240325525954388
2005-03-23,1.43,1.498569,0.112229991205708
2005-03-24,0,1.70044,0.0778113384638724
2005-03-25,2.74,1.542112,0.34200985937544
2005-03-26,0,1.616185,0.185473904819536
2005-03-27,0.41,1.450103,0.155484758641014
2005-03-28,0.13,1.625386,0.112466043297027
2005-03-29,2.35,1.619739,0.32896765325363
2005-03-30,0.8,1.605759,0.272996152948562
2005-03-31,5.6,1.557586,0.986959419874226
2005-04-01,0,1.604459,0.389645416193158
2005-04-02,0,1.462536,0.204105953236281
2005-04-03,0,1.440072,0.125422931575077
2005-04-04,0,1.586499,0.0851921227571491
2005-04-05,0,1.552986,0.0619247245910888
2005-04-06,2.32,1.541074,0.266652041503158
2005-04-07,6.78,1.396284,1.19806982015631
2005-04-08,3.63,1.530486,1.04302480045665
2005-04-09,6.71,1.224065,1.57803420588431
2005-04-10,0.52,1.093089,0.60951120518783
2005-04-11,0.39,1.224756,0.331615859128221
2005-04-12,0,1.451623,0.181285827300597
2005-04-13,0,1.538495,0.114329011005871
2005-04-14,0,1.675045,0.0790005825160685
2005-04-15,0,1.745112,0.0581212017138924
2005-04-16,4.33,1.592329,0.546620461140186
2005-04-17,1.58,1.512652,0.477104866690901
2005-04-18,0.2,1.785537,0.260486457032203
2005-04-19,0.17,1.748204,0.168732057221827
2005-04-20,5.69,1.599067,0.919095610657626
2005-04-21,0.44,1.423264,0.434217599628541
2005-04-22,0,1.379885,0.220787114731489
2005-04-23,0,1.460161,0.133285303340127
2005-04-24,2.18,1.509001,0.32885928137394
2005-04-25,0.33,1.940844,0.21707009236173
2005-04-26,7.72,1.824589,1.34386267557632
2005-04-27,8.3,1.884232,2.00866669818636
2005-04-28,0.76,1.886999,0.739366434607399
2005-04-29,0,1.817897,0.320817760154197
2005-04-30,1.08,2.491382,0.306672625879682
2005-05-01,0,2.654647,0.171039160872034
2005-05-02,0,2.979977,0.109208854382868
2005-05-03,0.07,2.734749,0.0814226453575663
2005-05-04,5.47,2.253556,0.776747563510705
2005-05-05,4.04,1.959461,0.982112792293559
2005-05-06,0.18,1.966407,0.41411337635805
2005-05-07,1.99,1.840794,0.481892798904453
2005-05-08,11.17,1.538772,2.25373664141878
2005-05-09,0.32,1.431704,0.712009845122475
2005-05-10,0,1.499452,0.312646207546804
2005-05-11,0.08,1.527832,0.182203364131623
2005-05-12,0,1.616271,0.114783128584806
2005-05-13,0.1,1.963023,0.0871218235531306
2005-05-14,0,2.134367,0.0630964924672201
2005-05-15,16.04,2.091104,2.87888996363259
2005-05-16,0.86,2.068168,0.914480185741888
2005-05-17,0,2.115844,0.370359099254729
2005-05-18,0,1.993742,0.196668972715534
2005-05-19,0.03,1.84385,0.124671075897982
2005-05-20,0,2.129164,0.0847773404428858
2005-05-21,10.91,2.984589,1.83851098671147
2005-05-22,0,2.696783,0.581020715949169
2005-05-23,0,2.48452,0.271564208317736
2005-05-24,0.2,2.461813,0.177378935655625
2005-05-25,0,2.439509,0.112387431413846
2005-05-26,0,3.291149,0.0779007427413219
2005-05-27,0,3.752751,0.0574383340687627
2005-05-28,0.05,4.226289,0.0472458634518492
2005-05-29,0.05,4.319947,0.0400921331823667
2005-05-30,12.94,4.156369,2.14763504412811
2005-05-31,1.46,2.537844,0.889786872931083
2005-06-01,0.23,2.296298,0.396239328791839
2005-06-02,0,2.706445,0.206617151791896
2005-06-03,0,3.043817,0.126619310883077
2005-06-04,3.33,3.260307,0.492415016235584
2005-06-05,1.08,2.522418,0.38462321642485
2005-06-06,0,2.289379,0.202182712619524
2005-06-07,2.65,2.518276,0.456316197093094
2005-06-08,0,2.14433,0.228815814189662
2005-06-09,0,2.289801,0.137000813085689
2005-06-10,0,2.503968,0.0914956679573284
2005-06-11,0,2.648957,0.0657293821087842
2005-06-12,0,2.54047,0.0497247746063556
2005-06-13,0,2.333608,0.0390872808095964
2005-06-14,0,2.605817,0.0316436016419928
2005-06-15,0,2.823523,0.0262203577436903
2005-06-16,0,3.095813,0.0221389595785716
2005-06-17,0,3.523176,0.0189846783156959
2005-06-18,0.03,3.933271,0.0175267883380976
2005-06-19,0.03,4.415076,0.0163142002756281
2005-06-20,0,4.288468,0.0143409286562904
2005-06-21,0,4.673518,0.0127246053094031
2005-06-22,0.04,4.772464,0.0125025919509841
2005-06-23,0,4.534642,0.0111966306883982
2005-06-24,0,4.682284,0.0100971463675907
2005-06-25,0.03,5.340871,0.00989491701042552
2005-06-26,1.11,4.299456,0.0583794315974319
2005-06-27,0,4.406134,0.0449155094048383
2005-06-28,0,4.518274,0.0357630704947232
2005-06-29,0,4.98642,0.0292454920958821
2005-06-30,2.01,4.218043,0.1764686452687
2005-07-01,2.51,3.436428,0.404525755331249
2005-07-02,2.69,3.093486,0.575154194074922
2005-07-03,2.75,3.373674,0.665033351329597
2005-07-04,0,4.070348,0.298302023615817
2005-07-05,4.95,3.306112,0.881199463684489
2005-07-06,0.16,2.719457,0.383084263312579
2005-07-07,11.16,2.822993,2.12740535860202
2005-07-08,8.05,2.484864,2.13867242221671
2005-07-09,8.76,2.743725,2.29438353538369
2005-07-10,0,3.170881,0.665878931229432
2005-07-11,2,3.857578,0.586613513900558
2005-07-12,0,4.588746,0.273391012638086
2005-07-13,0,4.193992,0.156898681867089
2005-07-14,0,4.556277,0.101988508084031
2005-07-15,0,4.689089,0.0719222826784374
2005-07-16,0,4.450485,0.053686394087247
2005-07-17,0,4.211437,0.0417785902632181
2005-07-18,0,4.029562,0.033558818200995
2005-07-19,3.24,3.882426,0.332061469029072
2005-07-20,1.48,3.19517,0.361471568796989
2005-07-21,6.02,2.886899,1.11431934142845
2005-07-22,0,2.960662,0.42208124129046
2005-07-23,0.11,3.049948,0.228922870079264
2005-07-24,0,3.209504,0.137050066530732
2005-07-25,8.18,3.193089,1.31552155926339
2005-07-26,3.12,3.480394,0.978557952393851
2005-07-27,0.16,3.439533,0.409757058154239
2005-07-28,1.46,4.334658,0.39685094791021
2005-07-29,3.98,4.477613,0.779582816453585
2005-07-30,16.48,3.663631,3.49140456070372
2005-07-31,2.37,3.064103,1.28266724602828
2005-08-01,3.14,2.728464,0.977353790564349
2005-08-02,0,3.112624,0.387125970844809
2005-08-03,0,3.147316,0.203142293823914
2005-08-04,0.35,2.867621,0.158896158162352
2005-08-05,0,2.868614,0.103019813373042
2005-08-06,5.47,2.5858,0.794254945824894
2005-08-07,0,2.442183,0.336838551198648
2005-08-08,3.93,2.238373,0.740695116916222
2005-08-09,0.38,2.33656,0.372292622926086
2005-08-10,0,2.587624,0.197420895609781
2005-08-11,0,2.605904,0.12221510814593
2005-08-12,2.64,2.491075,0.377132172064153
2005-08-13,0,2.714198,0.199296664080011
2005-08-14,0,2.682147,0.123118604522311
2005-08-15,13.68,2.459687,2.41050935313738
2005-08-16,3.24,2.452757,1.25879276494542
2005-08-17,0,3.099506,0.456923652093278
2005-08-18,0,3.126107,0.229034381646411
2005-08-19,0,3.283715,0.137101361905948
2005-08-20,0.68,2.803069,0.153260743605195
2005-08-21,0,2.626738,0.100100260922448
2005-08-22,0,2.588151,0.0708201668119189
2005-08-23,0,2.943487,0.0529871143649176
2005-08-24,0.97,2.549504,0.110823928265414
2005-08-25,0.03,2.660715,0.079250391658237
2005-08-26,4.24,2.348806,0.559172094519124
2005-08-27,0,2.122388,0.26435890406955
2005-08-28,0,2.173436,0.152960687876377
2005-08-29,0,2.540396,0.0999439374194944
2005-08-30,0,2.784911,0.0707286889763714
2005-08-31,0,3.151083,0.0529289631396771
2005-09-01,0,3.454235,0.0412671798927458
2005-09-02,0,2.969024,0.0331966329253973
2005-09-03,0,3.078266,0.0273680449961541
2005-09-04,0.03,2.997457,0.0242252001453858
2005-09-05,0.03,3.13647,0.0217473829380367
2005-09-06,0.06,3.023247,0.0208719503371941
2005-09-07,4.47,3.103573,0.466167277571655
2005-09-08,0,3.144351,0.232346648095701
2005-09-09,0,3.193396,0.138621302341212
2005-09-10,8.96,2.936333,1.45580083642157
2005-09-11,3.53,2.710608,1.08656592072285
2005-09-12,0.99,2.545185,0.560861049596911
2005-09-13,2.24,2.49724,0.577724742259413
2005-09-14,0,2.562524,0.270484310515836
2005-09-15,0.03,2.23683,0.15863771306785
2005-09-16,0.91,2.673458,0.190504362061785
2005-09-17,8.84,2.069236,1.49783682296757
2005-09-18,0,1.635706,0.510783166593346
2005-09-19,0,1.576464,0.247989067515375
2005-09-20,0,1.598641,0.145705241059861
2005-09-21,0,1.659914,0.0961363372616419
2005-09-22,0,1.688629,0.0684891854725951
2005-09-23,0,1.763874,0.0515000282986713
2005-09-24,0,1.836622,0.0402983617560115
2005-09-25,0,1.970443,0.0325082736076569
2005-09-26,0.1,2.072422,0.0313721576858841
2005-09-27,0,2.098127,0.0260188353851562
2005-09-28,0.38,2.107799,0.0393948014003103
2005-09-29,2.12,1.840451,0.205086997095228
2005-09-30,2.11,1.626438,0.369285454197246
2005-10-01,1.19,1.46649,0.340154029463709
2005-10-02,6.97,1.711256,1.26843237929799
2005-10-03,2.11,1.495578,0.790257429057565
2005-10-04,0,1.52791,0.335687930236403
2005-10-05,0,1.784045,0.182932138984487
2005-10-06,0,2.027596,0.115143321997781
2005-10-07,0,2.041108,0.0794603825350391
2005-10-08,0,2.00324,0.0584060224241225
2005-10-09,0,1.791158,0.0449331313970571
2005-10-10,0,1.651373,0.0357753706943539
2005-10-11,0,1.661337,0.0292544343818408
2005-10-12,0,1.590911,0.0244368748584404
2005-10-13,0,1.62495,0.0207699049139852
2005-10-14,0,1.50876,0.0179090784764608
2005-10-15,0,1.456775,0.0156305497403608
2005-10-16,0,1.358171,0.013783616943273
2005-10-17,0,1.379401,0.0122637238563682
2005-10-18,0,1.207543,0.0109964260008005
2005-10-19,0.07,1.184507,0.0117366774404051
2005-10-20,5.79,1.236701,0.625531109000278
2005-10-21,2.08,1.521519,0.577409708451554
2005-10-22,19.97,1.701719,4.1256050288751
2005-10-23,4.47,1.730524,1.78128681992136
2005-10-24,0.92,1.514964,0.716759398639294
2005-10-25,0,1.368209,0.314074229703036
2005-10-26,0.84,1.68172,0.270368871197129
2005-10-27,0,1.751443,0.155586035861635
2005-10-28,0.03,1.709431,0.103837539694122
2005-10-29,0,1.723678,0.0729964587582677
2005-10-30,0,1.571635,0.0543656207233074
2005-10-31,0,1.531022,0.0422359617619419
2005-11-01,0.43,1.626909,0.0584571703839102
2005-11-02,16.79,1.390835,2.9410569763726
2005-11-03,9.61,1.239053,2.64954420435132
2005-11-04,0.04,1.5933,0.733067801169784
2005-11-05,4.76,1.381366,1.08915278520573
2005-11-06,2.16,1.086596,0.755314814553347
2005-11-07,0,1.118102,0.325523059617164
2005-11-08,1.96,1.00812,0.429809631986307
2005-11-09,0,1.213065,0.21916717636941
2005-11-10,0.44,0.9936017,0.17715212982874
2005-11-11,0,1.051076,0.112274318775638
2005-11-12,0.69,1.050091,0.137528361486587
2005-11-13,0.35,0.9528222,0.12217927565852
2005-11-14,0.78,1.148047,0.153614963917663
2005-11-15,0,0.9672437,0.100284688295847
2005-11-16,5.97,0.8645967,0.888019451038966
2005-11-17,2.47,0.8156803,0.745813306689448
2005-11-18,0.13,0.7428913,0.340176132103595
2005-11-19,0,0.721917,0.184738400077661
2005-11-20,0,0.584867,0.116034161817698
2005-11-21,0,0.5666367,0.0799624027055148
2005-11-22,0.13,0.7606092,0.0676319105056714
2005-11-23,0,0.5914326,0.050950299477338
2005-11-24,0.03,0.6131673,0.0415802784420735
2005-11-25,2.51,0.6668969,0.262085077223324
2005-11-26,0.2,0.568899,0.172727133956994
2005-11-27,2.1,0.5638723,0.35191578759871
2005-11-28,1.01,0.5914569,0.31226990353172
2005-11-29,3.98,0.6221925,0.743447620555205
2005-11-30,0.06,0.6370068,0.330061581064061
2005-12-01,0,0.5939674,0.180655534490433
2005-12-02,0,0.5795554,0.114016651161945
2005-12-03,10.96,0.6093981,1.87983037408644
2005-12-04,10.68,0.835227,2.68348019548569
2005-12-05,20.54,0.8852936,5.15903965485033
2005-12-06,0.86,0.780482,1.23396010766227
2005-12-07,0.42,0.7203354,0.515921705612421
2005-12-08,0.22,0.7266342,0.277825010992739
2005-12-09,5.11,0.6792817,0.93847486218973
2005-12-10,0,0.641126,0.376815609091291
2005-12-11,0,0.5554378,0.199174239059997
2005-12-12,0,0.4978358,0.123059718206606
2005-12-13,0.04,0.6092603,0.0871385874261561
2005-12-14,0.06,0.6748322,0.0674072974271165
2005-12-15,0.58,0.6955155,0.0939592777300953
2005-12-16,0.39,0.6871021,0.0982944623875392
2005-12-17,6.98,0.7945831,1.10726913749152
2005-12-18,4.19,0.5647568,1.14798623077064
2005-12-19,0,0.5699394,0.430374572858945
2005-12-20,2.13,0.5453842,0.521046529360235
2005-12-21,0,0.5635263,0.25151070944669
2005-12-22,0,0.5792199,0.147279364093632
2005-12-23,0.09,0.5903021,0.104891675538413
2005-12-24,0,0.6611409,0.0736066433444862
2005-12-25,0,0.7195387,0.054750443381178
2005-12-26,0.06,0.689492,0.0460675202060215
2005-12-27,3.57,0.5497398,0.430879661378678
2005-12-28,1.71,0.4394627,0.456046276869964
2005-12-29,0.69,0.4475311,0.318513037893913
2005-12-30,0.27,0.3878605,0.20688684269216
2005-12-31,9.99,0.4179907,1.86182467428773
2006-01-01,1.66,0.6755196,0.875035966752426
2006-01-02,3.85,0.6891219,1.01228758973632
2006-01-03,0,0.7122377,0.396237414140304
2006-01-04,0,0.5916529,0.206616424892548
2006-01-05,0,0.5178823,0.126618965245831
2006-01-06,0.59,0.5177258,0.140599712364919
2006-01-07,0,0.4401883,0.0934242620971988
2006-01-08,0,0.4579959,0.0668804442691946
2006-01-09,0,0.5305783,0.0504671544944925
2006-01-10,0,0.4316201,0.0395947518034261
2006-01-11,0,0.4481434,0.0320064906918412
2006-01-12,3.3,0.4999456,0.365906133561313
2006-01-13,0.57,0.6123654,0.265325481798162
2006-01-14,0,0.541813,0.153384278570153
2006-01-15,0,0.4790324,0.100164594410476
2006-01-16,0,0.391807,0.0708578031125317
2006-01-17,0.57,0.463781,0.0968093903922597
2006-01-18,18.58,0.7064641,3.67354220570153
2006-01-19,0.82,0.716875,1.03544273180869
2006-01-20,0,0.6305717,0.402200379545807
2006-01-21,2.95,0.8116945,0.651042190270977
2006-01-22,1.28,0.7315867,0.483794013305741
2006-01-23,0,0.6536101,0.238593366513037
2006-01-24,0,0.4829788,0.141468594649412
2006-01-25,0,0.4536762,0.0938877746966192
2006-01-26,0.42,0.4885271,0.101853166782713
2006-01-27,0.11,0.5368626,0.0805503574291272
2006-01-28,0,0.4089335,0.0590796630053565
2006-01-29,0.1,0.5597329,0.0517473323177588
2006-01-30,0,0.7826701,0.0404664131328074
2006-01-31,0,0.6719809,0.032627887858947
2006-02-01,0,0.6150579,0.0269487802216545
2006-02-02,0,0.5432889,0.0226941444497161
2006-02-03,0.03,0.4630497,0.0206146865654459
2006-02-04,0,0.4412431,0.0177865437738359
2006-02-05,0,0.650513,0.0155319767484759
2006-02-06,0.5,0.6916068,0.0352777130073917
2006-02-07,0.03,0.7817963,0.0303712091320619
2006-02-08,0.45,0.7870484,0.0500245165639662
2006-02-09,2.95,0.7915451,0.355503580776347
2006-02-10,3.55,0.6819946,0.729599959620945
2006-02-11,0.36,0.7195751,0.369526522145519
2006-02-12,0,0.7037867,0.196344749971184
2006-02-13,2.59,0.6666952,0.461175473866685
2006-02-14,0.07,0.6449706,0.239394862124097
2006-02-15,0.27,0.7748904,0.171011599455499
2006-02-16,22.04,0.9732111,4.67924986408111
2006-02-17,8.62,1.034805,2.876359866885
2006-02-18,1.93,0.9502857,1.13134163934729
2006-02-19,12.73,0.9093604,3.08376511377358
2006-02-20,1.49,0.9871904,1.0811572147017
2006-02-21,1.27,0.9610401,0.624088905547161
2006-02-22,0.92,0.8301464,0.421423862161059
2006-02-23,0.03,0.7976961,0.219839366681962
2006-02-24,0,0.7065107,0.132843835272208
2006-02-25,0,0.7650482,0.0892501429987602
2006-02-26,0,0.7348837,0.0643815985529957
2006-02-27,0,0.5994329,0.0488519014436715
2006-02-28,0.4,0.594277,0.0652089533209763
2006-03-01,3.36,0.7213423,0.455615324537831
2006-03-02,0.39,0.6346496,0.280353176430394
2006-03-03,0.54,0.6573148,0.224526631395589
2006-03-04,8.84,0.6795819,1.71955472932907
2006-03-05,0,0.5950798,0.557255930490801
2006-03-06,0.59,0.5040029,0.347408826513245
2006-03-07,2.9,0.5969318,0.627108967498658
2006-03-08,0.15,0.775813,0.307546352021781
2006-03-09,11.44,0.8606969,2.39008603852259
2006-03-10,7.09,1.154469,2.16311268413013
2006-03-11,2.47,0.9804657,1.11564282988568
2006-03-12,2.76,0.8441187,0.915953101288875
2006-03-13,0.03,0.6025251,0.375355918447597
2006-03-14,0,0.6547178,0.198609238801467
2006-03-15,0,0.7655962,0.122787805898862
2006-03-16,0,0.8944366,0.0837353665358639
2006-03-17,0,0.8028612,0.0610359111605936
2006-03-18,0,0.9173837,0.0466678173970097
2006-03-19,0,0.9993356,0.0369818038500661
2006-03-20,0,1.104287,0.0301289961518323
2006-03-21,0.26,1.142912,0.0389043405658894
2006-03-22,2.34,1.023736,0.264640396711224
2006-03-23,0.22,1.014172,0.178359683209974
2006-03-24,0,1.107618,0.112876043689911
2006-03-25,7.77,1.273506,1.38395156487165
2006-03-26,9.73,1.683638,2.52559407197595
2006-03-27,2.62,1.950993,1.22177645655559
2006-03-28,4.06,1.834449,1.21491422795835
2006-03-29,4.41,1.489434,1.28752343542754
2006-03-30,2.53,1.371952,0.925697501949892
2006-03-31,25.72,1.717335,6.44519103153023
2006-04-01,14.39,1.762839,4.68022895380114
2006-04-02,4.83,1.549207,2.08052347311984
2006-04-03,6.34,1.504987,1.97539208038793
2006-04-04,4.98,1.340376,1.64173365738554
2006-04-05,0,1.231758,0.541284647749665
2006-04-06,0,1.136354,0.258375708755297
2006-04-07,0,1.141842,0.150326848607117
2006-04-08,0,1.253996,0.098567897995892
2006-04-09,0,1.356024,0.069921878914984
2006-04-10,0.09,1.452778,0.0590223841018806
2006-04-11,0,1.360654,0.0453411325962646
2006-04-12,0,1.227348,0.0360599044211317
2006-04-13,0.74,1.471256,0.0819953690224552
2006-04-14,1.65,1.417903,0.239725141213694
2006-04-15,2.45,1.73055,0.499907702330121
2006-04-16,3.92,1.78059,0.931642541511407
2006-04-17,17.49,1.836359,4.400429647563
2006-04-18,0,1.865053,0.977817523476822
2006-04-19,0,1.712098,0.387247852055714
2006-04-20,0,1.5832,0.2031889654803
2006-04-21,0,1.72232,0.124984900772486
2006-04-22,0,2.055787,0.084950553805021
2006-04-23,0,1.906578,0.0617775892988742
2006-04-24,0,1.664318,0.0471541534430788
2006-04-25,0,2.614495,0.0373185011808385
2006-04-26,1,2.489932,0.108404784259304
2006-04-27,0.52,2.279525,0.125621472555309
2006-04-28,0,2.066842,0.0853015396525169
2006-04-29,0,1.879394,0.0619913354474605
2006-04-30,0,1.488974,0.0472940806221554
2006-05-01,6.57,1.242226,1.06521566072828
2006-05-02,3.03,1.63297,0.975007936751045
2006-05-03,0,2.279322,0.386509028909252
2006-05-04,0,2.74471,0.202905966184793
2006-05-05,0,3.133681,0.124849590121901
2006-05-06,3.03,2.780145,0.503167442087046
2006-05-07,0.03,2.960251,0.249503558513329
2006-05-08,0,2.775521,0.146383106354411
2006-05-09,12.56,2.514195,2.60687473391597
2006-05-10,0.38,2.528348,0.792625015108136
2006-05-11,0.03,2.437027,0.340989002955871
2006-05-12,0,2.765869,0.185064617064781
2006-05-13,1.85,2.838433,0.361764740963213
2006-05-14,17.67,2.514401,4.12325981378565
2006-05-15,0,2.326371,0.941990126258789
2006-05-16,0,2.655017,0.377755421315336
2006-05-17,5.11,2.925123,1.1154534896249
2006-05-18,1.28,2.969827,0.648650760613475
2006-05-19,0.96,3.010565,0.44530082584459
2006-05-20,2.01,2.310091,0.543391076907923
2006-05-21,20.61,2.148815,5.05794152865839
2006-05-22,2.74,2.531541,1.66369548077779
2006-05-23,6.28,2.563149,1.88425754182203
2006-05-24,2.8,2.043834,1.15364366093399
2006-05-25,2.29,1.911688,0.860397687085124
2006-05-26,8.75,2.128356,2.21509022132315
2006-05-27,14.14,2.629082,4.02140939722166
2006-05-28,2.17,2.9359,1.39962589542178
2006-05-29,1.87,2.826622,0.84641888266583
2006-05-30,10.33,2.018782,2.62071835677709
2006-05-31,3.09,1.813142,1.37943431506801
2006-06-01,1.5,1.825399,0.768407640958047
2006-06-02,2.16,1.812284,0.715995252008935
2006-06-03,0,2.259227,0.313844745458761
2006-06-04,0,2.48771,0.174014774906586
2006-06-05,0,2.742347,0.11070510668822
2006-06-06,0.29,2.678804,0.104480963102263
2006-06-07,0,2.430686,0.0733690922072793
2006-06-08,0,2.713694,0.0546007145726334
2006-06-09,0,3.084712,0.0423939971064149
2006-06-10,0,3.324333,0.0339935881603473
2006-06-11,0,3.659721,0.0279535591144581
2006-06-12,0,3.942612,0.0234562922267169
2006-06-13,0,3.961734,0.020011106848241
2006-06-14,0,4.422082,0.0173088952057406
2006-06-15,0.36,4.404413,0.0320753700165455
2006-06-16,6.6,3.662155,1.05543170723934
2006-06-17,0,3.213944,0.407300616428311
2006-06-18,0,3.410493,0.210794957476307
2006-06-19,0,3.942181,0.128599496161855
2006-06-20,0.54,3.871599,0.142682020968941
2006-06-21,0,3.72498,0.0945337331458921
2006-06-22,0,3.518181,0.0675399470060918
2006-06-23,0.48,2.880505,0.0904578350190236
2006-06-24,0,3.093686,0.0651074871365044
2006-06-25,0,3.727085,0.0493225015547829
2006-06-26,8.5,3.789807,1.50317965879273
2006-06-27,1.1,3.535503,0.714473005230432
2006-06-28,0,3.477216,0.313387287515738
2006-06-29,0,3.872422,0.173825703511842
2006-06-30,0.22,3.829599,0.133877370401629
2006-07-01,0,4.328485,0.0898102576199321
2006-07-02,0,4.433869,0.0647185551181919
2006-07-03,0,4.329465,0.0490704958587664
2006-07-04,0,4.457209,0.0386388044155205
2006-07-05,0,4.797611,0.0313222058631981
2006-07-06,0.53,4.549896,0.0591594473526013
2006-07-07,0,4.048904,0.0454317403586627
2006-07-08,0.11,3.95075,0.042874602728235
2006-07-09,0.15,3.992552,0.0434440211365749
2006-07-10,0,3.74398,0.0347327498408736
2006-07-11,0,4.167972,0.0284945766508524
2006-07-12,0,4.747865,0.0238649378572752
2006-07-13,0,4.813864,0.0203278616153404
2006-07-14,39.93,4.265984,9.51938805039502
2006-07-15,0,4.356479,1.49805190263849
2006-07-16,0,4.018706,0.510829755864247
2006-07-17,0,4.285995,0.248005116119227
2006-07-18,0,4.391714,0.145712431426872
2006-07-19,0,4.628929,0.0961401374322125
2006-07-20,0,4.96938,0.0684914316209374
2006-07-21,0,5.001661,0.051501466635948
2006-07-22,0,5.331844,0.0402993396166779
2006-07-23,2.51,4.568414,0.299471360912861
2006-07-24,0.1,4.465701,0.180009771010239
2006-07-25,0,4.750831,0.11369627809706
2006-07-26,0,5.349794,0.0786427088104631
2006-07-27,0,5.65498,0.0578992503221532
2006-07-28,0.03,4.900592,0.0465516297936437
2006-07-29,0.55,3.810304,0.0760412445366371
2006-07-30,0,3.927917,0.0562786846583321
2006-07-31,0.68,3.800787,0.0969383882110464
2006-08-01,0.81,3.653794,0.146371009263304
2006-08-02,4.81,3.003323,0.835877793638613
2006-08-03,10.41,2.675501,2.50269937733529
2006-08-04,0.33,2.578596,0.763595304205199
2006-08-05,18.72,2.739754,4.54359902540577
2006-08-06,1.75,3.501988,1.36160412255577
2006-08-07,0.03,3.528031,0.485681939366657
2006-08-08,0,3.567246,0.239257151312102
2006-08-09,0,3.291851,0.141769698329864
2006-08-10,0.62,2.788448,0.158540558444785
2006-08-11,1.96,2.521464,0.352730151992158
2006-08-12,10.29,2.316128,2.22302694794555
2006-08-13,2.22,2.329921,1.08706983855885
2006-08-14,0,2.424958,0.415286171987755
2006-08-15,3.32,2.519591,0.759960584269345
2006-08-16,4.86,2.672488,1.23411109853782
2006-08-17,0.52,2.662792,0.539566887167857
2006-08-18,4.93,3.122262,1.14907242813636
2006-08-19,4.55,3.004925,1.31024316197762
2006-08-20,2.29,2.870884,0.891030647281166
2006-08-21,2.98,2.601081,0.899785073201884
2006-08-22,4.1,2.593484,1.13176693257986
2006-08-23,0,2.549566,0.42639302506737
2006-08-24,0,2.728572,0.217907225628062
2006-08-25,19.03,2.385486,4.29280210307143
2006-08-26,10.92,2.386554,3.51574279262877
2006-08-27,0.5,2.413896,0.959407312714433
2006-08-28,1.12,2.515089,0.573207554205127
2006-08-29,11.05,2.100826,2.59525934300795
2006-08-30,4.72,1.925744,1.72300828881971
2006-08-31,0,2.002639,0.557956693485734
2006-09-01,0,2.103298,0.263954803942315
2006-09-02,0,2.585042,0.152783440323912
2006-09-03,0,2.825362,0.0998515527017386
2006-09-04,2.85,3.081168,0.446643183120449
2006-09-05,0,3.064568,0.225320202037843
2006-09-06,0,2.807721,0.135388419534762
2006-09-07,0,3.035901,0.0906269834097165
2006-09-08,0,2.618402,0.0652089641980537
2006-09-09,0,2.175367,0.0493881989880966
2006-09-10,0,2.246124,0.0388567191558931
2006-09-11,0,2.530095,0.0314784537549277
2006-09-12,0,2.718208,0.0260977837499237
2006-09-13,0,2.874105,0.0220453135779111
2006-09-14,0,2.895916,0.0189113973193906
2006-09-15,0,2.747738,0.0164337814904011
2006-09-16,0,2.73487,0.0144381279621735
2006-09-17,0,2.40794,0.0128047836595996
2006-09-18,0,2.678368,0.0114493482102691
2006-09-19,1.43,2.399691,0.101784899009646
2006-09-20,0,2.083848,0.0718036941636506
2006-09-21,0.1,2.081233,0.0609740670535997
2006-09-22,0,2.278032,0.0466272082093004
2006-09-23,0,2.649146,0.0369536593543539
2006-09-24,0,2.621812,0.0301086501427782
2006-09-25,0.7,2.68054,0.0704771438789166
2006-09-26,0.71,2.27936,0.113819795992727
2006-09-27,0.19,2.122584,0.0956602598879105
2006-09-28,0,1.876615,0.0682076163186709
2006-09-29,0,1.930407,0.0513196405162766
2006-09-30,0,2.025467,0.0401756812698838
2006-10-01,14.33,1.997627,2.7808124237301
2006-10-02,5.45,2.178683,1.90531981581253
2006-10-03,0.88,1.950745,0.756887675947004
2006-10-04,17.49,1.766855,4.27327243833674
2006-10-05,0.27,1.603188,1.01658374754686
2006-10-06,0.8,1.547164,0.532144269777377
2006-10-07,11.91,1.874038,2.76982129788171
2006-10-08,2.73,1.649406,1.30783908161316
2006-10-09,0,1.301947,0.468334306814799
2006-10-10,0,1.510334,0.23311948542216
2006-10-11,0.76,1.916001,0.233171487444116
2006-10-12,0,1.654135,0.138998699275077
2006-10-13,0.04,1.797016,0.0963328110854171
2006-10-14,0,2.025724,0.068605285130164
2006-10-15,0,1.731451,0.0515743598534954
2006-10-16,0,1.520572,0.0403488893404086
2006-10-17,0,1.403569,0.0325442471011225
2006-10-18,0,1.310002,0.0268870219372739
2006-10-19,0,1.485701,0.0226471613988778
2006-10-20,2.51,1.616091,0.263975653336648
2006-10-21,4.67,1.776714,0.936743725186541
2006-10-22,1.89,1.745203,0.707686260335435
2006-10-23,3.34,1.81631,0.909023982921082
2006-10-24,20.27,1.930539,5.12554723525965
2006-10-25,17.22,1.529007,5.33362726149044
2006-10-26,0,1.412991,1.09049295381189
2006-10-27,0,1.708703,0.416143925597069
2006-10-28,0,1.780439,0.214104524000866
2006-10-29,0.09,1.708365,0.140183969997744
2006-10-30,0.48,1.634229,0.143489700848526
2006-10-31,0,1.140033,0.0949628264664526
2006-11-01,1.2,1.082988,0.196165337552351
2006-11-02,1.82,0.964431,0.369458046717387
2006-11-03,0.79,0.7605854,0.307416953461831
2006-11-04,0,0.8545902,0.171349104244251
2006-11-05,0,0.9481588,0.109365070394279
2006-11-06,0,0.9193982,0.0761786237516096
2006-11-07,0,0.9116619,0.0563645819298918
2006-11-08,0,0.8268558,0.0435753363775007
2006-11-09,0.03,0.9273551,0.0366099986033906
2006-11-10,1.1,1.114316,0.118927887940842
2006-11-11,0.03,0.7095165,0.0842821949137068
2006-11-12,4.32,0.8355081,0.697402324266023
2006-11-13,1.85,0.9514834,0.623354510140408
2006-11-14,3.29,1.053415,0.874300748243655
2006-11-15,3.65,1.315407,1.0492909932144
2006-11-16,0,1.285559,0.405738397291768
2006-11-17,0.51,1.270585,0.281661753686319
2006-11-18,8.25,1.187549,1.76414039788969
2006-11-19,0.66,0.9402765,0.689947278522657
2006-11-20,16.94,0.9359483,4.23305388573676
2006-11-21,17.59,0.881795,5.38192369345716
2006-11-22,8.55,0.9763085,3.16399861524643
2006-11-23,1.98,0.8075814,1.2306174215601
2006-11-24,25.38,1.083009,6.92165053773497
2006-11-25,5.27,1.135842,2.53801482028743
2006-11-26,4.58,1.407379,1.73111870969994
2006-11-27,0.34,1.056545,0.62464146849469
2006-11-28,0,0.9674931,0.285630384132156
2006-11-29,0.38,1.02429,0.212221819743839
2006-11-30,0.03,0.9460962,0.13270605569864
2006-12-01,0.24,0.7327512,0.113752617316589
2006-12-02,0,0.8916934,0.0786745956894638
2006-12-03,0.1,0.8705289,0.0660873362776914
2006-12-04,13.13,1.051893,2.79554919210091
2006-12-05,16.38,1.016901,4.91940082448919
2006-12-06,4.6,1.272633,2.1394361602169
2006-12-07,2.19,0.9761119,1.10255400193641
2006-12-08,10.81,0.8848088,2.95961656451849
2006-12-09,13.83,0.9940333,4.29879010722718
2006-12-10,2.41,0.7947422,1.5229983696328
2006-12-11,0,0.6095968,0.516212507911147
2006-12-12,3.54,0.7145317,0.92410569710062
2006-12-13,2.2,0.7840955,0.799803443684701
2006-12-14,0.15,0.779254,0.36375769480383
2006-12-15,0,0.8028575,0.194090841491036
2006-12-16,0,0.5791272,0.120604463239943
2006-12-17,3.97,0.706076,0.732831884628439
2006-12-18,0,0.6121042,0.318877541431948
2006-12-19,0.22,0.6152815,0.206154780882918
2006-12-20,0,0.632099,0.126399377526888
2006-12-21,0,0.5945614,0.0857297906816936
2006-12-22,0,0.7432586,0.0622518489261723
2006-12-23,0,0.6758961,0.0474644844923054
2006-12-24,0,0.6088232,0.0375330006800552
2006-12-25,0,0.6640194,0.0305269268303641
2006-12-26,0,0.5150117,0.0253895286596324
2006-12-27,0,0.5376472,0.0215029331091109
2006-12-28,0,0.5005325,0.0184861297411781
2006-12-29,0.03,0.5033704,0.0173601111822149
2006-12-30,0,0.5271747,0.0151882813632847
2006-12-31,19.35,0.668015,4.43207815141338
2007-01-01,10,0.9901223,3.54381686900076
2007-01-02,13.94,0.8833843,4.51799932771631
2007-01-03,5.28,0.7147818,2.29889303919268
2007-01-04,0.43,0.7655866,0.756840051956486
2007-01-05,3.81,0.8574706,1.10943351819162
2007-01-06,2.04,0.8818367,0.832787606871299
2007-01-07,10.9,1.043456,2.9712576469334
2007-01-08,0,0.9019123,0.777823015950972
2007-01-09,11.59,0.9696581,3.14963908472731
2007-01-10,2.4,1.184793,1.36263540178808
2007-01-11,3.14,1.032169,1.16268288898645
2007-01-12,5.24,0.8568484,1.618189311765
2007-01-13,0.17,0.9369128,0.570268640856855
2007-01-14,0.44,1.086821,0.341230318222386
2007-01-15,0.56,0.8524475,0.269134231159553
2007-01-16,0,0.5613311,0.155048339450364
2007-01-17,0.07,0.7308876,0.108760537251679
2007-01-18,17.2,1.040246,4.25235297328648
2007-01-19,41.8,1.22803,13.5217721742385
2007-01-20,6.31,1.233655,3.55792634475256
2007-01-21,3.89,1.134227,1.83346025920841
2007-01-22,3.07,0.8719943,1.28875393881766
2007-01-23,0,0.7245337,0.463917776203921
2007-01-24,0.04,0.5394815,0.237804708903298
2007-01-25,0,0.536026,0.141110486627467
2007-01-26,0,0.4866848,0.0936968373225591
2007-01-27,0.05,0.4556527,0.0717492332258052
2007-01-28,0.6,0.6817537,0.114200712516937
2007-01-29,0.06,0.7300378,0.0850288256858416
2007-01-30,0.43,0.8509507,0.105580493327249
2007-01-31,0,0.9172454,0.0740045083647753
2007-02-01,0,0.8697195,0.0550009718557574
2007-02-02,0,0.9545065,0.0426627415974448
2007-02-03,0.03,1.060443,0.036194452480853
2007-02-04,0,0.8533794,0.0295587968417464
2007-02-05,0,0.7802819,0.0246653168525824
2007-02-06,0.33,0.6552955,0.0413537886584458
2007-02-07,4.15,0.6837842,0.692554665415908
2007-02-08,1.45,0.6847117,0.583669982264413
2007-02-09,14.03,0.7375471,3.87389838518014
2007-02-10,0.84,0.8752164,1.10830253563423
2007-02-11,3.53,0.9397408,1.20876354920673
2007-02-12,14.81,1.077894,4.41850440845969
2007-02-13,14,1.083452,4.93442611720347
2007-02-14,2.96,1.002059,1.80408236038985
2007-02-15,14.92,0.9533609,4.69796670693447
2007-02-16,0,1.003201,1.01499481507592
2007-02-17,0,0.856263,0.396937677547867
2007-02-18,0,0.8881834,0.206882193309634
2007-02-19,0,0.9038812,0.126745311129743
2007-02-20,0,0.9381504,0.0859200008079833
2007-02-21,0,0.9226408,0.0623674569013275
2007-02-22,1.18,0.8813277,0.183675392025103
2007-02-23,0,1.099098,0.115510217282444
2007-02-24,1.7,1.224402,0.32591553603375
2007-02-25,10.63,1.228775,2.78192318335458
2007-02-26,14.7,1.117206,4.9059553225838
2007-02-27,4.83,1.088919,2.33247224566378
2007-02-28,4.38,1.058435,1.77454671618086
2007-03-01,11.6,1.29858,3.73709430017253
2007-03-02,21.1,1.217096,7.214674056524
2007-03-03,2.25,1.059463,1.89734540490338
2007-03-04,10.66,1.1775,3.52696201438573
2007-03-05,0,1.132171,0.860436902616724
2007-03-06,3.15,1.288491,1.06582025775905
2007-03-07,13.12,1.25329,4.03392929878279
2007-03-08,6.91,1.190425,2.85081828032832
2007-03-09,0,1.075671,0.758913776693743
2007-03-10,3.84,0.9890859,1.209868866364
2007-03-11,0,1.10021,0.445337784789953
2007-03-12,0,1.122617,0.224846250333054
2007-03-13,0,1.163444,0.135169178215834
2007-03-14,0,1.222282,0.0905086421088511
2007-03-15,0,1.334261,0.0651379726872764
2007-03-16,0,1.247331,0.0493422405956401
2007-03-17,0,1.187288,0.038825212907911
2007-03-18,0.26,1.302366,0.0513535949678796
2007-03-19,9.03,1.262067,2.06337268818259
2007-03-20,2.67,0.9292095,1.28077338600201
2007-03-21,2.65,0.9419255,1.08155271797682
2007-03-22,2.95,0.9950124,1.09826577153057
2007-03-23,3.41,0.9648929,1.22346754787896
2007-03-24,1.67,1.007223,0.823380676505184
2007-03-25,0.7,1.132908,0.485250063010289
2007-03-26,0.42,1.37928,0.312882064911472
2007-03-27,0,1.620343,0.17361677714521
2007-03-28,0,1.48899,0.110505429005227
2007-03-29,0.59,1.497669,0.149351401846863
2007-03-30,2.19,1.519264,0.467279858572916
2007-03-31,1.49,1.430789,0.518448788320856
2007-04-01,4.1,1.46369,1.16884234265363
2007-04-02,0,1.787156,0.43545735892712
2007-04-03,0,1.808416,0.221241601804448
2007-04-04,0.17,1.409192,0.156959801207747
2007-04-05,0,1.420167,0.102020121325836
2007-04-06,0,1.52033,0.0719406898172169
2007-04-07,0,1.795482,0.0536980525988167
2007-04-08,0,1.578328,0.0417864505871801
2007-04-09,0,1.574736,0.033564378650289
2007-04-10,0,1.7514,0.0276385091050917
2007-04-11,0,1.757233,0.0232177719179264
2007-04-12,0,1.876821,0.0198258643790706
2007-04-13,0,2.341811,0.0171619273471223
2007-04-14,0,2.551093,0.0150282017291028
2007-04-15,0,2.840632,0.0132902567181991
2007-04-16,0,2.793692,0.0118540487834551
2007-04-17,0,2.670284,0.0106521358129989
2007-04-18,0.11,2.251117,0.0138485987484769
2007-04-19,0.13,1.719758,0.0180812006407005
2007-04-20,0,1.770438,0.0157688733164238
2007-04-21,0.04,1.881214,0.0156481535717076
2007-04-22,0.03,1.832928,0.015094545821791
2007-04-23,0,2.150896,0.0133447051413852
2007-04-24,0,2.509893,0.0118993400769308
2007-04-25,0.07,3.020765,0.0134048409795609
2007-04-26,0,3.271975,0.0119493394973242
2007-04-27,0.06,2.898417,0.0130367489385605
2007-04-28,0.13,2.844012,0.0171885829912593
2007-04-29,0.27,2.757627,0.0295736838792516
2007-04-30,0.03,2.695275,0.0264408473833343
2007-05-01,0.12,2.543535,0.0293821357672505
2007-05-02,0.38,2.52194,0.0515461057478254
2007-05-03,0.42,2.378257,0.0776748447448845
2007-05-04,0.04,2.31667,0.0609034646529095
2007-05-05,2.18,2.334802,0.351753659796147
2007-05-06,0,2.98098,0.18935848879854
2007-05-07,0.03,2.799354,0.122027120604593
2007-05-08,13.9,2.359743,3.56030137294303
2007-05-09,1.7,2.432111,1.28679304445453
2007-05-10,16.27,2.296554,5.03533504250412
2007-05-11,0,2.832992,1.05568946331581
2007-05-12,1.85,2.430684,0.808412041018894
2007-05-13,7.03,2.432104,2.07463406974605
2007-05-14,12.83,2.564849,4.22408156466756
2007-05-15,2.6,2.491665,1.62991077508997
2007-05-16,3.76,2.153939,1.45637959167428
2007-05-17,16.22,2.091313,5.13496843468742
2007-05-18,6.62,2.256397,2.92136876591124
2007-05-19,0.03,2.471938,0.777092327588662
2007-05-20,1.88,2.900028,0.72867826483965
2007-05-21,4.18,3.202664,1.28067705860364
2007-05-22,0,3.571619,0.46203968808024
2007-05-23,0,3.647683,0.230870764013411
2007-05-24,0,3.439071,0.13794492777947
2007-05-25,0,3.89349,0.0920029765111053
2007-05-26,1.06,4.039923,0.201357296216029
2007-05-27,6.98,3.436336,1.69474456163035
2007-05-28,5.02,2.637963,1.81895012727404
2007-05-29,1.49,2.297534,0.922129945096151
2007-05-30,0.6,2.112245,0.492516291857671
2007-05-31,1.34,2.319103,0.494675773648738
2007-06-01,1.79,2.886993,0.591632719792781
2007-06-02,20.56,2.596715,6.16284459526907
2007-06-03,0,3.345914,1.18215776980625
2007-06-04,0,3.388029,0.438681053524622
2007-06-05,0,3.557964,0.222421087332831
2007-06-06,0,3.826997,0.13404498206604
2007-06-07,0,4.307184,0.0899009790325621
2007-06-08,3.94,4.445396,0.777954812270343
2007-06-09,29.31,4.069629,9.16992414675018
2007-06-10,10.6,4.046522,4.63560214687472
2007-06-11,0.26,3.653285,1.07296899243742
2007-06-12,0,3.829153,0.411740047650893
2007-06-13,0,3.68477,0.212459733420243
2007-06-14,0.07,3.548856,0.138700599900982
2007-06-15,4.72,3.792321,1.03977533718421
2007-06-16,1.56,3.390762,0.741426117089184
2007-06-17,2.44,2.987031,0.84813702454592
2007-06-18,2.19,3.351696,0.827394995748579
2007-06-19,1.94,3.590299,0.760644707609276
2007-06-20,0,4.275302,0.327086197960253
2007-06-21,5.57,3.97617,1.42778658112874
2007-06-22,1.22,3.414429,0.766798859523172
2007-06-23,7.81,2.879175,2.30224285974263
2007-06-24,15.35,2.890103,5.12670620056606
2007-06-25,16.25,3.422012,5.97279523530866
2007-06-26,12.71,2.821688,4.96642672928597
2007-06-27,12.36,2.464177,4.72770814654332
2007-06-28,0.24,2.467374,1.08005676483412
2007-06-29,6.39,2.686004,2.05539378872507
2007-06-30,2.92,2.81332,1.35524640229029
2007-07-01,0.47,3.224695,0.581195418986404
2007-07-02,0,3.444295,0.271621379376813
2007-07-03,4.74,3.087645,1.19001523157472
2007-07-04,19.89,2.581028,6.37075349580867
2007-07-05,6.38,2.61873,3.0550863178706
2007-07-06,6.2,2.754533,2.50970531639765
2007-07-07,2.8,2.981329,1.42315600757555
2007-07-08,0,2.818891,0.494413383883673
2007-07-09,0.54,3.114996,0.340422116788347
2007-07-10,2.31,2.686867,0.641404457951488
2007-07-11,0.5,2.718639,0.386351691606435
2007-07-12,0.93,2.523867,0.369608528132989
2007-07-13,0.56,2.937147,0.291739001173039
2007-07-14,0.13,4.014497,0.184351105573787
2007-07-15,0,4.531443,0.115843376553872
2007-07-16,0,5.0155,0.0798549752167002
2007-07-17,0,4.6067,0.0586501429279307
2007-07-18,1.56,3.865216,0.248836290409423
2007-07-19,0,3.681824,0.146084616183592
2007-07-20,4.52,3.436576,1.01059724744762
2007-07-21,10.41,3.519786,3.22246217480771
2007-07-22,0,3.150485,0.81605954404067
2007-07-23,0,3.138306,0.343071742615765
2007-07-24,1.98,2.684003,0.563376582877292
2007-07-25,3.09,3.013151,0.939216487120222
2007-07-26,0,3.201598,0.377014011691747
2007-07-27,0,3.529157,0.199250972121311
2007-07-28,0,3.510686,0.123096628066667
2007-07-29,7.5,3.272223,1.77636894022606
2007-07-30,4.42,2.760532,1.6931725776426
2007-07-31,0,2.544953,0.551880553252551
2007-08-01,0,2.506059,0.261929295140297
2007-08-02,0,2.93718,0.151893616152639
2007-08-03,4.35,3.03917,0.969903597070434
2007-08-04,0,3.266202,0.385164368790564
2007-08-05,0,3.353098,0.202390391485056
2007-08-06,0,3.860483,0.12460292447479
2007-08-07,6.47,3.64281,1.48544585926238
2007-08-08,0.32,3.062259,0.577141466589713
2007-08-09,0.88,2.778073,0.436828597470747
2007-08-10,4.67,2.509406,1.26928176414311
2007-08-11,1.23,3.238931,0.730262236799076
2007-08-12,0,3.401731,0.318112581285744
2007-08-13,2.2,3.156409,0.59232342499524
2007-08-14,0,3.074136,0.275248837013204
2007-08-15,0.62,3.234817,0.25475419027392
2007-08-16,17.63,3.471575,4.99253787904858
2007-08-17,1.03,2.780097,1.31740154113783
2007-08-18,0.17,2.514845,0.506154481074124
2007-08-19,0,2.505285,0.246391747489082
2007-08-20,6.46,2.754937,1.61332593547138
2007-08-21,4.96,2.387256,1.7941688809708
2007-08-22,3.36,2.638337,1.40261110353618
2007-08-23,26.28,2.428957,8.52269354006297
2007-08-24,0.19,2.840125,1.46320153643087
2007-08-25,0,3.021453,0.503239562399888
2007-08-26,0,3.296874,0.245382893055369
2007-08-27,0,3.230543,0.144535510848266
2007-08-28,0,2.847615,0.0955174056055943
2007-08-29,0,2.279299,0.068123058787314
2007-08-30,0,2.469016,0.0512654364004122
2007-08-31,0,2.286143,0.0401388007472029
2007-09-01,0,2.66167,0.0323946199022145
2007-09-02,0.03,2.598874,0.028659104124984
2007-09-03,0,2.415577,0.0239889734847423
2007-09-04,8.24,2.22065,1.75833561309494
2007-09-05,1.19,1.870173,0.839371135526207
2007-09-06,0.28,1.809521,0.404043921537281
2007-09-07,0.27,2.387941,0.254094444821112
2007-09-08,0.13,2.371202,0.166950789211
2007-09-09,0,2.38547,0.107140207189897
2007-09-10,0,2.283628,0.0749029316143579
2007-09-11,1.23,1.880311,0.211871931706504
2007-09-12,0.03,2.055126,0.13306292109933
2007-09-13,0,2.068384,0.0893689759068339
2007-09-14,0,1.953667,0.0644531297746066
2007-09-15,0,2.049237,0.0488983267101159
2007-09-16,0,2.215427,0.0385205978452719
2007-09-17,0,2.000933,0.0312373853179743
2007-09-18,0.77,2.077052,0.0933909064462481
2007-09-19,1.61,1.658407,0.295300012646399
2007-09-20,0,1.417313,0.166270173358443
2007-09-21,0,1.713372,0.106794359598857
2007-09-22,0,1.715962,0.0747040119647333
2007-09-23,0,1.948336,0.0554406924481131
2007-09-24,0,2.258395,0.0429575243156821
2007-09-25,3.34,2.001274,0.559772080657937
2007-09-26,0,1.654806,0.264558259782463
2007-09-27,0.81,1.47894,0.280866841062345
2007-09-28,17.91,1.520576,5.07082193490798
2007-09-29,1.98,1.556552,1.5800001742905
2007-09-30,1.31,1.601824,0.825347226005868
2007-10-01,0.11,1.821827,0.366564192198168
2007-10-02,0,1.911037,0.195188977043726
2007-10-03,0,2.339129,0.121136547040641
2007-10-04,0.03,2.279755,0.0860680405700847
2007-10-05,0,2.271092,0.0624573914198505
2007-10-06,0,1.800353,0.0475988238448253
2007-10-07,0,1.587189,0.0376257720330487
2007-10-08,0,1.40789,0.0305938022076747
2007-10-09,0,1.407783,0.0254394200017428
2007-10-10,1.44,1.478465,0.16998804172249
2007-10-11,5.62,1.565396,1.29694823875487
2007-10-12,0,1.412938,0.465817676677286
2007-10-13,0,1.420557,0.232221838633058
2007-10-14,0,1.411482,0.138564158758637
2007-10-15,0,1.321315,0.0923351802437675
2007-10-16,0.03,1.332127,0.0691514297261621
2007-10-17,0,1.514491,0.0519236492647425
2007-10-18,1.71,1.321046,0.25849387339992
2007-10-19,0,1.195626,0.150379063577619
2007-10-20,0,0.9941499,0.0985952452285084
2007-10-21,0,0.9254265,0.0699379410385303
2007-10-22,0.83,0.8711892,0.145634157279679
2007-10-23,0,0.9185676,0.096098765975158
2007-10-24,0,0.914166,0.0684669771963315
2007-10-25,0,0.9609404,0.0514858065058368
2007-10-26,0,1.148504,0.0402886927087595
2007-10-27,0,1.144724,0.0325013887366116
2007-10-28,0,1.122187,0.0268553663467665
2007-10-29,0,1.059696,0.0226230729328199
2007-10-30,15.28,1.071194,3.78180557537112
2007-10-31,0.77,1.080656,1.08614151351613
2007-11-01,0,0.8699238,0.415053347385631
2007-11-02,0,0.9150839,0.213697820155966
2007-11-03,0.17,1.325481,0.152869515361264
2007-11-04,0.06,1.380964,0.106978368264244
2007-11-05,0,1.182654,0.074809868252371
2007-11-06,0,1.052429,0.0555071533412911
2007-11-07,4.39,0.9893813,0.822801150382388
2007-11-08,0.33,0.9550949,0.408192391520801
2007-11-09,9.78,1.100047,2.66472108351568
2007-11-10,9.4,0.776849,3.33268977383047
2007-11-11,3.16,0.8975085,1.64957749533771
2007-11-12,2.27,1.04977,1.07873745707171
2007-11-13,0.07,0.7597936,0.427174297753763
2007-11-14,4.77,0.7299483,1.28577462721897
2007-11-15,0.53,0.7116808,0.575809175129262
2007-11-16,0.07,0.6309774,0.282094283732537
2007-11-17,0,0.5476907,0.160651419724251
2007-11-18,0,0.6117775,0.103922910106738
2007-11-19,0,0.6262208,0.0730459345100646
2007-11-20,8.54,0.6702339,1.97045567486505
2007-11-21,4.12,0.8734195,1.65025097377731
2007-11-22,7.4,0.9561988,2.50892073955809
2007-11-23,0,1.021733,0.702946270377885
2007-11-24,1.51,0.9140477,0.620025420916232
2007-11-25,0,0.6137285,0.284161171762351
2007-11-26,1.24,0.7302099,0.373997461401378
2007-11-27,2.09,0.7178354,0.602994282320572
2007-11-28,1.41,0.7513988,0.55971695806489
2007-11-29,0,0.6026742,0.264539947917973
2007-11-30,1.29,0.5585133,0.372375369298666
2007-12-01,0.28,0.7762789,0.242915789620076
2007-12-02,12.38,0.8895213,3.36615073460902
2007-12-03,32.79,0.946073,11.353687251578
2007-12-04,8.94,0.8325739,4.37560733924881
2007-12-05,4.38,0.7837103,2.19275980094524
2007-12-06,3.72,1.008369,1.61689917519092
2007-12-07,11.21,0.9921537,3.74380717443161
2007-12-08,12.32,0.9966976,4.59795645845215
2007-12-09,8.2,0.7202448,3.42124123193285
2007-12-10,15.1,0.8409903,5.49397614745517
2007-12-11,2.89,0.8034015,1.92411965845175
2007-12-12,1.83,0.7235334,1.05356694617651
2007-12-13,0,0.654707,0.406826642729951
2007-12-14,0,0.7352492,0.210616817144445
2007-12-15,0,0.5655723,0.128515318791943
2007-12-16,0,0.5305481,0.0868910065358359
2007-12-17,0,0.4869337,0.0629566666211787
2007-12-18,0,0.4699497,0.0479247488016053
2007-12-19,0,0.480215,0.0378506389061209
2007-12-20,0,0.4960719,0.0307557815010006
2007-12-21,0,0.4392978,0.0255601905536567
2007-12-22,0,0.384399,0.0216338258857493
2007-12-23,0.14,0.345081,0.0267580849519211
2007-12-24,0,0.3718117,0.0225490196484578
2007-12-25,0,0.407578,0.019305067209173
2007-12-26,0,0.4069361,0.0167477810865882
2007-12-27,1.87,0.4828996,0.230249589353154
2007-12-28,0.42,0.6035321,0.201642590583651
2007-12-29,0.32,0.6235852,0.170378979877632
2007-12-30,4.16,0.6364212,0.982538672920443
2007-12-31,1.4,0.6876386,0.702140440418912
2008-01-01,0.03,0.621906,0.315388860251382
2008-01-02,0.03,0.58448,0.179320792252922
2008-01-03,0,0.4672828,0.113354077395364
2008-01-04,1.14,0.5013281,0.24407425145571
2008-01-05,0,0.5589762,0.143946593718691
2008-01-06,16.79,0.7875598,4.84614513646894
2008-01-07,1.87,0.6959366,1.54886328075814
2008-01-08,3.27,0.788749,1.35876000937763
2008-01-09,0.68,0.7426555,0.635014313019896
2008-01-10,4.06,0.6748454,1.26720551771455
2008-01-11,5.15,0.8309017,1.82059037199083
2008-01-12,13.18,1.036875,4.55107769096006
2008-01-13,0.61,0.7670174,1.1607850621509
2008-01-14,0,0.6155949,0.433498623713429
2008-01-15,3.38,0.6886255,0.987123299825719
2008-01-16,8.38,0.8901357,2.72442468480032
2008-01-17,13.9,0.8797913,5.05527860450373
2008-01-18,8.22,0.8656537,3.57543145312122
2008-01-19,2.91,0.9967545,1.68087978391394
2008-01-20,0.95,1.172118,0.780195811440868
2008-01-21,0.28,1.128609,0.390132047508322
2008-01-22,3.37,1.014853,0.969092544627865
2008-01-23,5.01,0.8115083,1.70319056253037
2008-01-24,0,0.6427591,0.553926363520693
2008-01-25,0.79,0.7812077,0.421252205727508
2008-01-26,0.03,0.6253767,0.221196790642869
2008-01-27,0,0.7022861,0.13347594350415
2008-01-28,0,0.7244935,0.0895928521636769
2008-01-29,0,0.797089,0.0645878284795973
2008-01-30,0,0.6987271,0.048985718707382
2008-01-31,2.18,0.6267238,0.371800954182076
2008-02-01,5.25,0.6489212,1.48399169400269
2008-02-02,21.52,0.7490634,7.45386032723711
2008-02-03,0.1,0.6599474,1.34121858262402
2008-02-04,0,0.6299449,0.475988323607086
2008-02-05,9.06,0.8294688,2.74595789578942
2008-02-06,20.58,0.895276,7.53329228983825
2008-02-07,12.38,1.021215,5.39154942994284
2008-02-08,0.03,0.6629166,1.10551509616918
2008-02-09,0,0.70842,0.419893983560127
2008-02-10,0,0.7958283,0.215499959092021
2008-02-11,0,0.8152787,0.130814599820925
2008-02-12,0,0.9415926,0.0881468664556326
2008-02-13,0,0.8856408,0.063716368546682
2008-02-14,0,0.6740624,0.0484196166883569
2008-02-15,0.03,0.6989262,0.0406644663762503
2008-02-16,0,0.7226058,0.0327687423142756
2008-02-17,0,0.6552571,0.0270527253395547
2008-02-18,0,0.6777739,0.0227731850764199
2008-02-19,0,0.7049456,0.0194798734143259
2008-02-20,0,0.7162226,0.0168869478876864
2008-02-21,2.6,0.7442772,0.392175836310299
2008-02-22,0,0.9790944,0.20507148361309
2008-02-23,0,1.192035,0.125883477005554
2008-02-24,0,1.185586,0.0854458590137407
2008-02-25,0,1.000129,0.0620791628254285
2008-02-26,2.12,1.201867,0.388919363745504
2008-02-27,4.58,1.285197,1.32591484294408
2008-02-28,0,1.055688,0.472490113596022
2008-02-29,7.64,1.104381,2.31455569843859
2008-03-01,13.98,1.297897,5.12784084757363
2008-03-02,14.51,1.311042,5.86492341560468
2008-03-03,2.27,1.317964,1.82551127646805
2008-03-04,3.79,1.144552,1.63273773184077
2008-03-05,6.18,0.8297875,2.33302147928062
2008-03-06,0.06,0.8047804,0.687867163033129
2008-03-07,0,0.7896094,0.305325063333581
2008-03-08,0,1.051532,0.170477352225764
2008-03-09,0,1.079973,0.108925476911059
2008-03-10,1.3,1.173151,0.282572416988894
2008-03-11,8.65,1.125538,2.53432446271831
2008-03-12,25.72,1.241975,9.57109406059236
2008-03-13,7.3,1.291372,3.9061119717124
2008-03-14,3.1,1.175764,1.83241448679527
2008-03-15,4.6,1.423751,1.90461519036338
2008-03-16,1.99,1.509442,1.13077055801813
2008-03-17,13.68,1.393486,4.78342818707107
2008-03-18,1.12,1.11256,1.3518647043944
2008-03-19,0.21,1.005028,0.528344660062539
2008-03-20,1.11,0.9537075,0.493611868359012
2008-03-21,3.96,0.9723478,1.24599108467966
2008-03-22,14.98,1.012238,5.32080100559431
2008-03-23,4.63,0.9656111,2.54476738456442
2008-03-24,0,0.8544,0.708985110263317
2008-03-25,4.28,0.8129117,1.45571203204951
2008-03-26,0.83,0.8733795,0.710240969520249
2008-03-27,1.44,1.075798,0.649281519905911
2008-03-28,7.23,1.047708,2.37270446615345
2008-03-29,5.79,1.253853,2.44359954356804
2008-03-30,0,1.425041,0.691831390508768
2008-03-31,3.51,1.584664,1.22040255250911
2008-04-01,2.08,1.558716,0.991495322817309
2008-04-02,0,1.373512,0.390831379360308
2008-04-03,0,1.468333,0.204558769525449
2008-04-04,0,1.390292,0.125639004871414
2008-04-05,0.03,1.42444,0.0890850789957399
2008-04-06,3.9,1.377234,0.904461340654619
2008-04-07,7.38,1.111414,2.54472391760289
2008-04-08,2.31,0.9883765,1.36843698993314
2008-04-09,0,1.064545,0.482165015527129
2008-04-10,3.14,1.20845,1.01329062850056
2008-04-11,0,1.40786,0.396496961169693
2008-04-12,0.28,1.507517,0.259315240964993
2008-04-13,0.58,1.357282,0.253574754267073
2008-04-14,8.4,1.536396,2.50635341693932
2008-04-15,14.78,1.365623,5.67673775460254
2008-04-16,0.69,1.375489,1.33536588608963
2008-04-17,0,1.221062,0.474652659071744
2008-04-18,0,1.254604,0.235364980539617
2008-04-19,0.03,1.742833,0.14469122580553
2008-04-20,3.74,1.660896,0.939127578868207
2008-04-21,0,1.951244,0.376990230195682
2008-04-22,0.26,2.048953,0.247515408439648
2008-04-23,0,2.174279,0.145492954339072
2008-04-24,5.04,2.025521,1.31875824397942
2008-04-25,1.65,2.074031,0.899751112177516
2008-04-26,0,1.909961,0.366359228642909
2008-04-27,0.03,2.157325,0.200430846820708
2008-04-28,0.03,2.335531,0.128106653513644
2008-04-29,11.5,2.059992,3.42648568630266
2008-04-30,4.31,1.869742,2.16724234709867
2008-05-01,3.17,1.863719,1.55855174672774
2008-05-02,1.36,1.690947,0.880872341486455
2008-05-03,0,2.075866,0.361190673242977
2008-05-04,0,2.265371,0.193083691527334
2008-05-05,0,2.499134,0.120115637415879
2008-05-06,0,2.454337,0.0822494142258617
2008-05-07,0,2.760771,0.0601254703857555
2008-05-08,0,2.772447,0.046069101965695
2008-05-09,0,2.752635,0.0365663856137452
2008-05-10,0,2.856082,0.0298284131043625
2008-05-11,0.19,3.075909,0.0393590936872246
2008-05-12,0.15,2.946628,0.0443777001261266
2008-05-13,0.04,2.949599,0.0386905034623044
2008-05-14,0,3.09572,0.0313592887954326
2008-05-15,2.7,3.083371,0.477787997718248
2008-05-16,1.65,2.917915,0.603562819427407
2008-05-17,3.85,3.028585,1.27178792810136
2008-05-18,6.12,2.639001,2.24541495596356
2008-05-19,2.02,2.339387,1.21677006544968
2008-05-20,0,2.383156,0.446984810114136
2008-05-21,0,2.42365,0.225444149274098
2008-05-22,0,2.461305,0.135445730478438
2008-05-23,0,2.606313,0.0906579096330624
2008-05-24,0,2.867994,0.065227512709911
2008-05-25,1.17,2.629301,0.214479589030908
2008-05-26,1.54,3.350946,0.425057171187712
2008-05-27,1.75,3.523205,0.600104155914914
2008-05-28,3.7,3.655748,1.21893177787334
2008-05-29,3.92,3.761087,1.52114374316753
2008-05-30,44.47,3.50933,16.7183454487875
2008-05-31,5.93,3.697579,4.03093952102499
2008-06-01,0,3.368706,0.929781151048471
2008-06-02,0,3.454565,0.374484705106406
2008-06-03,0.52,3.971857,0.297369942808104
2008-06-04,0.03,3.45583,0.172121692774676
2008-06-05,0,3.141066,0.109754095859394
2008-06-06,6.47,3.078773,1.69285384572812
2008-06-07,6.19,3.13277,2.39821007657585
2008-06-08,0.92,2.787799,0.931821512437833
2008-06-09,2.18,3.755817,0.924879680627381
2008-06-10,0,4.159685,0.373166361558356
2008-06-11,0,4.07287,0.197760210350147
2008-06-12,0,3.136269,0.122378744169758
2008-06-13,9.25,2.231893,2.60451616089708
2008-06-14,1.04,2.320891,1.00216440049343
2008-06-15,4.75,2.339798,1.71133693267934
2008-06-16,0,2.462896,0.555585766488559
2008-06-17,0,2.820332,0.263165497498318
2008-06-18,0,3.041625,0.152436966924484
2008-06-19,0,3.119525,0.0996708740617557
2008-06-20,4.62,3.22411,1.11025913919572
2008-06-21,0,3.121795,0.42107352159346
2008-06-22,0,3.957402,0.21593790414376
2008-06-23,7.5,3.921468,2.13095562179786
2008-06-24,0,3.118923,0.636487366225082
2008-06-25,0,3.932298,0.289380591913616
2008-06-26,2.13,3.92766,0.615072046357513
2008-06-27,0,3.264205,0.282579627282457
2008-06-28,0.95,2.940106,0.337949162945806
2008-06-29,0.07,3.492742,0.195787997194668
2008-06-30,0,3.630979,0.121426397636875
2008-07-01,0,3.509337,0.0829794163926334
2008-07-02,0,3.987754,0.0605732266882624
2008-07-03,16.77,4.305755,5.02539843510726
2008-07-04,11.97,3.173422,5.0026771801824
2008-07-05,1.13,2.994688,1.37972695611714
2008-07-06,0.13,3.229766,0.515269680186615
2008-07-07,0,3.301082,0.249531908730616
2008-07-08,9.3,2.906226,2.73747780095164
2008-07-09,2.43,2.796363,1.42596597773329
2008-07-10,0,3.03377,0.495036438621111
2008-07-11,0,3.840116,0.242531438707945
2008-07-12,2.24,3.249845,0.607131983952577
2008-07-13,0,2.98676,0.280033622889107
2008-07-14,0,2.936294,0.159766526849601
2008-07-15,0,3.006315,0.103467991681733
2008-07-16,0,3.390598,0.072782169174975
2008-07-17,1.09,3.188794,0.205980631649064
2008-07-18,0.4,2.974626,0.189020170738899
2008-07-19,0.21,3.080645,0.148963988776271
2008-07-20,7.19,3.261246,1.9217594098716
2008-07-21,0.21,2.597297,0.649075177846241
2008-07-22,1.34,2.307831,0.591490410555485
2008-07-23,0.06,2.812069,0.286640013086184
2008-07-24,0,3.277093,0.162595612085502
2008-07-25,0,3.537541,0.104919812098413
2008-07-26,0,3.927065,0.0736229083896801
2008-07-27,2.42,3.987414,0.475494642646371
2008-07-28,0.06,3.798034,0.246655497446085
2008-07-29,1.85,4.33812,0.508734194817817
2008-07-30,0,3.829969,0.247282688635514
2008-07-31,0,4.094183,0.145388603259126
2008-08-01,0,4.489154,0.0959689380059214
2008-08-02,1.8,3.655958,0.365191476831298
2008-08-03,1.33,3.235747,0.458648339721649
2008-08-04,0.73,3.530902,0.372010086526331
2008-08-05,19.38,3.289647,6.22383694281478
2008-08-06,0,3.059017,1.18863353839751
2008-08-07,0,3.816206,0.440242922400707
2008-08-08,1.47,3.372968,0.52847275301721
2008-08-09,12.14,2.922485,3.82195476445962
2008-08-10,0,3.065935,0.901599683996105
2008-08-11,0.59,3.044565,0.496571100009139
2008-08-12,0.17,3.0177,0.274786060961907
2008-08-13,10.38,3.14744,3.04473799412619
2008-08-14,0.12,2.845515,0.820329110016315
2008-08-15,0,2.63938,0.344283907270061
2008-08-16,0,2.581485,0.186384048057184
2008-08-17,0,2.573532,0.116843454061145
2008-08-18,3.53,2.644942,0.79894016790444
2008-08-19,0,3.151406,0.338183986292062
2008-08-20,2,3.057616,0.598495693453219
2008-08-21,2.14,2.546305,0.763223431219464
2008-08-22,0,2.659502,0.327840819496767
2008-08-23,17.94,2.472761,5.66339366110831
2008-08-24,0.82,2.336311,1.36110093945982
2008-08-25,4.22,2.28043,1.61972021625406
2008-08-26,0.73,2.543905,0.714455416919045
2008-08-27,0,2.736315,0.313381999586024
2008-08-28,0,2.422829,0.173823517393669
2008-08-29,0,2.708872,0.110609169014121
2008-08-30,0,2.834149,0.0768889997308861
2008-08-31,0,2.963003,0.0568081802401234
2008-09-01,0,3.136793,0.0438712336953982
2008-09-02,0,2.765324,0.0350325387474043
2008-09-03,8.98,2.591131,2.21368399491141
2008-09-04,5.54,2.02723,2.23835243568142
2008-09-05,0,2.087481,0.655920759352752
2008-09-06,22.84,2.234071,7.64394122711292
2008-09-07,2.08,2.491171,1.95354331433131
2008-09-08,5.07,2.183521,2.04175494528149
2008-09-09,0,2.223232,0.619981630707382
2008-09-10,0.48,2.357897,0.381590081565547
2008-09-11,0.05,2.711845,0.209607616057753
2008-09-12,1.02,2.571753,0.303231843057304
2008-09-13,19.29,2.192404,6.1494773135201
2008-09-14,17.53,1.801987,7.07771458151299
2008-09-15,0,1.65603,1.2759512546818
2008-09-16,0,1.569091,0.460938304131035
2008-09-17,0,1.723211,0.230476089692395
2008-09-18,0,1.538599,0.137763814861585
2008-09-19,0,1.440773,0.0919057338429119
2008-09-20,0,1.624273,0.065974624030902
2008-09-21,0,1.499982,0.0498831808785807
2008-09-22,0,1.462788,0.0391956869699184
2008-09-23,0,1.543511,0.031721191866896
2008-09-24,1.27,1.557238,0.177059927612489
2008-09-25,0.03,1.743072,0.11632335625278
2008-09-26,0,1.777951,0.0801251525228511
2008-09-27,0,1.691646,0.0588171287092933
2008-09-28,0,1.566538,0.0452053629387141
2008-09-29,0,1.479006,0.0359652743613319
2008-09-30,0.09,1.403472,0.03610658327997
2008-10-01,12.24,1.423459,3.30817289396638
2008-10-02,10.71,1.603801,4.20675372308369
2008-10-03,7.7,1.331589,3.34921423562127
2008-10-04,2.2,1.207945,1.45504009646968
2008-10-05,0.46,1.28195,0.611305952643941
2008-10-06,19.77,1.357242,6.62510218143641
2008-10-07,18.28,1.796667,7.48888051726661
2008-10-08,0.39,1.851831,1.43158367452494
2008-10-09,3.01,1.693426,1.30441655625031
2008-10-10,0,1.541978,0.467544475166983
2008-10-11,0,1.505726,0.232837964391286
2008-10-12,0,1.464269,0.138846152022798
2008-10-13,0,1.640103,0.0924863242061518
2008-10-14,0.03,1.684482,0.0696080846428324
2008-10-15,0,1.723606,0.0522152340193511
2008-10-16,6.44,1.607637,1.54071260556248
2008-10-17,6.29,1.359308,2.35304442501746
2008-10-18,0,1.061353,0.676177683934411
2008-10-19,0,0.9860402,0.301741967947875
2008-10-20,0,1.017413,0.168979281005824
2008-10-21,0,1.192877,0.108168468733296
2008-10-22,8.05,1.485108,2.1544737434763
2008-10-23,0,1.128306,0.640783017013116
2008-10-24,0,1.0494,0.290733453243118
2008-10-25,0.56,1.046068,0.263572977994064
2008-10-26,0.03,1.328017,0.157337191674434
2008-10-27,0.36,1.20419,0.15439591337473
2008-10-28,16.64,1.214173,5.16939453296549
2008-10-29,0.09,0.8992387,1.09702739590833
2008-10-30,0.03,0.8252401,0.424499568340483
2008-10-31,6.76,0.8487676,2.05529048944049
2008-11-01,6.67,0.9492341,2.62996684815238
2008-11-02,5.93,1.065562,2.51880924565157
2008-11-03,0,1.212667,0.704616358246982
2008-11-04,0,1.21,0.310415309324813
2008-11-05,0,1.229064,0.17259497502612
2008-11-06,0.04,1.220242,0.115552954284634
2008-11-07,0,1.106355,0.0796913532864846
2008-11-08,0.22,1.076346,0.0832538381201729
2008-11-09,0.12,1.066963,0.073923046986183
2008-11-10,16.72,1.144974,5.09969918673949
2008-11-11,3.07,1.35316,1.99749880048697
2008-11-12,7.76,1.217076,2.99625949188985
2008-11-13,2.81,0.984596,1.59814576293391
2008-11-14,0,0.9072889,0.532182785589072
2008-11-15,0,0.8128485,0.25530105637134
2008-11-16,0,1.049573,0.148965368692647
2008-11-17,1.05,1.131416,0.272996184296943
2008-11-18,0,0.722122,0.156727473523831
2008-11-19,0.15,0.7668845,0.122817184810186
2008-11-20,0.06,0.932976,0.091248232939627
2008-11-21,0.45,1.017081,0.123048216771647
2008-11-22,3.59,0.8411904,0.857023566973083
2008-11-23,5.45,0.5957714,1.87666192355594
2008-11-24,6.59,0.5635995,2.57853904478275
2008-11-25,1.93,0.6263418,1.2566654467462
2008-11-26,0.24,0.5752641,0.513180573231541
2008-11-27,0,0.583843,0.248814156913695
2008-11-28,0.11,0.587428,0.163675722574507
2008-11-29,0,0.5019052,0.105472118838696
2008-11-30,0,0.5312045,0.0739419552828523
2008-12-01,9.93,0.603584,2.76424190919684
2008-12-02,8.54,0.5807372,3.46328180691335
2008-12-03,6.06,0.6438079,2.75112236889664
2008-12-04,16.63,0.5693876,6.41654619750246
2008-12-05,12.41,0.5931328,5.48040616936013
2008-12-06,14.54,0.7686026,6.16655199328293
2008-12-07,2.09,0.7174219,1.83502825598406
2008-12-08,0.35,0.6800738,0.670832342480695
2008-12-09,0,0.4742816,0.300094958045329
2008-12-10,1.35,0.5283458,0.445906605138008
2008-12-11,0,0.5824368,0.225052837449415
2008-12-12,0,0.5523222,0.135264760073476
2008-12-13,0,0.5418535,0.0905602415655206
2008-12-14,0,0.4912891,0.0651689293771032
2008-12-15,1.34,0.5968961,0.25276590891493
2008-12-16,0,0.6298593,0.147838634120292
2008-12-17,0,0.5125397,0.0972615014859886
2008-12-18,3.14,0.4948456,0.72366153338992
2008-12-19,0.18,0.5711073,0.355000008722857
2008-12-20,0.82,0.6786007,0.354447962561125
2008-12-21,2.84,0.8044328,0.866574580039476
2008-12-22,0.42,0.9259063,0.453358074125055
2008-12-23,0.46,0.8907094,0.320399320670905
2008-12-24,0,0.7651861,0.176713215550251
2008-12-25,0,0.6401317,0.112055298067579
2008-12-26,0,0.6911374,0.0777120980953925
2008-12-27,0,0.5303401,0.0573209835326762
2008-12-28,0,0.4579273,0.0442127002347545
2008-12-29,0,0.4541913,0.0352717675037236
2008-12-30,0,0.4023186,0.0288878843320137
2008-12-31,0,0.3799093,0.0241612666273958
2009-01-01,1.31,0.4981534,0.180065062382603
2009-01-02,0,0.5284282,0.113723722737443
2009-01-03,0,0.4171373,0.0786582424556103
2009-01-04,0,0.4748072,0.0579088890992126
2009-01-05,0,0.4247358,0.0446033990501563
2009-01-06,0.8,0.4707253,0.130803222398791
2009-01-07,0,0.3720257,0.088140667290105
2009-01-08,0,0.2919532,0.0637126249959675
2009-01-17,0.42,0.5584137,0.0969717992685846
2009-01-18,1.32,0.6813924,0.285325371129594
2009-01-19,22.13,0.7308494,7.62091412419685
2009-01-20,12.78,0.8144309,5.82564403954711
2009-01-21,1.41,0.6632489,1.58199120850472
2009-01-22,0.06,0.6236257,0.543801423541897
2009-01-23,4.57,0.6471815,1.5036074682983
2009-01-24,33.84,0.7914717,13.0394958074132
2009-01-25,0,0.6569303,1.76878022327625
2009-01-26,0,0.5699618,0.567182087074952
2009-01-27,0,0.5521673,0.267013354264458
2009-01-28,0,0.5509913,0.154122713652048
2009-01-29,0,0.5108741,0.100548835472786
2009-01-30,0,0.5765682,0.0710824634478787
2009-01-31,0,0.5665488,0.0531537593393614
2009-02-01,0,0.5220466,0.041419112788464
2009-02-02,0,0.5541468,0.033304317620261
2009-02-03,2.77,0.6129549,0.52703875671256
2009-02-04,2.17,0.6787131,0.785819966945944
2009-02-05,0.51,0.666439,0.452175454979642
2009-02-06,0.96,0.7441937,0.435945460951107
2009-02-07,0.07,0.812506,0.234925598488026
2009-02-08,0.25,0.7806473,0.181973542312973
2009-02-09,0,0.678167,0.114669448584571
2009-02-10,15.43,0.6765619,4.99342772500368
2009-02-11,20.33,0.8420598,8.51671942560568
2009-02-12,4.13,0.6997881,2.8108187618327
2009-02-13,0.9,0.6415553,1.01277621131954
2009-02-14,0.18,0.6504734,0.439221405438017
2009-02-15,0.41,0.6711149,0.306689725357197
2009-02-16,0.42,0.552574,0.250324532825996
2009-02-17,2.34,0.7636287,0.679044315933379
2009-02-18,3.1,0.9284083,1.1362172493564
2009-02-19,0,0.6204886,0.427488036840992
2009-02-20,0.2,0.6515353,0.257917933211419
2009-02-21,0.37,0.8463477,0.216437016621201
2009-02-22,0.16,0.9237023,0.15740811258
2009-02-23,0.76,0.9415536,0.231786963195618
2009-02-24,3.07,0.9503117,0.869581435237789
2009-02-25,0,0.9155488,0.358076575879962
2009-02-26,0,0.7839816,0.191858384526094
2009-02-27,0.03,0.9587813,0.124092300631908
2009-02-28,0.23,1.007072,0.116619982934753
2009-03-01,0,1.191543,0.0802919725850896
2009-03-02,0.53,1.088806,0.129850945096001
2009-03-03,0,1.150314,0.0876212719877224
2009-03-04,0,0.8627117,0.0633987447569611
2009-03-05,12.68,0.9743282,3.90800227599707
2009-03-06,0.84,0.9225834,1.16527040149853
2009-03-07,0.99,0.9523436,0.690338735074119
2009-03-08,0,0.939773,0.30607941358894
2009-03-09,5.36,1.143397,1.64179313939534
2009-03-10,3.37,0.9731626,1.53993236071833
2009-03-11,8.83,1.015949,3.41422011960597
2009-03-12,0.06,1.048857,0.86155359295589
2009-03-13,0.48,1.019982,0.470065469084328
2009-03-14,0.72,1.293924,0.389872355947009
2009-03-15,0.19,1.283224,0.241031727658518
2009-03-16,0,1.359721,0.142573321972003
2009-03-17,0,1.362313,0.0944759321075333
2009-03-18,0,1.166164,0.0675056361065516
2009-03-19,0,1.158998,0.0508691960933527
2009-03-20,0,1.102972,0.0398689636803964
2009-03-21,0,0.983947,0.0322022337665577
2009-03-22,0,1.010108,0.0266342178885491
2009-03-23,0,1.030969,0.0224546704826596
2009-03-24,7.42,1.207847,1.91519779701336
2009-03-25,3.03,1.04511,1.49769978076265
2009-03-26,9.97,0.9790548,3.82064410454208
2009-03-27,8.64,1.175474,3.86197591581785
2009-03-28,6.76,1.249385,3.18304121044749
2009-03-29,7.82,1.244052,3.45361240350463
2009-03-30,0.22,1.239028,0.91426670807378
2009-03-31,0,1.257783,0.370301327487117
2009-04-01,0,1.32152,0.196646483842726
2009-04-02,0,1.635394,0.121841313591852
2009-04-03,0,1.998539,0.0832100498897061
2009-04-04,0,1.927537,0.0607144936354603
2009-04-05,0,1.846024,0.0464566670857159
2009-04-06,0,1.729523,0.0368354135933196
2009-04-07,0,1.879651,0.0300231395858716
2009-04-08,0.04,1.726466,0.0279361661625551
2009-04-09,2.02,1.751832,0.34291252024403
2009-04-10,0.75,2.091525,0.338861494327473
2009-04-11,0,2.379295,0.184210221608898
2009-04-12,0.58,2.365185,0.215233400534611
2009-04-13,0,2.273704,0.130689522202152
2009-04-14,0,2.278798,0.0880787077377488
2009-04-15,0,2.300572,0.0636752053547324
2009-04-16,0,2.3718,0.0483928357777004
2009-04-17,3.56,1.90995,0.782210029334151
2009-04-18,15.77,1.691137,5.72237066661741
2009-04-19,5.1,1.740955,2.84784385306739
2009-04-20,0.18,2.139026,0.809317839800276
2009-04-21,0,2.229018,0.341152187564745
2009-04-22,0,2.324557,0.18513007163867
2009-04-23,0,2.078975,0.116226977953466
2009-04-24,0,1.648623,0.0800709257849782
2009-04-25,0,1.794894,0.058783623958762
2009-04-26,0.46,1.865264,0.0997257589650214
2009-04-27,6.76,2.318762,1.87934221317012
2009-04-28,1.71,1.983741,1.07468501554724
2009-04-29,2.46,1.786177,1.08793276652406
2009-04-30,7.16,1.590243,2.65407271615113
2009-05-01,0,1.930967,0.727143374213583
2009-05-02,0.75,2.3378,0.493530883712445
2009-05-03,0,2.708936,0.242006099579803
2009-05-04,0,2.077851,0.143013736518803
2009-05-05,0,1.902105,0.0947100462851258
2009-05-06,0.44,1.818944,0.127754726635125
2009-05-07,0,2.122687,0.0864742091453532
2009-05-08,0,2.36927,0.0627039483851636
2009-05-09,1.77,2.434079,0.348071102676472
2009-05-10,4.72,2.094593,1.45602859248045
2009-05-11,3.48,2.453522,1.51770414990768
2009-05-12,12.49,2.420822,4.74095244932492
2009-05-13,10.29,2.145917,4.6066978003433
2009-05-14,0,2.610996,1.003724737973
2009-05-15,18.19,2.775262,6.77215237106351
2009-05-16,4.95,2.446969,2.92442404337014
2009-05-17,0.25,2.197536,0.84171992662903
2009-05-18,1.37,2.456547,0.696823918288624
2009-05-19,0,2.339,0.3080534442199
2009-05-20,0,2.561159,0.171613934177416
2009-05-21,0,2.958158,0.109498481071051
2009-05-22,4.02,3.057369,1.0221366085724
2009-05-23,0,2.734146,0.398781055241704
2009-05-24,0,2.907868,0.207580968950255
2009-05-25,0,3.913302,0.127077261900078
2009-05-26,0,4.20187,0.0861023883375867
2009-05-27,1.01,2.944525,0.218799655069104
2009-05-28,0,2.174284,0.132358821502295
2009-05-29,0.68,2.622108,0.197300016212728
2009-05-30,0,2.931649,0.122156792196508
2009-05-31,0,2.895581,0.0833852678406655
2009-06-01,0,2.892344,0.0608217552449715
2009-06-02,0,3.310001,0.0465271572288638
2009-06-03,0,3.607307,0.0368842983705406
2009-06-04,0,2.896547,0.0300584968075851
2009-06-05,0,2.329021,0.0250395767500207
2009-06-06,0,2.304042,0.0212341287178325
2009-06-07,1.87,2.10746,0.284377322231829
2009-06-08,6.38,2.410382,1.92862688613793
2009-06-09,1.94,2.655424,1.14687706976818
2009-06-10,2.03,3.00336,0.972320681273281
2009-06-11,13.09,2.789467,4.71135628792604
2009-06-12,6.23,2.703289,3.07897519984365
2009-06-13,0,2.706008,0.794411184777416
2009-06-14,0,3.054897,0.336883472005101
2009-06-15,2.03,3.646948,0.644737296482822
2009-06-16,26.93,3.054263,9.93051581947699
2009-06-17,1.2,2.916752,1.92478042697335
2009-06-18,0,3.165088,0.597798857370935
2009-06-19,0,3.165592,0.277023584165705
2009-06-20,0,2.899616,0.158469913827298
2009-06-21,0.5,2.424626,0.182523990001417
2009-06-22,5.11,2.306557,1.42782572369905
2009-06-23,0,2.570292,0.495448487365064
2009-06-24,0,3.037999,0.24267510772615
2009-06-25,0,3.666297,0.143315786740855
2009-06-26,0,4.08087,0.0948704901455895
2009-06-27,0,3.896434,0.0677397432204916
2009-06-28,4.36,3.516741,1.03249689064477
2009-06-29,0.19,3.851752,0.446000095886608
2009-06-30,3.32,4.325484,1.06740773644447
2009-07-01,0,4.590717,0.410335778682211
2009-07-02,0,4.611983,0.211933868060288
2009-07-03,0,4.923543,0.129137133654552
2009-07-04,0.33,4.393494,0.133995353598532
2009-07-05,0,4.346181,0.0898741204616852
2009-07-06,0.22,4.249085,0.091398233000563
2009-07-07,9.25,3.612511,2.62990033102864
2009-07-08,4.31,2.889095,2.03470883291912
2009-07-09,7.1,2.987057,2.84565006760312
2009-07-10,3.41,2.577553,1.78499852155603
2009-07-11,0.05,2.505075,0.583104899101368
2009-07-12,0,2.786487,0.272245800587875
2009-07-13,4.19,3.123471,1.20138659202181
2009-07-14,4.31,3.615325,1.67552714180472
2009-07-15,0,3.802904,0.548263132199269
2009-07-16,0,3.788282,0.260719186668435
2009-07-17,0,3.844505,0.151360893393143
2009-07-18,4.98,3.326695,1.3191143155021
2009-07-19,1.22,2.89138,0.784057840680951
2009-07-20,5.51,2.987741,1.89890256743658
2009-07-21,0.16,3.315642,0.633786358249858
2009-07-22,9.65,4.311081,3.22548811136288
2009-07-23,5.99,4.281851,2.70678915829594
2009-07-24,8.85,3.467221,3.6034469664954
2009-07-25,3.42,3.112767,1.91679107900109
2009-07-26,0.59,2.964768,0.751279016519355
2009-07-27,0,3.303321,0.324336352707029
2009-07-28,2.58,3.164488,0.772641673362707
2009-07-29,0,3.047309,0.330587802805876
2009-07-30,9.48,3.582638,2.96850920949272
2009-07-31,0.08,3.123845,0.799202063109775
2009-08-01,0,2.961106,0.338259094371305
2009-08-02,0,3.487834,0.183967950563049
2009-08-03,9.39,3.043829,2.79098415741144
2009-08-04,0.63,2.967963,0.923088324045386
2009-08-05,0,3.08849,0.372683782672007
2009-08-06,0,3.394183,0.197572837928466
2009-08-07,0,3.823559,0.122288393907343
2009-08-08,0.15,3.863287,0.102980146683979
2009-08-09,0,3.549021,0.0724989810554395
2009-08-10,0,3.526416,0.0540513374716811
2009-08-11,0,3.736363,0.0420244770188328
2009-08-12,1.65,3.35621,0.274392069522152
2009-08-13,0,3.343398,0.157332388830046
2009-08-14,30.19,3.129776,10.4333597079968
2009-08-15,0,2.944408,1.57303251616393
2009-08-16,0,3.172161,0.526885687237557
2009-08-17,0,3.704509,0.25350208021312
2009-08-18,0,3.453029,0.148166211330557
2009-08-19,0,3.122391,0.0974338518845438
2009-08-20,0,3.664809,0.0692548120812244
2009-08-21,2.08,4.415073,0.409221576890335
2009-08-22,5.15,2.893412,1.56654349417345
2009-08-23,0,2.789335,0.525510528640888
2009-08-24,0,2.830374,0.253033887604956
2009-08-25,0,3.23881,0.147957914712702
2009-08-26,2.52,3.113473,0.606734280618768
2009-08-27,0,2.899563,0.279905743535366
2009-08-28,0,3.16247,0.159711538919661
2009-08-29,0.17,2.683121,0.127429565199723
2009-08-30,0,2.244487,0.0862958150010724
2009-08-31,0,2.166915,0.0625956921007672
2009-09-01,0,2.650404,0.0476891617435941
2009-09-02,11.1,2.558096,3.07618593413791
2009-09-03,0.46,2.521474,0.91920365995555
2009-09-04,11.03,2.443825,3.77589435075724
2009-09-05,15.91,1.931925,6.30300749194172
2009-09-06,0,2.043467,1.19698906143306
2009-09-07,0,1.951387,0.442252489292335
2009-09-08,0,2.27679,0.223723955725158
2009-09-09,0,2.516431,0.134649425212188
2009-09-10,0,2.670638,0.0902278762076369
2009-09-11,0.13,2.524838,0.0798728552144122
2009-09-12,0,2.304254,0.0586611979354122
2009-09-13,0,2.255469,0.0451021536572577
2009-09-14,0.23,1.891005,0.0569686497363033
2009-09-15,1.65,1.85738,0.295722492715897
2009-09-16,0,2.043344,0.166448471789145
2009-09-17,0,2.336488,0.106885000883436
2009-09-18,0,2.48835,0.0747561618987836
2009-09-19,0,2.431557,0.0554734369982415
2009-09-20,0.65,2.425047,0.118608175325862
2009-09-21,0.23,2.541699,0.111153420515707
2009-09-22,0,2.51324,0.0771991042277107
2009-09-23,0,2.130404,0.0570015290450188
2009-09-24,0,2.048132,0.0440000556861453
2009-09-25,0,2.136672,0.0351228309219512
2009-09-26,0,1.807652,0.0287793109143985
2009-09-27,0,1.744725,0.0240795269055781
2009-09-28,0,1.806492,0.0204938894823119
2009-09-29,0,1.737427,0.0176910982407046
2009-09-30,0,1.9004,0.0154551379213444
2009-10-01,0.05,2.088927,0.0161103440462599
2009-10-02,0,1.704401,0.0141750347548719
2009-10-03,0,1.398388,0.0125876233828744
2009-10-04,0,1.361371,0.0112678040106678
2009-10-05,0.79,1.736741,0.0701956298690468
2009-10-06,16.58,1.611057,4.98734618199293
2009-10-07,3.44,2.17422,2.09098286817984
2009-10-08,4.29,2.514847,1.86264324540075
2009-10-09,7.33,2.106764,2.79346688844193
2009-10-10,0.03,1.651734,0.757630303568801
2009-10-11,10.96,1.763238,3.64619308148905
2009-10-12,11.68,1.523339,4.70015412513037
2009-10-13,3.97,1.425926,2.23229505347296
2009-10-14,0.55,1.263709,0.798592390692335
2009-10-15,0,0.9227384,0.338084232185908
2009-10-16,0,0.8372267,0.183897596046906
2009-10-17,0.47,1.013969,0.18941665695033
2009-10-18,2.54,1.11932,0.646533410040309
2009-10-19,0,0.9196151,0.292538661243847
2009-10-20,0,0.8473702,0.165102609086568
2009-10-21,0,1.016953,0.106200087207143
2009-10-22,0.1,1.374926,0.0863312259977053
2009-10-23,0.44,1.216016,0.117444099575837
2009-10-24,0,1.176927,0.0807548528939991
2009-10-25,4.47,1.266465,1.03661061393892
2009-10-26,0.56,1.360998,0.532331685183095
2009-10-27,0.05,1.25101,0.264987291325647
2009-10-28,0,1.286191,0.153236130441483
2009-10-29,0,1.015541,0.100087441281166
2009-10-30,0,1.051226,0.070812666345583
2009-10-31,0,1.129001,0.0529823470547633
2009-11-01,0,1.032294,0.0413032721549332
2009-11-02,20.83,1.156498,6.51295842821138
2009-11-03,6.45,1.144117,3.30436428026455
2009-11-04,12.17,1.024777,4.84379694787793
2009-11-05,10.72,1.058499,4.59943414337222
2009-11-06,3.44,1.012393,2.05908984747199
2009-11-07,1.53,1.027264,1.03929136169273
2009-11-08,9.83,0.9694805,3.4423156665899
2009-11-09,0,0.9081361,0.848303119197549
2009-11-10,0.68,0.9466661,0.508314891192052
2009-11-11,0.4,0.9018559,0.328056679181054
2009-11-12,0,0.802691,0.179840933400243
2009-11-13,0.44,0.8808149,0.18289579697046
2009-11-14,0.28,1.266484,0.157882975861087
2009-11-15,3.53,1.267145,0.890992286550244
2009-11-16,2.45,1.136858,0.992212584444884
2009-11-17,13.31,1.21371,4.67382285304747
2009-11-18,11.27,1.138559,4.81304856238308
2009-11-19,0,1.074777,1.02904347298345
2009-11-20,0,0.9915159,0.400558382422452
2009-11-21,0,0.9228478,0.208253565708895
2009-11-22,0.21,1.127094,0.160429641868386
2009-11-23,4.53,1.124333,1.19006467534307
2009-11-24,24.24,1.063332,8.92572992179603
2009-11-25,7.41,1.147095,3.97066125047939
2009-11-26,8.44,1.082727,3.71722067340756
2009-11-27,7.14,0.9823672,3.21730596417125
2009-11-28,10.81,0.9250795,4.45726065885003
2009-11-29,18.35,0.9301861,7.56020975338151
2009-11-30,5.78,0.966407,3.27654154245461
2009-12-01,0.33,0.810569,0.91815594937708
2009-12-02,2.78,0.7297961,1.12213111905192
2009-12-03,5.76,0.7424351,2.15633386161504
2009-12-04,20.28,0.8859177,7.90525823021427
2009-12-05,0,0.6863083,1.35531635249191
2009-12-06,10.46,0.767214,3.9304384285494
2009-12-07,13.32,0.979632,5.62839225937309
2009-12-08,2.62,0.802062,1.97126880520431
2009-12-09,8.31,0.8043016,3.34698350257955
2009-12-10,1.23,0.7992892,1.20298892615449
2009-12-11,6.79,0.9395251,2.57750942065829
2009-12-12,1.91,0.8305926,1.28382488736249
2009-12-13,0.1,0.6603587,0.487670179230041
2009-12-14,0.29,0.5729269,0.300332449659913
2009-12-15,0,0.4644361,0.168388262565498
2009-12-16,0,0.4829431,0.107869259967061
2009-12-17,0,0.4667883,0.0753217110637985
2009-12-18,0,0.4009569,0.055828205518543
2009-12-19,0,0.4173667,0.0432169121683171
2009-12-20,0.49,0.2637233,0.0882202366552972
2009-12-21,6.53,0.3118097,1.79978650714891
2009-12-22,5.62,0.4667029,2.35170179757107
2009-12-23,15.94,0.6197243,6.38334706583149
2009-12-24,0,0.5673743,1.20541087562891
2009-12-25,6.54,0.5962517,2.51045886558643
2009-12-26,7.98,0.6521371,3.39370807752234
2009-12-27,0,0.5833494,0.841266595894947
2009-12-28,8.93,0.5283053,3.24468566656943
2009-12-29,0.2,0.596746,0.877898081466535
2009-12-30,13.94,0.6006402,5.17847928868802
2009-12-31,4.82,0.9727193,2.71200335856879
