"Date","P","E","MI_Q_sim"
2004-09-02,0,2.113637,0
2004-09-03,0,2.284305,0
2004-09-04,0,2.757288,0
2004-09-05,0,2.852728,0
2004-09-06,0,2.882288,0
2004-09-07,0,2.759263,0
2004-09-08,0,2.680601,0
2004-09-09,0,2.677378,0
2004-09-10,0,2.387042,0
2004-09-11,0,2.376496,0
2004-09-12,2.56,2.716567,0.032328062108313
2004-09-13,0.4,2.149183,0.000861208205571545
2004-09-14,0,2.107571,2.44447419982135e-06
2004-09-15,1.41,1.976001,0.00817915190690486
2004-09-16,0.28,1.704098,0.000418604454729336
2004-09-17,0,1.448402,2.92507522213933e-06
2004-09-18,0,1.587894,1.57216890710251e-08
2004-09-19,0,1.871197,5.65851852717383e-11
2004-09-20,2.26,1.978648,0.0589211084691579
2004-09-21,0,1.634728,0.000401142280312917
2004-09-22,1.32,1.840719,0.00971532468723499
2004-09-23,1.79,1.640583,0.071221248501441
2004-09-24,14.07,1.869767,9.51789610065807
2004-09-25,0.45,1.48158,0.748121215775538
2004-09-26,0.67,1.552072,0.0624669740944584
2004-09-27,0.19,1.701439,0.00105588437300098
2004-09-28,0.17,1.707937,6.64032138462279e-05
2004-09-29,0.22,1.918793,3.77710127999606e-05
2004-09-30,0.24,1.802173,5.03924140023855e-05
2004-10-01,0,1.592697,2.73074737177479e-07
2004-10-02,1.83,1.870887,0.027837555492392
2004-10-03,0,1.646764,0.000172061857048991
2004-10-04,0,1.448458,1.18421538349858e-06
2004-10-05,0,1.877995,4.24340686645858e-09
2004-10-06,0.18,2.073062,1.03223407584332e-05
2004-10-07,6.15,1.500013,2.62176624981994
2004-10-08,0,1.218998,0.131670803363861
2004-10-09,0.46,1.205347,0.0147169495372482
2004-10-10,1.81,1.369293,0.136927065075683
2004-10-11,0,1.256048,0.00212013946414908
2004-10-12,0.03,1.158983,4.41170244049036e-05
2004-10-13,0.09,1.209478,1.4101113262772e-05
2004-10-14,0,1.27022,1.28512837977279e-07
2004-10-15,12.23,1.358412,7.88912911435814
2004-10-16,6.52,1.145263,5.62894259108232
2004-10-17,7.73,1.05341,6.47571196892849
2004-10-18,8.21,1.068011,6.99633317686269
2004-10-19,3.43,1.118989,2.97080006512987
2004-10-20,0,1.071919,0.204833024509375
2004-10-21,26.45,1.69434,21.2990323875508
2004-10-22,6.71,1.454203,6.57673288479187
2004-10-23,0,1.153814,0.468734576613606
2004-10-24,0,1.585888,0.00521283547360738
2004-10-25,1.91,1.457917,0.116955333004955
2004-10-26,0.13,1.476742,0.0021236583562062
2004-10-27,0,1.06086,3.21090962718633e-05
2004-10-28,1.34,1.060081,0.0447270976009689
2004-10-29,11.48,1.32757,7.65510390739741
2004-10-30,9.61,1.257509,8.19883768625717
2004-10-31,1.02,1.106807,1.27565163837462
2004-11-01,0,1.089128,0.0612668920623906
2004-11-02,0.51,1.114508,0.0122936923465936
2004-11-03,2.28,1.132146,0.404796180233061
2004-11-04,0.87,1.165112,0.123328173783667
2004-11-05,7.84,1.214399,4.77947816179884
2004-11-06,0,0.9872853,0.406555614587297
2004-11-07,5.06,0.9161867,3.03051339631015
2004-11-08,0.3,0.8776983,0.431208816620965
2004-11-09,2.13,0.7714481,0.971895367023676
2004-11-10,0,0.6820809,0.109794606999871
2004-11-11,7.52,0.6343335,5.00964471681792
2004-11-12,0.06,0.6871911,0.631759264707285
2004-11-13,0.32,0.7144714,0.137016209321065
2004-11-14,0.25,0.7467596,0.0229901594623523
2004-11-15,0.03,0.6498458,0.00157744481701603
2004-11-16,0,0.5261134,0.000100313283755078
2004-11-17,0.13,0.7804892,0.000102838832422238
2004-11-18,1.38,0.9692749,0.0653914665494671
2004-11-19,8.88,0.9393669,5.80501581714798
2004-11-20,5.37,0.6592451,4.83237062604264
2004-11-21,0,0.4911742,0.699460823836168
2004-11-22,1.16,0.5215181,0.648544991026056
2004-11-23,1.51,0.9227881,0.589910395946418
2004-11-24,3.09,0.943699,1.59842657052448
2004-11-25,0,0.5339188,0.255019011923599
2004-11-26,0,0.4981881,0.0354169800953338
2004-11-27,0.03,0.6245914,0.00271881068963041
2004-11-28,4.11,0.839671,1.70884748525312
2004-11-29,0.04,0.8040129,0.181838659736267
2004-11-30,0,0.7893474,0.00947710225748126
2004-12-01,0,0.6858214,0.000408296093167456
2004-12-02,4.03,0.6522361,1.73562373331593
2004-12-03,0.91,0.6546811,0.695808199063206
2004-12-04,0.34,0.6343503,0.18344683515881
2004-12-05,0,0.4875218,0.0246232776130091
2004-12-06,0,0.4631441,0.00251972246892888
2004-12-07,0,0.6280405,0.000117321250044809
2004-12-08,0,0.6087703,5.20070455939087e-06
2004-12-09,0,0.6529787,1.94183885485467e-07
2004-12-10,0,0.5383515,1.03038736035124e-08
2004-12-11,0,0.422851,8.29756639005851e-10
2004-12-12,0,0.3872977,7.70226412777216e-11
2004-12-13,0,0.3944114,6.93988070633764e-12
2004-12-14,0,0.3857142,6.47970826820809e-13
2004-12-15,0,0.363615,6.64016715221454e-14
2004-12-16,0,0.3932182,6.01040925877217e-15
2004-12-17,4.62,0.4902821,2.24790607975001
2004-12-18,17.88,0.6691674,15.3425508714066
2004-12-19,2.04,0.611173,3.01034279635202
2004-12-20,5.29,0.5502534,4.4047375741079
2004-12-21,0,0.3892653,0.716192701648166
2004-12-22,0.12,0.3102131,0.22697329107651
2004-12-23,1.32,0.4280471,0.562884339382076
2004-12-24,3.09,0.6583146,1.80766204875371
2004-12-25,5.01,0.8281793,3.64150008489875
2004-12-26,7.73,0.6941871,6.48676537664677
2004-12-27,0,0.5527822,0.827103330207217
2004-12-28,0,0.4746404,0.145656700373043
2004-12-29,5.72,0.4642913,3.70878095167203
2004-12-30,4.41,0.5442014,3.80923292797622
2004-12-31,0.03,0.5549419,0.561009655907305
2005-01-01,1.26,0.6894726,0.551516591042877
2005-01-02,2.69,0.8096346,1.39309202167291
2005-01-03,1.61,0.6931758,1.03578887179938
2005-01-04,0.55,0.6132231,0.363232653733902
2005-01-05,0.03,0.6386116,0.0399615277769874
2005-01-06,3.78,0.6912808,1.78166459076933
2005-01-07,1.83,0.7893056,1.21383799118338
2005-01-08,0.06,0.9149299,0.0991981918933956
2005-01-09,1.97,0.8233667,0.580327501860201
2005-01-10,0.07,0.7597027,0.0582895232124218
2005-01-11,1.94,0.9431185,0.439289765574695
2005-01-12,1.97,0.8727531,0.804974628654429
2005-01-13,4.68,0.8354181,3.01735466117257
2005-01-14,0.04,0.6119324,0.436368788789335
2005-01-15,0,0.4819481,0.0702785614378665
2005-01-16,0,0.4505649,0.0089064450318684
2005-01-17,0,0.3954557,0.00105722991821096
2005-01-18,5.88,0.5186266,3.3202373242415
2005-01-19,17.98,0.7058651,15.6536493957995
2005-01-20,0.63,0.6284215,1.91601791220871
2005-01-21,11.24,0.902652,8.98984266187941
2005-01-22,5.7,0.7698514,5.38728453095294
2005-01-23,0.09,0.6219703,0.729715499265516
2005-01-24,0.58,0.5759695,0.316664107009707
2005-01-25,0.8,0.4979846,0.307132817287604
2005-01-26,0,0.439901,0.0528361847810389
2005-01-27,0,0.4464809,0.00647116782579484
2005-01-28,0,0.4250468,0.000661687753179367
2005-01-29,0,0.5114991,4.26050029911247e-05
2005-01-30,0.09,0.4399706,0.000109849913366961
2005-01-31,0.78,0.4875022,0.0341767458768733
2005-02-01,1.74,0.6468565,0.448481563122551
2005-02-02,1.62,0.7295738,0.686728388479784
2005-02-03,1.58,0.7273596,0.768284714210506
2005-02-04,1.55,0.7654879,0.755663672533943
2005-02-05,0,0.6740511,0.082124197985842
2005-02-06,0,0.5420755,0.00772999997789091
2005-02-07,0.03,0.5622185,0.000692755733358922
2005-02-08,0,0.5549156,3.84544869635448e-05
2005-02-09,0,0.5920999,1.76505782958781e-06
2005-02-10,0.04,0.6052468,4.6072691638447e-06
2005-02-11,11.21,0.782225,7.5417827561126
2005-02-12,7.9,1.006207,6.91486094264149
2005-02-13,10.86,1.13618,9.33628404495826
2005-02-14,8.73,0.6962438,8.13571139729251
2005-02-15,8.43,0.692138,7.74368228471519
2005-02-16,0.33,0.6141471,1.11817167011376
2005-02-17,0.11,0.5508775,0.212496438638056
2005-02-18,0,0.5539304,0.023723658329948
2005-02-19,0.44,0.5415132,0.025465504584469
2005-02-20,4.57,0.6248027,2.3879409360627
2005-02-21,1.55,0.6320815,1.26529982776091
2005-02-22,0.58,0.5840309,0.446940780887412
2005-02-23,0.6,0.5496272,0.248699692098624
2005-02-24,0,0.4561931,0.0392468722728237
2005-02-25,0.32,0.4425995,0.0285743251498513
2005-02-26,0,0.4348168,0.00332761664671567
2005-02-27,0.6,0.4946571,0.026767513395632
2005-02-28,0.36,0.5022481,0.0218043449303349
2005-03-01,0,0.3873481,0.00295793668538093
2005-03-05,0.23,0.5887297,0.0021375592444497
2005-03-06,4.94,0.6015626,2.52500412535875
2005-03-07,0.49,0.5458912,0.656946906744494
2005-03-08,0.94,0.6820855,0.418022759332405
2005-03-09,1.4,0.839284,0.481291289294599
2005-03-10,1.3,0.8456676,0.452539400636385
2005-03-11,0.43,0.8152473,0.104291341424321
2005-03-12,0.34,0.838068,0.0197202606419682
2005-03-13,4.26,0.8197186,1.96592833577209
2005-03-14,0.09,0.8383325,0.219703258143431
2005-03-15,0,0.9326511,0.00813771016778254
2005-03-16,0,0.9829395,0.00015827948467549
2005-03-17,0,1.411184,1.15695358942933e-06
2005-03-18,0,1.589331,6.18987473294442e-09
2005-03-19,0,1.507555,3.73157717604058e-11
2005-03-20,0,1.502384,2.26591678072832e-13
2005-03-21,0,1.472723,1.44175918196288e-15
2005-03-22,0,1.40291,1.02716115035562e-17
2005-03-23,1.43,1.498569,0.0197737023425254
2005-03-24,0,1.70044,0.00010952683443225
2005-03-25,2.74,1.542112,0.315644096822027
2005-03-26,0,1.616185,0.00298099998008338
2005-03-27,0.41,1.450103,0.000874335032622419
2005-03-28,0.13,1.625386,4.40538244794823e-05
2005-03-29,2.35,1.619739,0.145854372864057
2005-03-30,0.8,1.605759,0.0192604334665415
2005-03-31,5.6,1.557586,2.38998365576043
2005-04-01,0,1.604459,0.052755086346795
2005-04-02,0,1.462536,0.000472451377532037
2005-04-03,0,1.440072,3.35503074633556e-06
2005-04-04,0,1.586499,1.80781733646552e-08
2005-04-05,0,1.552986,1.01669682279773e-10
2005-04-06,2.32,1.541074,0.147750026894581
2005-04-07,6.78,1.396284,3.7673998363699
2005-04-08,3.63,1.530486,2.34836764405928
2005-04-09,6.71,1.224065,4.85012442961638
2005-04-10,0.52,1.093089,0.636805413383755
2005-04-11,0.39,1.224756,0.0525214741915966
2005-04-12,0,1.451623,0.000479200883524818
2005-04-13,0,1.538495,2.90790659604575e-06
2005-04-14,0,1.675045,1.37599833000059e-08
2005-04-15,0,1.745112,5.86054307683461e-11
2005-04-16,4.33,1.592329,1.17826417103576
2005-04-17,1.58,1.512652,0.450243361920873
2005-04-18,0.2,1.785537,0.00666034133552554
2005-04-19,0.17,1.748204,0.000166734409385913
2005-04-20,5.69,1.599067,2.21197336775316
2005-04-21,0.44,1.423264,0.169080204589556
2005-04-22,0,1.379885,0.00213493068421211
2005-04-23,0,1.460161,1.52944734381791e-05
2005-04-24,2.18,1.509001,0.125843272856041
2005-04-25,0.33,1.940844,0.00230193431543478
2005-04-26,7.72,1.824589,3.7197122836801
2005-04-27,8.3,1.884232,5.89617505862075
2005-04-28,0.76,1.886999,0.419370098096571
2005-04-29,0,1.817897,0.00303880822366966
2005-04-30,1.08,2.491382,0.00249346704351787
2005-05-01,0,2.654647,4.02922570748757e-06
2005-05-02,0,2.979977,4.56919415615031e-09
2005-05-03,0.07,2.734749,3.57684540424674e-07
2005-05-04,5.47,2.253556,1.49051138884679
2005-05-05,4.04,1.959461,1.83609668409592
2005-05-06,0.18,1.966407,0.0273880246267495
2005-05-07,1.99,1.840794,0.0952318962372316
2005-05-08,11.17,1.538772,7.30866624965416
2005-05-09,0.32,1.431704,0.541974041001316
2005-05-10,0,1.499452,0.00743128524868909
2005-05-11,0.08,1.527832,0.000118788326584067
2005-05-12,0,1.616271,6.26866073365027e-07
2005-05-13,0.1,1.963023,2.69766691383054e-06
2005-05-14,0,2.134367,7.07719724222745e-09
2005-05-15,16.04,2.091104,10.5934382522656
2005-05-16,0.86,2.068168,0.698723612586982
2005-05-17,0,2.115844,0.00370774565096905
2005-05-18,0,1.993742,1.25789343953314e-05
2005-05-19,0.03,1.84385,4.48742664935786e-07
2005-05-20,0,2.129164,1.18056251756719e-09
2005-05-21,10.91,2.984589,5.22895177060784
2005-05-22,0,2.696783,0.0298818420592506
2005-05-23,0,2.48452,6.35952944196646e-05
2005-05-24,0.2,2.461813,1.56996241284788e-05
2005-05-25,0,2.439509,2.96905574037534e-08
2005-05-26,0,3.291149,2.59708502333072e-11
2005-05-27,0,3.752751,1.61626794240262e-14
2005-05-28,0.05,4.226289,4.22513154528837e-08
2005-05-29,0.05,4.319947,4.74983174830367e-08
2005-05-30,12.94,4.156369,5.90203836861108
2005-05-31,1.46,2.537844,0.434909134209901
2005-06-01,0.23,2.296298,0.00324310570855907
2005-06-02,0,2.706445,5.01853125948201e-06
2005-06-03,0,3.043817,5.39316482040534e-09
2005-06-04,3.33,3.260307,0.0563634170070824
2005-06-05,1.08,2.522418,0.00550672276464832
2005-06-06,0,2.289379,1.33344168973598e-05
2005-06-07,2.65,2.518276,0.0539270123367035
2005-06-08,0,2.14433,0.000177795188072338
2005-06-09,0,2.289801,4.0069001998428e-07
2005-06-10,0,2.503968,7.03832240647888e-10
2005-06-11,0,2.648957,1.0700650611645e-12
2005-06-12,0,2.54047,1.80690041923216e-15
2005-06-13,0,2.333608,3.77404834883617e-18
2005-06-14,0,2.605817,5.97866615974568e-21
2005-06-15,0,2.823523,7.7310393304016e-24
2005-06-16,0,3.095813,2.52988656842779e-26
2005-06-17,0,3.523176,0
2005-06-18,0.03,3.933271,1.21253305001353e-08
2005-06-19,0.03,4.415076,1.0790802373308e-08
2005-06-20,0,4.288468,4.74180099274432e-12
2005-06-21,0,4.673518,1.66115322221789e-15
2005-06-22,0.04,4.772464,1.63606781158777e-08
2005-06-23,0,4.534642,6.20901229887e-12
2005-06-24,0,4.682284,2.16443376846792e-15
2005-06-25,0.03,5.340871,5.41118527713832e-09
2005-06-26,1.11,4.299456,0.000325727997773025
2005-06-27,0,4.406134,1.36045336911177e-07
2005-06-28,0,4.518274,5.2158746613854e-11
2005-06-29,0,4.98642,1.53979618635814e-14
2005-06-30,2.01,4.218043,0.00249396002310059
2005-07-01,2.51,3.436428,0.0157668801198502
2005-07-02,2.69,3.093486,0.0415945320426277
2005-07-03,2.75,3.373674,0.0392048263969475
2005-07-04,0,4.070348,2.24116774672097e-05
2005-07-05,4.95,3.306112,0.490495211773311
2005-07-06,0.16,2.719457,0.00180371872406982
2005-07-07,11.16,2.822993,5.71452636000853
2005-07-08,8.05,2.484864,5.44651809368412
2005-07-09,8.76,2.743725,5.7818987522847
2005-07-10,0,3.170881,0.0188093209533511
2005-07-11,2,3.857578,0.00590992049976014
2005-07-12,0,4.588746,2.30019495317446e-06
2005-07-13,0,4.193992,1.07493126328776e-09
2005-07-14,0,4.556277,4.02717653820543e-13
2005-07-15,0,4.689089,1.3987515350121e-16
2005-07-16,0,4.450485,5.57329546809646e-20
2005-07-17,0,4.211437,2.5668817812362e-23
2005-07-18,0,4.029562,2.52988656842779e-26
2005-07-19,3.24,3.882426,0.0232040043693615
2005-07-20,1.48,3.19517,0.0045407592877882
2005-07-21,6.02,2.886899,1.54323483947284
2005-07-22,0,2.960662,0.00361206625056165
2005-07-23,0.11,3.049948,1.57221278472756e-05
2005-07-24,0,3.209504,1.4791431291154e-08
2005-07-25,8.18,3.193089,2.78617613450047
2005-07-26,3.12,3.480394,0.470470484092083
2005-07-27,0.16,3.439533,0.000849384455372453
2005-07-28,1.46,4.334658,0.000975697513698207
2005-07-29,3.98,4.477613,0.0397750098436931
2005-07-30,16.48,3.663631,9.87398432113074
2005-07-31,2.37,3.064103,0.933186767046493
2005-08-01,3.14,2.728464,0.545878918109292
2005-08-02,0,3.112624,0.000856818755183597
2005-08-03,0,3.147316,8.7354233017597e-07
2005-08-04,0.35,2.867621,3.2719472757589e-05
2005-08-05,0,2.868614,4.11774757674377e-08
2005-08-06,5.47,2.5858,1.24165609223315
2005-08-07,0,2.442183,0.00503864601041649
2005-08-08,3.93,2.238373,0.63100916683139
2005-08-09,0.38,2.33656,0.00672046813151397
2005-08-10,0,2.587624,1.19484738849154e-05
2005-08-11,0,2.605904,1.91148965114718e-08
2005-08-12,2.64,2.491075,0.0529606812348522
2005-08-13,0,2.714198,9.26386103725378e-05
2005-08-14,0,2.682147,1.39219487050496e-07
2005-08-15,13.68,2.459687,8.13391495492887
2005-08-16,3.24,2.452757,1.84197871220218
2005-08-17,0,3.099506,0.00392613708197374
2005-08-18,0,3.126107,4.19397483332744e-06
2005-08-19,0,3.283715,3.70722527774948e-09
2005-08-20,0.68,2.803069,0.000239168126844173
2005-08-21,0,2.626738,3.82177154868629e-07
2005-08-22,0,2.588151,6.17682016769617e-10
2005-08-23,0,2.943487,7.18674333995534e-13
2005-08-24,0.97,2.549504,0.000968087307984261
2005-08-25,0.03,2.660715,2.93757826037929e-06
2005-08-26,4.24,2.348806,0.631058932833417
2005-08-27,0,2.122388,0.00322313194590156
2005-08-28,0,2.173436,8.75067825925114e-06
2005-08-29,0,2.540396,1.49126577310667e-08
2005-08-30,0,2.784911,1.99866622682427e-11
2005-08-31,0,3.151083,1.9531949698394e-14
2005-09-01,0,3.454235,1.50683617274822e-17
2005-09-02,0,2.969024,1.71456327676553e-20
2005-09-03,0,3.078266,1.77885188005282e-23
2005-09-04,0.03,2.997457,2.45088653873901e-08
2005-09-05,0.03,3.13647,2.76826886482828e-08
2005-09-06,0.06,3.023247,1.91758585143562e-07
2005-09-07,4.47,3.103573,0.356678899632799
2005-09-08,0,3.144351,0.000507377916021937
2005-09-09,0,3.193396,4.94786034717826e-07
2005-09-10,8.96,2.936333,3.64200291717341
2005-09-11,3.53,2.710608,1.32703821153875
2005-09-12,0.99,2.545185,0.0389184038278244
2005-09-13,2.24,2.49724,0.0556993148414577
2005-09-14,0,2.562524,0.000114233827892379
2005-09-15,0.03,2.23683,9.46712816393972e-07
2005-09-16,0.91,2.673458,0.000708576211450554
2005-09-17,8.84,2.069236,4.3892788136691
2005-09-18,0,1.635706,0.132010393107927
2005-09-19,0,1.576464,0.00111231456656843
2005-09-20,0,1.598641,6.27549558559098e-06
2005-09-21,0,1.659914,3.0427518840325e-08
2005-09-22,0,1.688629,1.40283654669829e-10
2005-09-23,0,1.763874,5.81760826399843e-13
2005-09-24,0,1.836622,2.18773489506495e-15
2005-09-25,0,1.970443,6.93557250522155e-18
2005-09-26,0.1,2.072422,1.87053804485317e-06
2005-09-27,0,2.098127,5.11481245237708e-09
2005-09-28,0.38,2.107799,8.79731221439842e-05
2005-09-29,2.12,1.840451,0.0625268314985925
2005-09-30,2.11,1.626438,0.216959170545259
2005-10-01,1.19,1.46649,0.0875118492705502
2005-10-02,6.97,1.711256,3.54960295521184
2005-10-03,2.11,1.495578,1.2199586760483
2005-10-04,0,1.52791,0.0219317894259776
2005-10-05,0,1.784045,0.000108334480808976
2005-10-06,0,2.027596,3.2884944929194e-07
2005-10-07,0,2.041108,9.59551452743918e-10
2005-10-08,0,2.00324,2.92282552147012e-12
2005-10-09,0,1.791158,1.16792083253508e-14
2005-10-10,0,1.651373,5.67014875720099e-17
2005-10-11,0,1.661337,2.71348683233382e-19
2005-10-12,0,1.590911,1.43935944226302e-21
2005-10-13,0,1.62495,7.26097000024313e-24
2005-10-14,0,1.50876,4.36472667450452e-26
2005-10-15,0,1.456775,0
2005-10-16,0,1.358171,0
2005-10-17,0,1.379401,0
2005-10-18,0,1.207543,0
2005-10-19,0.07,1.184507,2.5829842723709e-06
2005-10-20,5.79,1.236701,2.55185279606779
2005-10-21,2.08,1.521519,1.01800251886501
2005-10-22,19.97,1.701719,15.8344213876035
2005-10-23,4.47,1.730524,4.05813501977894
2005-10-24,0.92,1.514964,0.530713109177967
2005-10-25,0,1.368209,0.00940879815274039
2005-10-26,0.84,1.68172,0.00510503815120254
2005-10-27,0,1.751443,2.42627782251415e-05
2005-10-28,0.03,1.709431,7.42079943694637e-07
2005-10-29,0,1.723678,3.26818531606462e-09
2005-10-30,0,1.571635,1.78571628416625e-11
2005-10-31,0,1.531022,1.03720840072143e-13
2005-11-01,0.43,1.626909,0.000247719432367738
2005-11-02,16.79,1.390835,12.0116336246774
2005-11-03,9.61,1.239053,8.6608769640674
2005-11-04,0.04,1.5933,0.402793741027849
2005-11-05,4.76,1.381366,2.39842877773241
2005-11-06,2.16,1.086596,1.35797553163133
2005-11-07,0,1.118102,0.062763371089552
2005-11-08,1.96,1.00812,0.422225202637819
2005-11-09,0,1.213065,0.00968645565366224
2005-11-10,0.44,0.9936017,0.00431784886085301
2005-11-11,0,1.051076,6.91101472273674e-05
2005-11-12,0.69,1.050091,0.00436275386300008
2005-11-13,0.35,0.9528222,0.00205112957574166
2005-11-14,0.78,1.148047,0.00808343435654161
2005-11-15,0,0.9672437,0.000162990052016468
2005-11-16,5.97,0.8645967,3.04777499921692
2005-11-17,2.47,0.8156803,1.91822819972195
2005-11-18,0.13,0.7428913,0.268470748130492
2005-11-19,0,0.721917,0.0190084402698915
2005-11-20,0,0.584867,0.00121801720262694
2005-11-21,0,0.5666367,6.65775879415298e-05
2005-11-22,0.13,0.7606092,9.65613199495733e-05
2005-11-23,0,0.5914326,4.50617683437244e-06
2005-11-24,0.03,0.6131673,3.34451643412004e-06
2005-11-25,2.51,0.6668969,0.644910690812738
2005-11-26,0.2,0.568899,0.14563424850108
2005-11-27,2.1,0.5638723,0.879797986577704
2005-11-28,1.01,0.5914569,0.579055366106191
2005-11-29,3.98,0.6221925,2.52822389617146
2005-11-30,0.06,0.6370068,0.369395527746544
2005-12-01,0,0.5939674,0.0417254872618651
2005-12-02,0,0.5795554,0.00305095642407195
2005-12-03,10.96,0.6093981,7.62293002293764
2005-12-04,10.68,0.835227,9.54997500123516
2005-12-05,20.54,0.8852936,18.7510952843167
2005-12-06,0.86,0.780482,2.15538875997955
2005-12-07,0.42,0.7203354,0.455172470248675
2005-12-08,0.22,0.7266342,0.0745474026541049
2005-12-09,5.11,0.6792817,2.90660805325788
2005-12-10,0,0.641126,0.386490858465576
2005-12-11,0,0.5554378,0.0493713038199221
2005-12-12,0,0.4978358,0.00494462773459886
2005-12-13,0.04,0.6092603,0.000436143498676377
2005-12-14,0.06,0.6748322,7.47978434066134e-05
2005-12-15,0.58,0.6955155,0.00656356781068901
2005-12-16,0.39,0.6871021,0.00650472287528928
2005-12-17,6.98,0.7945831,4.07431190976078
2005-12-18,4.19,0.5647568,3.67203369184763
2005-12-19,0,0.5699394,0.518956533607733
2005-12-20,2.13,0.5453842,1.17991992265458
2005-12-21,0,0.5635263,0.176783951373725
2005-12-22,0,0.5792199,0.0174079819934947
2005-12-23,0.09,0.5903021,0.00235527165973292
2005-12-24,0,0.6611409,9.86311172421178e-05
2005-12-25,0,0.7195387,3.1367925665545e-06
2005-12-26,0.06,0.689492,1.00640032717527e-05
2005-12-27,3.57,0.5497398,1.43403916627171
2005-12-28,1.71,0.4394627,1.29952654377341
2005-12-29,0.69,0.4475311,0.595002490942037
2005-12-30,0.27,0.3878605,0.224615081849956
2005-12-31,9.99,0.4179907,7.51004638571431
2006-01-01,1.66,0.6755196,2.01116759156693
2006-01-02,3.85,0.6891219,2.87461714805817
2006-01-03,0,0.7122377,0.347019927577811
2006-01-04,0,0.5916529,0.0388583704740646
2006-01-05,0,0.5178823,0.00347989933987707
2006-01-06,0.59,0.5177258,0.0240592778488649
2006-01-07,0,0.4401883,0.00267957167285352
2006-01-08,0,0.4579959,0.000225411999476992
2006-01-09,0,0.5305783,1.31210809369413e-05
2006-01-10,0,0.4316201,1.04702057195157e-06
2006-01-11,0,0.4481434,7.71464350323055e-08
2006-01-12,3.3,0.4999456,1.26701876560125
2006-01-13,0.57,0.6123654,0.426781147932618
2006-01-14,0,0.541813,0.0579048482931635
2006-01-15,0,0.4790324,0.00638454917073808
2006-01-16,0,0.391807,0.000746094084161246
2006-01-17,0.57,0.463781,0.0182788632109541
2006-01-18,18.58,0.7064641,14.5525433253746
2006-01-19,0.82,0.716875,1.91668013999511
2006-01-20,0,0.6305717,0.26069907162592
2006-01-21,2.95,0.8116945,1.38933391136285
2006-01-22,1.28,0.7315867,0.794691207738015
2006-01-23,0,0.6536101,0.0919012908132713
2006-01-24,0,0.4829788,0.0108847287924625
2006-01-25,0,0.4536762,0.00104640972411441
2006-01-26,0.42,0.4885271,0.00787791755787483
2006-01-27,0.11,0.5368626,0.00171122090299598
2006-01-28,0,0.4089335,0.00016991671318007
2006-01-29,0.1,0.5597329,0.00014359415174036
2006-01-30,0,0.7826701,3.87227396751636e-06
2006-01-31,0,0.6719809,1.36461935290993e-07
2006-02-01,0,0.6150579,5.64485224096373e-09
2006-02-02,0,0.5432889,2.93373856371141e-10
2006-02-03,0.03,0.4630497,1.63492734674987e-06
2006-02-04,0,0.4412431,1.23916155102811e-07
2006-02-05,0,0.650513,4.60152878226453e-09
2006-02-06,0.5,0.6916068,0.00313386560110701
2006-02-07,0.03,0.7817963,0.000150703953818603
2006-02-08,0.45,0.7870484,0.00249694975039061
2006-02-09,2.95,0.7915451,0.929719593865435
2006-02-10,3.55,0.6819946,2.30708798811617
2006-02-11,0.36,0.7195751,0.44758269665843
2006-02-12,0,0.7037867,0.0388690238871253
2006-02-13,2.59,0.6666952,0.957792453207343
2006-02-14,0.07,0.6449706,0.138392869269477
2006-02-15,0.27,0.7748904,0.0231491093549769
2006-02-16,22.04,0.9732111,17.5110575472266
2006-02-17,8.62,1.034805,8.40568123632508
2006-02-18,1.93,0.9502857,2.08340209580248
2006-02-19,12.73,0.9093604,10.3671649665519
2006-02-20,1.49,0.9871904,1.89529208228143
2006-02-21,1.27,0.9610401,0.752731090822963
2006-02-22,0.92,0.8301464,0.362132338417428
2006-02-23,0.03,0.7976961,0.0253032251608378
2006-02-24,0,0.7065107,0.00114505867002925
2006-02-25,0,0.7650482,3.43579876606789e-05
2006-02-26,0,0.7348837,1.03143983520688e-06
2006-02-27,0,0.5994329,4.50340327170877e-08
2006-02-28,0.4,0.594277,0.00210003119613298
2006-03-01,3.36,0.7213423,1.24966121221024
2006-03-02,0.39,0.6346496,0.322720286045673
2006-03-03,0.54,0.6573148,0.144367099049026
2006-03-04,8.84,0.6795819,6.15756432426834
2006-03-05,0,0.5950798,0.767905116597031
2006-03-06,0.59,0.5040029,0.367716174989907
2006-03-07,2.9,0.5969318,1.5980123754841
2006-03-08,0.15,0.775813,0.218108855642708
2006-03-09,11.44,0.8606969,8.36766049250341
2006-03-10,7.09,1.154469,6.16571847714535
2006-03-11,2.47,0.9804657,2.2346519974559
2006-03-12,2.76,0.8441187,1.95087018519986
2006-03-13,0.03,0.6025251,0.2911201257239
2006-03-14,0,0.6547178,0.025769465728426
2006-03-15,0,0.7655962,0.000983954150905584
2006-03-16,0,0.8944366,2.10612300682991e-05
2006-03-17,0,0.8028612,5.24840664383388e-07
2006-03-18,0,0.9173837,9.69995570088223e-09
2006-03-19,0,0.9993356,1.48397402686033e-10
2006-03-20,0,1.104287,1.82124480214796e-12
2006-03-21,0.26,1.142912,0.000127925893833435
2006-03-22,2.34,1.023736,0.375047647970438
2006-03-23,0.22,1.014172,0.0289204233297126
2006-03-24,0,1.107618,0.000480208095446519
2006-03-25,7.77,1.273506,4.19180296303924
2006-03-26,9.73,1.683638,7.41368709508398
2006-03-27,2.62,1.950993,1.70682296257679
2006-03-28,4.06,1.834449,2.01021573188839
2006-03-29,4.41,1.489434,2.64288590574431
2006-03-30,2.53,1.371952,1.45356258255778
2006-03-31,25.72,1.717335,21.339057265133
2006-04-01,14.39,1.762839,13.1663373437847
2006-04-02,4.83,1.549207,4.32203109260538
2006-04-03,6.34,1.504987,4.67105500315193
2006-04-04,4.98,1.340376,3.73675655395559
2006-04-05,0,1.231758,0.211082780326016
2006-04-06,0,1.136354,0.00469144840606915
2006-04-07,0,1.141842,6.23336785886425e-05
2006-04-08,0,1.253996,5.92439422561577e-07
2006-04-09,0,1.356024,4.59101948781544e-09
2006-04-10,0.09,1.452778,3.4453993713168e-06
2006-04-11,0,1.360654,2.66166831261654e-08
2006-04-12,0,1.227348,2.58166311366011e-10
2006-04-13,0.74,1.471256,0.00184642012383148
2006-04-14,1.65,1.417903,0.0614063322099616
2006-04-15,2.45,1.73055,0.306249114464099
2006-04-16,3.92,1.78059,1.38567170105528
2006-04-17,17.49,1.836359,13.5724165336948
2006-04-18,0,1.865053,0.504040251877179
2006-04-19,0,1.712098,0.0045810866606976
2006-04-20,0,1.5832,2.78124215187052e-05
2006-04-21,0,1.72232,1.24368919484245e-07
2006-04-22,0,2.055787,3.56221609557675e-10
2006-04-23,0,1.906578,1.22401201183158e-12
2006-04-24,0,1.664318,5.83280841868494e-15
2006-04-25,0,2.614495,9.16334551007052e-18
2006-04-26,1,2.489932,0.00114740619344509
2006-04-27,0.52,2.279525,0.000354276340808657
2006-04-28,0,2.066842,1.03998417067651e-06
2006-04-29,0,1.879394,3.71890440749185e-09
2006-04-30,0,1.488974,2.30778509664499e-11
2006-05-01,6.57,1.242226,3.15805039501465
2006-05-02,3.03,1.63297,1.70887353854771
2006-05-03,0,2.279322,0.00981039654327265
2006-05-04,0,2.74471,1.51694328995848e-05
2006-05-05,0,3.133681,1.51753188955331e-08
2006-05-06,3.03,2.780145,0.0681558298613701
2006-05-07,0.03,2.960251,0.000113414325122189
2006-05-08,0,2.775521,1.56442994888188e-07
2006-05-09,12.56,2.514195,7.09562661451679
2006-05-10,0.38,2.528348,0.12692110100995
2006-05-11,0.03,2.437027,0.000372204696335397
2006-05-12,0,2.765869,5.23875379265833e-07
2006-05-13,1.85,2.838433,0.0069990562684725
2006-05-14,17.67,2.514401,11.8724071614898
2006-05-15,0,2.326371,0.229404665399791
2006-05-16,0,2.655017,0.000497509177964226
2006-05-17,5.11,2.925123,0.832551506679774
2006-05-18,1.28,2.969827,0.0235917407993914
2006-05-19,0.96,3.010565,0.00168014546112661
2006-05-20,2.01,2.310091,0.0267697635538912
2006-05-21,20.61,2.148815,15.0503106373676
2006-05-22,2.74,2.531541,1.94394819622791
2006-05-23,6.28,2.563149,3.2073455854708
2006-05-24,2.8,2.043834,1.24255730532943
2006-05-25,2.29,1.911688,0.624608502423635
2006-05-26,8.75,2.128356,5.16311747406947
2006-05-27,14.14,2.629082,10.6077985489103
2006-05-28,2.17,2.9359,0.943530729762375
2006-05-29,1.87,2.826622,0.0883330753650652
2006-05-30,10.33,2.018782,6.11542135935039
2006-05-31,3.09,1.813142,2.0262995570716
2006-06-01,1.5,1.825399,0.407304418587561
2006-06-02,2.16,1.812284,0.358821882593935
2006-06-03,0,2.259227,0.00133351298588486
2006-06-04,0,2.48771,2.51048335334155e-06
2006-06-05,0,2.742347,3.51465655186378e-09
2006-06-06,0.29,2.678804,2.11346606943592e-05
2006-06-07,0,2.430686,4.03868310754223e-08
2006-06-08,0,2.713694,5.78220167666033e-11
2006-06-09,0,3.084712,5.96762157132516e-14
2006-06-10,0,3.324333,5.08254390782243e-17
2006-06-11,0,3.659721,3.37594482965512e-20
2006-06-12,0,3.942612,1.84747085790099e-23
2006-06-13,0,3.961734,2.52988656842779e-26
2006-06-14,0,4.422082,0
2006-06-15,0.36,4.404413,1.03550109197929e-05
2006-06-16,6.6,3.662155,1.24958300144126
2006-06-17,0,3.213944,0.0021221304151867
2006-06-18,0,3.410493,1.78038115557632e-06
2006-06-19,0,3.942181,9.78046828108008e-10
2006-06-20,0.54,3.871599,4.85962523638515e-05
2006-06-21,0,3.72498,3.12079253010477e-08
2006-06-22,0,3.518181,2.29805258127086e-11
2006-06-23,0.48,2.880505,7.6420486213558e-05
2006-06-24,0,3.093686,7.9599334168343e-08
2006-06-25,0,3.727085,5.04874809279897e-11
2006-06-26,8.5,3.789807,2.5366424487082
2006-06-27,1.1,3.535503,0.0249924193353831
2006-06-28,0,3.477216,2.14428463659211e-05
2006-06-29,0,3.872422,1.24054478435881e-08
2006-06-30,0.22,3.829599,3.74576460057573e-06
2006-07-01,0,4.328485,1.61238304612685e-09
2006-07-02,0,4.433869,6.48960663565927e-13
2006-07-03,0,4.329465,2.78066372863839e-16
2006-07-04,0,4.457209,1.10356448734835e-19
2006-07-05,0,4.797611,3.60761215312793e-23
2006-07-06,0.53,4.549896,2.93255823099059e-05
2006-07-07,0,4.048904,1.51135388265031e-08
2006-07-08,0.11,3.95075,4.93703353338832e-07
2006-07-09,0.15,3.992552,1.26237277395983e-06
2006-07-10,0,3.74398,7.92958804522799e-10
2006-07-11,0,4.167972,3.75350961483916e-13
2006-07-12,0,4.747865,1.261545905014e-16
2006-07-13,0,4.813864,4.08743827921645e-20
2006-07-14,39.93,4.265984,30.676652445455
2006-07-15,0,4.356479,0.100034111848498
2006-07-16,0,4.018706,6.24722751668748e-05
2006-07-17,0,4.285995,2.78047813707469e-08
2006-07-18,0,4.391714,1.14808953096045e-11
2006-07-19,0,4.628929,4.12497957659605e-15
2006-07-20,0,4.96938,1.22879779860449e-18
2006-07-21,0,5.001661,3.59815310564091e-22
2006-07-22,0,5.331844,8.89340145387554e-26
2006-07-23,2.51,4.568414,0.00431356615108831
2006-07-24,0.1,4.465701,5.7865223495018e-06
2006-07-25,0,4.750831,1.95014987567203e-09
2006-07-26,0,5.349794,4.77840143044595e-13
2006-07-27,0,5.65498,1.0102005851137e-16
2006-07-28,0.03,4.900592,6.79704993548668e-09
2006-07-29,0.55,3.810304,5.38706495528388e-05
2006-07-30,0,3.927917,3.01300281279665e-08
2006-07-31,0.68,3.800787,0.000102953272616043
2006-08-01,0.81,3.653794,0.000235362203067421
2006-08-02,4.81,3.003323,0.600235791314907
2006-08-03,10.41,2.675501,6.07444398550348
2006-08-04,0.33,2.578596,0.0833549185076181
2006-08-05,18.72,2.739754,12.9149714353393
2006-08-06,1.75,3.501988,0.501819177537287
2006-08-07,0.03,3.528031,0.00058605164223251
2006-08-08,0,3.567246,4.29004031822349e-07
2006-08-09,0,3.291851,3.75624008698456e-10
2006-08-10,0.62,2.788448,0.000181846272485638
2006-08-11,1.96,2.521464,0.014956015954929
2006-08-12,10.29,2.316128,5.57166966905162
2006-08-13,2.22,2.329921,0.960236241358032
2006-08-14,0,2.424958,0.00367286223977609
2006-08-15,3.32,2.519591,0.217211637705296
2006-08-16,4.86,2.672488,1.30949092595781
2006-08-17,0.52,2.662792,0.0128967152093444
2006-08-18,4.93,3.122262,0.722510705838998
2006-08-19,4.55,3.004925,1.15220841371394
2006-08-20,2.29,2.870884,0.186733047568648
2006-08-21,2.98,2.601081,0.268923296199897
2006-08-22,4.1,2.593484,0.903090290577987
2006-08-23,0,2.549566,0.00290338979989984
2006-08-24,0,2.728572,4.38666920431723e-06
2006-08-25,19.03,2.385486,13.0371344492899
2006-08-26,10.92,2.386554,8.82756883747905
2006-08-27,0.5,2.413896,0.255632955481257
2006-08-28,1.12,2.515089,0.013512877971439
2006-08-29,11.05,2.100826,6.41737218871902
2006-08-30,4.72,1.925744,3.2505270192516
2006-08-31,0,2.002639,0.0411083378968622
2006-09-01,0,2.103298,0.000139231761864686
2006-09-02,0,2.585042,2.30532353808524e-07
2006-09-03,0,2.825362,2.98283307373106e-10
2006-09-04,2.85,3.081168,0.0326526226196103
2006-09-05,0,3.064568,3.98931268426531e-05
2006-09-06,0,2.807721,5.30830626045422e-08
2006-09-07,0,3.035901,5.71324005453878e-11
2006-09-08,0,2.618402,8.94246827639321e-14
2006-09-09,0,2.175367,2.22348521894357e-16
2006-09-10,0,2.246124,5.10679595568799e-19
2006-09-11,0,2.530095,8.71306787666972e-22
2006-09-12,0,2.718208,1.24066778259084e-24
2006-09-13,0,2.874105,0
2006-09-14,0,2.895916,0
2006-09-15,0,2.747738,0
2006-09-16,0,2.73487,0
2006-09-17,0,2.40794,0
2006-09-18,0,2.678368,0
2006-09-19,1.43,2.399691,0.00448984595376076
2006-09-20,0,2.083848,1.37166148443303e-05
2006-09-21,0.1,2.081233,3.53370978242947e-06
2006-09-22,0,2.278032,7.89267080596608e-09
2006-09-23,0,2.649146,1.20023567203972e-11
2006-09-24,0,2.621812,1.87237690661438e-14
2006-09-25,0.7,2.68054,0.000294648461419051
2006-09-26,0.71,2.27936,0.000670202201315257
2006-09-27,0.19,2.122584,3.89619851998005e-05
2006-09-28,0,1.876615,1.41819962779231e-07
2006-09-29,0,1.930407,4.73867837482343e-10
2006-09-30,0,2.025467,1.40481181109258e-12
2006-10-01,14.33,1.997627,9.14606101980213
2006-10-02,5.45,2.178683,3.92615198774181
2006-10-03,0.88,1.950745,0.288018637391543
2006-10-04,17.49,1.766855,13.0288338593135
2006-10-05,0.27,1.603188,0.784917793811861
2006-10-06,0.8,1.547164,0.0884953372234122
2006-10-07,11.91,1.874038,7.63197155616979
2006-10-08,2.73,1.649406,2.05043212269719
2006-10-09,0,1.301947,0.0773106968815521
2006-10-10,0,1.510334,0.00067054111199091
2006-10-11,0.76,1.916001,0.00148274882110905
2006-10-12,0,1.654135,7.76111921285485e-06
2006-10-13,0.04,1.797016,6.44657018299571e-07
2006-10-14,0,2.025724,1.91802867115458e-09
2006-10-15,0,1.731451,8.31965790850362e-12
2006-10-16,0,1.520572,4.91073924440484e-14
2006-10-17,0,1.403569,3.49500624189736e-16
2006-10-18,0,1.310002,2.91640776498866e-18
2006-10-19,0,1.485701,1.81763182943591e-20
2006-10-20,2.51,1.616091,0.182291112389383
2006-10-21,4.67,1.776714,1.82148471175611
2006-10-22,1.89,1.745203,0.620447606898198
2006-10-23,3.34,1.81631,1.13878866028654
2006-10-24,20.27,1.930539,15.9388223394951
2006-10-25,17.22,1.529007,15.6175435309661
2006-10-26,0,1.412991,0.885908844316106
2006-10-27,0,1.708703,0.00981516515909672
2006-10-28,0,1.780439,4.62432694737518e-05
2006-10-29,0.09,1.708365,6.27949902704929e-06
2006-10-30,0.48,1.634229,0.000389288860646091
2006-10-31,0,1.140033,4.73506044027906e-06
2006-11-01,1.2,1.082988,0.0261273499576041
2006-11-02,1.82,0.964431,0.310222869566879
2006-11-03,0.79,0.7605854,0.191347160076128
2006-11-04,0,0.8545902,0.00841441039889005
2006-11-05,0,0.9481588,0.000178035950308848
2006-11-06,0,0.9193982,3.43052098506743e-06
2006-11-07,0,0.9116619,6.46587385930153e-08
2006-11-08,0,0.8268558,1.48169000781066e-09
2006-11-09,0.03,0.9273551,4.394242445871e-07
2006-11-10,1.1,1.114316,0.0167497862083641
2006-11-11,0.03,0.7095165,0.000943908782153056
2006-11-12,4.32,0.8355081,1.82875801869175
2006-11-13,1.85,0.9514834,1.12110381440821
2006-11-14,3.29,1.053415,1.87900101556234
2006-11-15,3.65,1.315407,2.16256911553179
2006-11-16,0,1.285559,0.0866923220917459
2006-11-17,0.51,1.270585,0.0109516795053693
2006-11-18,8.25,1.187549,4.82917477920239
2006-11-19,0.66,0.9402765,0.816366709584623
2006-11-20,16.94,0.9359483,13.701909929911
2006-11-21,17.59,0.881795,16.4150218186269
2006-11-22,8.55,0.9763085,8.32082029812585
2006-11-23,1.98,0.8075814,2.22976754238313
2006-11-24,25.38,1.083009,21.8982189719614
2006-11-25,5.27,1.135842,5.65911941648861
2006-11-26,4.58,1.407379,3.4896646398776
2006-11-27,0.34,1.056545,0.41233423689638
2006-11-28,0,0.9674931,0.0169974316377509
2006-11-29,0.38,1.02429,0.00398079282481525
2006-11-30,0.03,0.9460962,0.00012377766554309
2006-12-01,0.24,0.7327512,0.000513224693016449
2006-12-02,0,0.8916934,1.08291087007691e-05
2006-12-03,0.1,0.8705289,2.61046458494969e-05
2006-12-04,13.13,1.051893,9.00294172631937
2006-12-05,16.38,1.016901,14.7136872641718
2006-12-06,4.6,1.272633,4.49452317732036
2006-12-07,2.19,0.9761119,1.81094552606915
2006-12-08,10.81,0.8848088,8.59261877921847
2006-12-09,13.83,0.9940333,12.3567250970133
2006-12-10,2.41,0.7947422,2.93112761978755
2006-12-11,0,0.6095968,0.405919517443563
2006-12-12,3.54,0.7145317,2.00764401725181
2006-12-13,2.2,0.7840955,1.53235544424575
2006-12-14,0.15,0.779254,0.207472419499
2006-12-15,0,0.8028575,0.0107850183490183
2006-12-16,0,0.5791272,0.000660375119760238
2006-12-17,3.97,0.706076,1.66103454925366
2006-12-18,0,0.6121042,0.231941674266564
2006-12-19,0.22,0.6152815,0.0502859796789673
2006-12-20,0,0.632099,0.00319115154698655
2006-12-21,0,0.5945614,0.000167838281364427
2006-12-22,0,0.7432586,5.04843280479318e-06
2006-12-23,0,0.6758961,1.76161973038526e-07
2006-12-24,0,0.6088232,7.43315124826934e-09
2006-12-25,0,0.6640194,2.64444037011898e-10
2006-12-26,0,0.5150117,1.51233244204589e-11
2006-12-27,0,0.5376472,7.99953425627979e-13
2006-12-28,0,0.5005325,4.81121563202284e-14
2006-12-29,0.03,0.5033704,1.34448308781589e-06
2006-12-30,0,0.5271747,7.45390490875195e-08
2006-12-31,19.35,0.668015,14.996629567318
2007-01-01,10,0.9901223,9.49402009934015
2007-01-02,13.94,0.8833843,12.6631235301575
2007-01-03,5.28,0.7147818,5.41631764252534
2007-01-04,0.43,0.7655866,0.851248633055198
2007-01-05,3.81,0.8574706,2.33155753350755
2007-01-06,2.04,0.8818367,1.4131281192356
2007-01-07,10.9,1.043456,8.39325469607538
2007-01-08,0,0.9019123,0.760979713685888
2007-01-09,11.59,0.9696581,8.80033519265754
2007-01-10,2.4,1.184793,2.29050977836312
2007-01-11,3.14,1.032169,2.10005303821559
2007-01-12,5.24,0.8568484,3.88385737056641
2007-01-13,0.17,0.9369128,0.431185925930353
2007-01-14,0.44,1.086821,0.0544439713866596
2007-01-15,0.56,0.8524475,0.0267022569982885
2007-01-16,0,0.5613311,0.00193976990391585
2007-01-17,0.07,0.7308876,0.000206229506011615
2007-01-18,17.2,1.040246,12.72099714865
2007-01-19,41.8,1.22803,38.8091380128623
2007-01-20,6.31,1.233655,7.2965031420035
2007-01-21,3.89,1.134227,3.36344726612614
2007-01-22,3.07,0.8719943,2.38865112417148
2007-01-23,0,0.7245337,0.281892268687531
2007-01-24,0.04,0.5394815,0.0409588971406684
2007-01-25,0,0.536026,0.00346907295460663
2007-01-26,0,0.4866848,0.000266682109040443
2007-01-27,0.05,0.4556527,9.25394584422047e-05
2007-01-28,0.6,0.6817537,0.00778155761003969
2007-01-29,0.06,0.7300378,0.000567057331115785
2007-01-30,0.43,0.8509507,0.00232025462588102
2007-01-31,0,0.9172454,4.87490253169658e-05
2007-02-01,0,0.8697195,1.03680368250374e-06
2007-02-02,0,0.9545065,1.76322724101501e-08
2007-02-03,0.03,1.060443,3.71122786034537e-07
2007-02-04,0,0.8533794,7.98518227298744e-09
2007-02-05,0,0.7802819,2.05829986888881e-10
2007-02-06,0.33,0.6552955,0.000915533221869148
2007-02-07,4.15,0.6837842,1.82116384828676
2007-02-08,1.45,0.6847117,1.03953665624485
2007-02-09,14.03,0.7375471,11.349225982945
2007-02-10,0.84,0.8752164,1.5800998058801
2007-02-11,3.53,0.9397408,2.29746448541905
2007-02-12,14.81,1.077894,12.1457009662655
2007-02-13,14,1.083452,12.7830564176808
2007-02-14,2.96,1.002059,3.22987722684588
2007-02-15,14.92,0.9533609,12.5864143960823
2007-02-16,0,1.003201,0.987600739140774
2007-02-17,0,0.856263,0.0742792361207578
2007-02-18,0,0.8881834,0.00240175208607738
2007-02-19,0,0.9038812,5.22020237099022e-05
2007-02-20,0,0.9381504,9.45065447163935e-07
2007-02-21,0,0.9226408,1.72812526684599e-08
2007-02-22,1.18,0.8813277,0.0387846287487719
2007-02-23,0,1.099098,0.000680506053901647
2007-02-24,1.7,1.224402,0.0933961187275904
2007-02-25,10.63,1.228775,7.1209465813062
2007-02-26,14.7,1.117206,12.8533541455406
2007-02-27,4.83,1.088919,4.7096034867499
2007-02-28,4.38,1.058435,3.49631065521687
2007-03-01,11.6,1.29858,9.30879357928633
2007-03-02,21.1,1.217096,18.9168489853032
2007-03-03,2.25,1.059463,3.02504415804317
2007-03-04,10.66,1.1775,8.48829930746106
2007-03-05,0,1.132171,0.624181255449244
2007-03-06,3.15,1.288491,1.39562549135144
2007-03-07,13.12,1.25329,10.1720902112938
2007-03-08,6.91,1.190425,6.16179188409941
2007-03-09,0,1.075671,0.478277959018915
2007-03-10,3.84,0.9890859,2.05998487021831
2007-03-11,0,1.10021,0.118501015036652
2007-03-12,0,1.122617,0.00237611209533462
2007-03-13,0,1.163444,2.92206927673463e-05
2007-03-14,0,1.222282,2.92333277303893e-07
2007-03-15,0,1.334261,2.34868496972999e-09
2007-03-16,0,1.247331,2.19366105182398e-11
2007-03-17,0,1.187288,2.28927530264795e-13
2007-03-18,0.26,1.302366,9.36865492949866e-05
2007-03-19,9.03,1.262067,5.23297891641301
2007-03-20,2.67,0.9292095,2.31461833635615
2007-03-21,2.65,0.9419255,1.80801985396842
2007-03-22,2.95,0.9950124,1.87204349615495
2007-03-23,3.41,0.9648929,2.26278048447744
2007-03-24,1.67,1.007223,1.05177540755363
2007-03-25,0.7,1.132908,0.207180919781933
2007-03-26,0.42,1.37928,0.0130068416779729
2007-03-27,0,1.620343,7.89820053023616e-05
2007-03-28,0,1.48899,5.04394014232981e-07
2007-03-29,0.59,1.497669,0.000868186306779083
2007-03-30,2.19,1.519264,0.148375353907072
2007-03-31,1.49,1.430789,0.141145255337141
2007-04-01,4.1,1.46369,1.59804039193476
2007-04-02,0,1.787156,0.019911332438309
2007-04-03,0,1.808416,9.43204445327297e-05
2007-04-04,0.17,1.409192,4.75170351823953e-05
2007-04-05,0,1.420167,3.37509104630905e-07
2007-04-06,0,1.52033,2.00097940886458e-09
2007-04-07,0,1.795482,7.95352339853403e-12
2007-04-08,0,1.578328,4.29936222710487e-14
2007-04-09,0,1.574736,2.33662645019571e-16
2007-04-10,0,1.7514,9.85467753382851e-19
2007-04-11,0,1.757233,4.12306091465163e-21
2007-04-12,0,1.876821,1.47144213841281e-23
2007-04-13,0,2.341811,3.0465366393865e-26
2007-04-14,0,2.551093,0
2007-04-15,0,2.840632,0
2007-04-16,0,2.793692,0
2007-04-17,0,2.670284,0
2007-04-18,0.11,2.251117,1.99471753363724e-06
2007-04-19,0.13,1.719758,8.2307992516046e-06
2007-04-20,0,1.770438,3.4217798372209e-08
2007-04-21,0.04,1.881214,2.16961612585795e-07
2007-04-22,0.03,1.832928,1.37731477884695e-07
2007-04-23,0,2.150896,3.52942018952647e-10
2007-04-24,0,2.509893,6.14576551871913e-13
2007-04-25,0.07,3.020765,2.62085496572302e-07
2007-04-26,0,3.271975,2.3298756370481e-10
2007-04-27,0.06,2.898417,1.92620163811114e-07
2007-04-28,0.13,2.844012,1.99176894405732e-06
2007-04-29,0.27,2.757627,1.79492440836325e-05
2007-04-30,0.03,2.695275,2.05602054322117e-07
2007-05-01,0.12,2.543535,2.13901015918215e-06
2007-05-02,0.38,2.52194,5.99740269254259e-05
2007-05-03,0.42,2.378257,0.000114638910349964
2007-05-04,0.04,2.31667,1.19484352797107e-06
2007-05-05,2.18,2.334802,0.0279279120341581
2007-05-06,0,2.98098,3.64307693137966e-05
2007-05-07,0.03,2.799354,2.69434112326885e-07
2007-05-08,13.9,2.359743,8.42471844969607
2007-05-09,1.7,2.432111,0.822041664998482
2007-05-10,16.27,2.296554,11.7714772911229
2007-05-11,0,2.832992,0.105793033004246
2007-05-12,1.85,2.430684,0.042083252639137
2007-05-13,7.03,2.432104,2.86937572608542
2007-05-14,12.83,2.564849,9.07011650322368
2007-05-15,2.6,2.491665,1.4314933516017
2007-05-16,3.76,2.153939,1.46485836016348
2007-05-17,16.22,2.091313,12.1939572838166
2007-05-18,6.62,2.256397,5.11865766356527
2007-05-19,0.03,2.471938,0.0427530043754812
2007-05-20,1.88,2.900028,0.0164360884702046
2007-05-21,4.18,3.202664,0.325947376287997
2007-05-22,0,3.571619,0.000316973408086961
2007-05-23,0,3.647683,2.17563223389042e-07
2007-05-24,0,3.439071,1.70069461314725e-10
2007-05-25,0,3.89349,9.61750419539432e-14
2007-05-26,1.06,4.039923,0.000336438584675075
2007-05-27,6.98,3.436336,1.72813149001004
2007-05-28,5.02,2.637963,2.0964344637642
2007-05-29,1.49,2.297534,0.219607012477208
2007-05-30,0.6,2.112245,0.00632109850307322
2007-05-31,1.34,2.319103,0.00708211824071616
2007-06-01,1.79,2.886993,0.00932257380674911
2007-06-02,20.56,2.596715,14.4557631288313
2007-06-03,0,3.345914,0.0759467702760885
2007-06-04,0,3.388029,7.45567945653727e-05
2007-06-05,0,3.557964,5.40685759258785e-08
2007-06-06,0,3.826997,3.20084738283152e-11
2007-06-07,0,4.307184,1.38992164416692e-14
2007-06-08,3.94,4.445396,0.0336189334808939
2007-06-09,29.31,4.069629,21.2565172046222
2007-06-10,10.6,4.046522,7.56244051249506
2007-06-11,0.26,3.653285,0.0247779076152812
2007-06-12,0,3.829153,1.63838053331472e-05
2007-06-13,0,3.68477,1.07807358353795e-08
2007-06-14,0.07,3.548856,1.86273628640107e-07
2007-06-15,4.72,3.792321,0.206950555794146
2007-06-16,1.56,3.390762,0.00959687329663573
2007-06-17,2.44,2.987031,0.0287569079426964
2007-06-18,2.19,3.351696,0.0148677200258694
2007-06-19,1.94,3.590299,0.00655701894220298
2007-06-20,0,4.275302,3.09223593108634e-06
2007-06-21,5.57,3.97617,0.450015731526113
2007-06-22,1.22,3.414429,0.00802425103867763
2007-06-23,7.81,2.879175,2.95284356690272
2007-06-24,15.35,2.890103,11.0424555062573
2007-06-25,16.25,3.422012,12.4592483604994
2007-06-26,12.71,2.821688,9.96469850518848
2007-06-27,12.36,2.464177,9.75757456046968
2007-06-28,0.24,2.467374,0.190279044323826
2007-06-29,6.39,2.686004,2.40409486983117
2007-06-30,2.92,2.81332,0.674253384179938
2007-07-01,0.47,3.224695,0.00309948763225614
2007-07-02,0,3.444295,2.5528162327938e-06
2007-07-03,4.74,3.087645,0.490165955629652
2007-07-04,19.89,2.581028,14.6028607134898
2007-07-05,6.38,2.61873,4.77828090880911
2007-07-06,6.2,2.754533,3.51804081733384
2007-07-07,2.8,2.981329,0.663388035702171
2007-07-08,0,2.818891,0.00145510637948156
2007-07-09,0.54,3.114996,0.000172764244480291
2007-07-10,2.31,2.686867,0.023745458762049
2007-07-11,0.5,2.718639,0.000552460515352384
2007-07-12,0.93,2.523867,0.00119820754384063
2007-07-13,0.56,2.937147,0.000213906896493606
2007-07-14,0.13,4.014497,2.37115484989007e-06
2007-07-15,0,4.531443,9.04155971864936e-10
2007-07-16,0,5.0155,2.62874384191566e-13
2007-07-17,0,4.6067,9.5667960044897e-17
2007-07-18,1.56,3.865216,0.00136079405477828
2007-07-19,0,3.681824,9.26804174298781e-07
2007-07-20,4.52,3.436576,0.253042719246816
2007-07-21,10.41,3.519786,5.03921288695286
2007-07-22,0,3.150485,0.0155292636671119
2007-07-23,0,3.138306,1.71713697682538e-05
2007-07-24,1.98,2.684003,0.0115885102332358
2007-07-25,3.09,3.013151,0.084976220239811
2007-07-26,0,3.201598,9.82968771284349e-05
2007-07-27,0,3.529157,7.29211012445843e-08
2007-07-28,0,3.510686,5.40112622662074e-11
2007-07-29,7.5,3.272223,2.18884995398769
2007-07-30,4.42,2.760532,1.66293785682584
2007-07-31,0,2.544953,0.00654793166894034
2007-08-01,0,2.506059,1.26384623155442e-05
2007-08-02,0,2.93718,1.49177419270966e-08
2007-08-03,4.35,3.03917,0.333199194171953
2007-08-04,0,3.266202,0.000420544579923039
2007-08-05,0,3.353098,3.60528563346381e-07
2007-08-06,0,3.860483,2.08852017198818e-10
2007-08-07,6.47,3.64281,1.16063965487428
2007-08-08,0.32,3.062259,0.00462079943920704
2007-08-09,0.88,2.778073,0.00108525559417223
2007-08-10,4.67,2.509406,0.848484000856293
2007-08-11,1.23,3.238931,0.0157298493648773
2007-08-12,0,3.401731,1.40370377758562e-05
2007-08-13,2.2,3.156409,0.00994882949239663
2007-08-14,0,3.074136,1.14216462592966e-05
2007-08-15,0.62,3.234817,0.00013492382517032
2007-08-16,17.63,3.471575,10.751071373369
2007-08-17,1.03,2.780097,0.409555541052131
2007-08-18,0.17,2.514845,0.00194120103920564
2007-08-19,0,2.505285,3.61868245023635e-06
2007-08-20,6.46,2.754937,1.83086872579515
2007-08-21,4.96,2.387256,2.28140787326002
2007-08-22,3.36,2.638337,1.03546695602417
2007-08-23,26.28,2.428957,20.9846343950853
2007-08-24,0.19,2.840125,0.396862108681696
2007-08-25,0,3.021453,0.000644313904756683
2007-08-26,0,3.296874,5.8000763146542e-07
2007-08-27,0,3.230543,5.33168875020551e-10
2007-08-28,0,2.847615,6.74893352562381e-13
2007-08-29,0,2.279299,1.4944191606446e-15
2007-08-30,0,2.469016,2.71105488031228e-18
2007-08-31,0,2.286143,5.95943690704958e-21
2007-09-01,0,2.66167,8.94882251696346e-24
2007-09-02,0.03,2.598874,3.52455335417174e-08
2007-09-03,0,2.415577,6.7625984697736e-11
2007-09-04,8.24,2.22065,3.67049387989767
2007-09-05,1.19,1.870173,0.439125743034927
2007-09-06,0.28,1.809521,0.00788871199170095
2007-09-07,0.27,2.387941,0.000157479422243768
2007-09-08,0.13,2.371202,8.47744402934143e-06
2007-09-09,0,2.38547,1.69198623107177e-08
2007-09-10,0,2.283628,3.73343985903726e-11
2007-09-11,1.23,1.880311,0.00548740664000232
2007-09-12,0.03,2.055126,2.55833754669845e-05
2007-09-13,0,2.068384,7.31484973104838e-08
2007-09-14,0,1.953667,2.37251187756121e-10
2007-09-15,0,2.049237,6.83463282211798e-13
2007-09-16,0,2.215427,1.6239626225038e-15
2007-09-17,0,2.000933,4.95867727689249e-18
2007-09-18,0.77,2.077052,0.000813508057809229
2007-09-19,1.61,1.658407,0.0311606608269574
2007-09-20,0,1.417313,0.000284631041298983
2007-09-21,0,1.713372,1.32029933374368e-06
2007-09-22,0,1.715962,5.88443790775399e-09
2007-09-23,0,1.948336,1.91905391126247e-11
2007-09-24,0,2.258395,4.34875989672284e-14
2007-09-25,3.34,2.001274,0.350835219847868
2007-09-26,0,1.654806,0.00318275749770645
2007-09-27,0.81,1.47894,0.00497290165564754
2007-09-28,17.91,1.520576,13.0310261028341
2007-09-29,1.98,1.556552,2.01377411402388
2007-09-30,1.31,1.601824,0.42445529635675
2007-10-01,0.11,1.821827,0.00442413932904501
2007-10-02,0,1.911037,1.68066933000077e-05
2007-10-03,0,2.339129,3.5324735662784e-08
2007-10-04,0.03,2.279755,6.41771466883423e-08
2007-10-05,0,2.271092,1.43652245974732e-10
2007-10-06,0,1.800353,5.67068465113133e-13
2007-10-07,0,1.587189,3.02446860106155e-15
2007-10-08,0,1.40789,2.13710265866638e-17
2007-10-09,0,1.407783,1.51030996409927e-19
2007-10-10,1.44,1.478465,0.021199606246035
2007-10-11,5.62,1.565396,2.40825292832766
2007-10-12,0,1.412938,0.0785896564427141
2007-10-13,0,1.420557,0.000801293545725226
2007-10-14,0,1.411482,6.04065957349075e-06
2007-10-15,0,1.321315,5.00529963260667e-08
2007-10-16,0.03,1.332127,2.42560237827243e-07
2007-10-17,0,1.514491,1.45047669256298e-09
2007-10-18,1.71,1.321046,0.0611272354086274
2007-10-19,0,1.195626,0.000930280641201273
2007-10-20,0,0.9941499,1.57624491463264e-05
2007-10-21,0,0.9254265,2.90419728687768e-07
2007-10-22,0.83,0.8711892,0.0109327843001006
2007-10-23,0,0.9185676,0.000253936572441
2007-10-24,0,0.914166,4.98965651741818e-06
2007-10-25,0,0.9609404,8.41536841884904e-08
2007-10-26,0,1.148504,9.48863899424249e-10
2007-10-27,0,1.144724,1.07520900102295e-11
2007-10-28,0,1.122187,1.27301070941705e-13
2007-10-29,0,1.059696,1.71091629175854e-15
2007-10-30,15.28,1.071194,10.8870354913966
2007-10-31,0.77,1.080656,1.33927283120851
2007-11-01,0,0.8699238,0.10779682768643
2007-11-02,0,0.9150839,0.0035031030717953
2007-11-03,0.17,1.325481,0.000228091305368374
2007-11-04,0.06,1.380964,1.05171461583665e-05
2007-11-05,0,1.182654,1.12564068048126e-07
2007-11-06,0,1.052429,1.5411187906923e-09
2007-11-07,4.39,0.9893813,1.67503910217832
2007-11-08,0.33,0.9550949,0.229944065930091
2007-11-09,9.78,1.100047,6.69465835362407
2007-11-10,9.4,0.776849,8.34801168087189
2007-11-11,3.16,0.8975085,3.08860505117812
2007-11-12,2.27,1.04977,1.59330965277717
2007-11-13,0.07,0.7597936,0.193227265256506
2007-11-14,4.77,0.7299483,2.76965460616573
2007-11-15,0.53,0.7116808,0.616766135148668
2007-11-16,0.07,0.6309774,0.0870407452247037
2007-11-17,0,0.5476907,0.00813104905552323
2007-11-18,0,0.6117775,0.000435003036350003
2007-11-19,0,0.6262208,1.88652806105201e-05
2007-11-20,8.54,0.6702339,5.33429732752973
2007-11-21,4.12,0.8734195,3.53450466194629
2007-11-22,7.4,0.9561988,5.93827406174772
2007-11-23,0,1.021733,0.489404341830651
2007-11-24,1.51,0.9140477,0.531118244572544
2007-11-25,0,0.6137285,0.0619994059791597
2007-11-26,1.24,0.7302099,0.221982471827441
2007-11-27,2.09,0.7178354,0.842279116068169
2007-11-28,1.41,0.7513988,0.704800159712567
2007-11-29,0,0.6026742,0.090089416489934
2007-11-30,1.29,0.5585133,0.352931747461957
2007-12-01,0.28,0.7762789,0.0600806168343801
2007-12-02,12.38,0.8895213,8.91259149825471
2007-12-03,32.79,0.946073,30.131876535758
2007-12-04,8.94,0.8325739,9.61905350608023
2007-12-05,4.38,0.7837103,4.31894021785743
2007-12-06,3.72,1.008369,2.94543028850183
2007-12-07,11.21,0.9921537,9.13700307823631
2007-12-08,12.32,0.9966976,11.0439318875999
2007-12-09,8.2,0.7202448,7.8125438083758
2007-12-10,15.1,0.8409903,13.5738853760854
2007-12-11,2.89,0.8034015,3.40561701167879
2007-12-12,1.83,0.7235334,1.57842601983533
2007-12-13,0,0.654707,0.203508861674679
2007-12-14,0,0.7352492,0.0128082912709785
2007-12-15,0,0.5655723,0.000836187073504958
2007-12-16,0,0.5305481,5.0831599525773e-05
2007-12-17,0,0.4869337,3.35064616138816e-06
2007-12-18,0,0.4699497,2.28791122330563e-07
2007-12-19,0,0.480215,1.48937898912083e-08
2007-12-20,0,0.4960719,9.12154803782162e-10
2007-12-21,0,0.4392978,6.88213929626264e-11
2007-12-22,0,0.384399,6.46228058884905e-12
2007-12-23,0.14,0.345081,0.000212129308975909
2007-12-24,0,0.3718117,2.26290730027505e-05
2007-12-25,0,0.407578,1.99789396915051e-06
2007-12-26,0,0.4069361,1.73453293163747e-07
2007-12-27,1.87,0.4828996,0.390679309370216
2007-12-28,0.42,0.6035321,0.143284630666246
2007-12-29,0.32,0.6235852,0.044326167978691
2007-12-30,4.16,0.6364212,2.12497932532984
2007-12-31,1.4,0.6876386,1.06917901854429
2008-01-01,0.03,0.621906,0.150165937675938
2008-01-02,0.03,0.58448,0.0161573176973822
2008-01-03,0,0.4672828,0.00154185728285599
2008-01-04,1.14,0.5013281,0.131659425521946
2008-01-05,0,0.5589762,0.0129377063065427
2008-01-06,16.79,0.7875598,12.799212466271
2008-01-07,1.87,0.6959366,2.61963315421624
2008-01-08,3.27,0.788749,2.47137929666607
2008-01-09,0.68,0.7426555,0.639172990406046
2008-01-10,4.06,0.6748454,2.57927248240334
2008-01-11,5.15,0.8309017,3.94622665440502
2008-01-12,13.18,1.036875,11.0673965427861
2008-01-13,0.61,0.7670174,1.47536985248202
2008-01-14,0,0.6155949,0.203332748948328
2008-01-15,3.38,0.6886255,1.74351613140324
2008-01-16,8.38,0.8901357,6.42815546204333
2008-01-17,13.9,0.8797913,12.2634795036935
2008-01-18,8.22,0.8656537,7.80337660886294
2008-01-19,2.91,0.9967545,2.74776786702916
2008-01-20,0.95,1.172118,0.579655377604872
2008-01-21,0.28,1.128609,0.0434518667013686
2008-01-22,3.37,1.014853,1.24866249588764
2008-01-23,5.01,0.8115083,3.48224172165151
2008-01-24,0,0.6427591,0.455504584709873
2008-01-25,0.79,0.7812077,0.234982726579175
2008-01-26,0.03,0.6253767,0.024361282663907
2008-01-27,0,0.7022861,0.00111083172584213
2008-01-28,0,0.7244935,3.72513736514202e-05
2008-01-29,0,0.797089,9.47908484199041e-07
2008-01-30,0,0.6987271,3.07415310482581e-08
2008-01-31,2.18,0.6267238,0.474420401255054
2008-02-01,5.25,0.6489212,3.46153729604831
2008-02-02,21.52,0.7490634,18.9202763116921
2008-02-03,0.1,0.6599474,1.6893390511518
2008-02-04,0,0.6299449,0.228844967469876
2008-02-05,9.06,0.8294688,6.31759926815934
2008-02-06,20.58,0.895276,18.382644090962
2008-02-07,12.38,1.021215,11.8597170464937
2008-02-08,0.03,0.6629166,1.20172918364434
2008-02-09,0,0.70842,0.133782468631432
2008-02-10,0,0.7958283,0.00632910304414067
2008-02-11,0,0.8152787,0.000182854841745359
2008-02-12,0,0.9415926,3.34788418390594e-06
2008-02-13,0,0.8856408,6.70972584316919e-08
2008-02-14,0,0.6740624,2.32261021651691e-09
2008-02-15,0.03,0.6989262,8.01665784152135e-07
2008-02-16,0,0.7226058,2.43014983015281e-08
2008-02-17,0,0.6552571,8.87984266124095e-10
2008-02-18,0,0.6777739,3.03223269377476e-11
2008-02-19,0,0.7049456,9.57621956103697e-13
2008-02-20,0,0.7162226,2.92983454514987e-14
2008-02-21,2.6,0.7442772,0.641353644063452
2008-02-22,0,0.9790944,0.0301966916816514
2008-02-23,0,1.192035,0.000421877661487894
2008-02-24,0,1.185586,4.70157665246369e-06
2008-02-25,0,1.000129,7.26872790442667e-08
2008-02-26,2.12,1.201867,0.188026280285342
2008-02-27,4.58,1.285197,2.15415448761657
2008-02-28,0,1.055688,0.137865252564584
2008-02-29,7.64,1.104381,4.73196826188939
2008-03-01,13.98,1.297897,11.6775529745218
2008-03-02,14.51,1.311042,12.9841373984954
2008-03-03,2.27,1.317964,2.42830404917013
2008-03-04,3.79,1.144552,2.54138169253512
2008-03-05,6.18,0.8297875,4.80251602118589
2008-03-06,0.06,0.8047804,0.540458866987687
2008-03-07,0,0.7896094,0.0393087391597816
2008-03-08,0,1.051532,0.000768564312338389
2008-03-09,0,1.079973,1.07547749663126e-05
2008-03-10,1.3,1.173151,0.0293778849806292
2008-03-11,8.65,1.125538,5.32543844691618
2008-03-12,25.72,1.241975,22.6886794908037
2008-03-13,7.3,1.291372,7.32759933713984
2008-03-14,3.1,1.175764,2.69656538146128
2008-03-15,4.6,1.423751,3.00641983352433
2008-03-16,1.99,1.509442,1.04412162676135
2008-03-17,13.68,1.393486,10.4034105988212
2008-03-18,1.12,1.11256,1.52747446771437
2008-03-19,0.21,1.005028,0.152079938486976
2008-03-20,1.11,0.9537075,0.166189246383245
2008-03-21,3.96,0.9723478,1.91089821591675
2008-03-22,14.98,1.012238,12.2559532120358
2008-03-23,4.63,0.9656111,4.60255300763308
2008-03-24,0,0.8544,0.460099990419012
2008-03-25,4.28,0.8129117,2.5339041428759
2008-03-26,0.83,0.8733795,0.657376891208858
2008-03-27,1.44,1.075798,0.467563321921508
2008-03-28,7.23,1.047708,4.75210208238466
2008-03-29,5.79,1.253853,4.50084420420906
2008-03-30,0,1.425041,0.198033030288358
2008-03-31,3.51,1.584664,1.15450668265533
2008-04-01,2.08,1.558716,0.693743817971564
2008-04-02,0,1.373512,0.0134375465734427
2008-04-03,0,1.468333,0.000104490966301118
2008-04-04,0,1.390292,7.86635483637451e-07
2008-04-05,0.03,1.42444,3.24462549672974e-07
2008-04-06,3.9,1.377234,1.04588779198218
2008-04-07,7.38,1.111414,5.1206897895687
2008-04-08,2.31,0.9883765,1.97606826205351
2008-04-09,0,1.064545,0.120308636143196
2008-04-10,3.14,1.20845,1.08728370462394
2008-04-11,0,1.40786,0.0237407955806266
2008-04-12,0.28,1.507517,0.0010895870411903
2008-04-13,0.58,1.357282,0.00190610311552127
2008-04-14,8.4,1.536396,4.53354626571076
2008-04-15,14.78,1.365623,12.3057397541557
2008-04-16,0.69,1.375489,1.16845925988838
2008-04-17,0,1.221062,0.0398279537753825
2008-04-18,0,1.254604,0.000507064965910891
2008-04-19,0.03,1.742833,5.09928559385383e-06
2008-04-20,3.74,1.660896,0.760851965951707
2008-04-21,0,1.951244,0.00530860340641316
2008-04-22,0.26,2.048953,0.00018231515388781
2008-04-23,0,2.174279,4.67804360827613e-07
2008-04-24,5.04,2.025521,1.35755865494179
2008-04-25,1.65,2.074031,0.262385871775079
2008-04-26,0,1.909961,0.00148167294870953
2008-04-27,0.03,2.157325,7.13499379953838e-06
2008-04-28,0.03,2.335531,1.95839760963192e-07
2008-04-29,11.5,2.059992,6.59245869683903
2008-04-30,4.31,1.869742,2.9889520310897
2008-05-01,3.17,1.863719,1.60255333384424
2008-05-02,1.36,1.690947,0.340079968302116
2008-05-03,0,2.075866,0.00159687708014445
2008-05-04,0,2.265371,3.82951209888254e-06
2008-05-05,0,2.499134,6.78502082310496e-09
2008-05-06,0,2.454337,1.25027471888176e-11
2008-05-07,0,2.760771,1.71171684411776e-14
2008-05-08,0,2.772447,2.31852879444705e-17
2008-05-09,0,2.752635,3.19786185606959e-20
2008-05-10,0,2.856082,4.01643751585725e-23
2008-05-11,0.19,3.075909,4.26996231928453e-06
2008-05-12,0.15,2.946628,3.28528160450193e-06
2008-05-13,0.04,2.949599,1.42555480877639e-07
2008-05-14,0,3.09572,1.46032991242878e-10
2008-05-15,2.7,3.083371,0.0252099319819999
2008-05-16,1.65,2.917915,0.00890536507527591
2008-05-17,3.85,3.028585,0.247754767586526
2008-05-18,6.12,2.639001,2.29241966401702
2008-05-19,2.02,2.339387,0.442161366811409
2008-05-20,0,2.383156,0.00146741159795679
2008-05-21,0,2.42365,2.95854264898048e-06
2008-05-22,0,2.461305,5.44335106185416e-09
2008-05-23,0,2.606313,8.62439878396145e-12
2008-05-24,0,2.867994,1.07186236515986e-14
2008-05-25,1.17,2.629301,0.00166024615657666
2008-05-26,1.54,3.350946,0.00277899150183262
2008-05-27,1.75,3.523205,0.00382626989717445
2008-05-28,3.7,3.655748,0.0778360936186742
2008-05-29,3.92,3.761087,0.154991291267131
2008-05-30,44.47,3.50933,36.4368165542699
2008-05-31,5.93,3.697579,4.60535560216535
2008-06-01,0,3.368706,0.0105664235996354
2008-06-02,0,3.454565,8.92099326122703e-06
2008-06-03,0.52,3.971857,4.55289064866922e-05
2008-06-04,0.03,3.45583,1.77223741255854e-07
2008-06-05,0,3.141066,1.74928307499608e-10
2008-06-06,6.47,3.078773,1.57570311069492
2008-06-07,6.19,3.13277,2.55145140508034
2008-06-08,0.92,2.787799,0.0496812500991567
2008-06-09,2.18,3.755817,0.0109215438442667
2008-06-10,0,4.159685,5.6163354714701e-06
2008-06-11,0,4.07287,2.8381199058148e-09
2008-06-12,0,3.136269,2.80827088965252e-12
2008-06-13,9.25,2.231893,4.50090418400458
2008-06-14,1.04,2.320891,0.251281487375762
2008-06-15,4.75,2.339798,1.5105289432374
2008-06-16,0,2.462896,0.00639172036892125
2008-06-17,0,2.820332,9.06419666517616e-06
2008-06-18,0,3.041625,9.77356008634094e-09
2008-06-19,0,3.119525,9.80674563242804e-12
2008-06-20,4.62,3.22411,0.365734256251428
2008-06-21,0,3.121795,0.000533202620452596
2008-06-22,0,3.957402,2.9694508753447e-07
2008-06-23,7.5,3.921468,1.67855944783415
2008-06-24,0,3.118923,0.00340544681581166
2008-06-25,0,3.932298,1.97961723292003e-06
2008-06-26,2.13,3.92766,0.00399928108620915
2008-06-27,0,3.264205,3.81562962053452e-06
2008-06-28,0.95,2.940106,0.000631204327330306
2008-06-29,0.07,3.492742,2.21552141123784e-06
2008-06-30,0,3.630979,1.50819263780382e-09
2008-07-01,0,3.509337,1.11715579497546e-12
2008-07-02,0,3.987754,5.9332167149006e-16
2008-07-03,16.77,4.305755,9.12844100336029
2008-07-04,11.97,3.173422,8.64682486927424
2008-07-05,1.13,2.994688,0.265188807378871
2008-07-06,0.13,3.229766,0.000524382768840736
2008-07-07,0,3.301082,4.69335370978801e-07
2008-07-08,9.3,2.906226,3.94896919678351
2008-07-09,2.43,2.796363,0.615877521648276
2008-07-10,0,3.03377,0.00106709782211918
2008-07-11,0,3.840116,6.4834833561235e-07
2008-07-12,2.24,3.249845,0.00934357733595952
2008-07-13,0,2.98676,1.1548668167372e-05
2008-07-14,0,2.936294,1.3637952885583e-08
2008-07-15,0,3.006315,1.50431085173726e-11
2008-07-16,0,3.390598,1.21759017497195e-14
2008-07-17,1.09,3.188794,0.000737169035434168
2008-07-18,0.4,2.974626,8.16748351157894e-05
2008-07-19,0.21,3.080645,1.02796060010345e-05
2008-07-20,7.19,3.261246,1.97982305791045
2008-07-21,0.21,2.597297,0.0122559794412294
2008-07-22,1.34,2.307831,0.00834145894158578
2008-07-23,0.06,2.812069,2.24748162149323e-05
2008-07-24,0,3.277093,2.00630361859519e-08
2008-07-25,0,3.537541,1.45634423773954e-11
2008-07-26,0,3.927065,8.05276407868451e-15
2008-07-27,2.42,3.987414,0.00604303478269837
2008-07-28,0.06,3.798034,7.73530295097046e-06
2008-07-29,1.85,4.33812,0.00176609951419379
2008-07-30,0,3.829969,1.08834709183559e-06
2008-07-31,0,4.094183,5.41265380024467e-10
2008-08-01,0,4.489154,2.10849360173643e-13
2008-08-02,1.8,3.655958,0.00268016499286099
2008-08-03,1.33,3.235747,0.00206031352822571
2008-08-04,0.73,3.530902,0.000278825366657139
2008-08-05,19.38,3.289647,12.5299805525653
2008-08-06,0,3.059017,0.085720070742932
2008-08-07,0,3.816206,6.11324503997433e-05
2008-08-08,1.47,3.372968,0.00187735194048041
2008-08-09,12.14,2.922485,6.47284616090062
2008-08-10,0,3.065935,0.0257808775805275
2008-08-11,0.59,3.044565,0.000568820884342836
2008-08-12,0.17,3.0177,1.18674484542318e-05
2008-08-13,10.38,3.14744,4.65150426638984
2008-08-14,0.12,2.845515,0.0250739271008346
2008-08-15,0,2.63938,4.49665780753037e-05
2008-08-16,0,2.581485,7.41164608652358e-08
2008-08-17,0,2.573532,1.21353303489946e-10
2008-08-18,3.53,2.644942,0.187535510369703
2008-08-19,0,3.151406,0.000244204138295308
2008-08-20,2,3.057616,0.00832009039821957
2008-08-21,2.14,2.546305,0.0301278437742404
2008-08-22,0,2.659502,5.35375545871357e-05
2008-08-23,17.94,2.472761,11.981560969629
2008-08-24,0.82,2.336311,0.599397671064703
2008-08-25,4.22,2.28043,1.39757668714835
2008-08-26,0.73,2.543905,0.0249358264278192
2008-08-27,0,2.736315,4.06214012072189e-05
2008-08-28,0,2.422829,7.85246895364799e-08
2008-08-29,0,2.708872,1.12969812694457e-10
2008-08-30,0,2.834149,1.44715982364675e-13
2008-08-31,0,2.963003,1.65544661419964e-16
2008-09-01,0,3.136793,1.63664934545074e-19
2008-09-02,0,2.765324,2.2312019196253e-22
2008-09-03,8.98,2.591131,3.95557485586037
2008-09-04,5.54,2.02723,3.48229079635129
2008-09-05,0,2.087481,0.0397023694126093
2008-09-06,22.84,2.234071,17.0783691872462
2008-09-07,2.08,2.491171,1.61275592319818
2008-09-08,5.07,2.183521,2.47577247277069
2008-09-09,0,2.223232,0.0184549253003998
2008-09-10,0.48,2.357897,0.000679637364528851
2008-09-11,0.05,2.711845,3.15020682567953e-06
2008-09-12,1.02,2.571753,0.00117092501053679
2008-09-13,19.29,2.192404,13.5612197812328
2008-09-14,17.53,1.801987,15.4426168474837
2008-09-15,0,1.65603,0.71933858088427
2008-09-16,0,1.569091,0.00953750561914408
2008-09-17,0,1.723211,4.87027147060351e-05
2008-09-18,0,1.538599,2.86453702499084e-07
2008-09-19,0,1.440773,1.92591512191763e-09
2008-09-20,0,1.624273,9.73113465896772e-12
2008-09-21,0,1.499982,5.93088644841105e-14
2008-09-22,0,1.462788,3.83369003946767e-16
2008-09-23,0,1.543511,2.18429395700658e-18
2008-09-24,1.27,1.557238,0.0109687606282485
2008-09-25,0.03,1.743072,7.45279002707964e-05
2008-09-26,0,1.777951,3.10993672060922e-07
2008-09-27,0,1.691646,1.43070816386255e-09
2008-09-28,0,1.566538,7.8760161178692e-12
2008-09-29,0,1.479006,4.96133259350601e-14
2008-09-30,0.09,1.403472,3.57365548347681e-06
2008-10-01,12.24,1.423459,7.84636300055375
2008-10-02,10.71,1.603801,8.8712782199683
2008-10-03,7.7,1.331589,6.58611584170099
2008-10-04,2.2,1.207945,1.89352158562723
2008-10-05,0.46,1.28195,0.187639587643459
2008-10-06,19.77,1.357242,15.4054618899311
2008-10-07,18.28,1.796667,16.2910880765767
2008-10-08,0.39,1.851831,0.876347194655005
2008-10-09,3.01,1.693426,1.10724358087492
2008-10-10,0,1.541978,0.0184978580970649
2008-10-11,0,1.505726,0.00013846399206267
2008-10-12,0,1.464269,9.26086216177299e-07
2008-10-13,0,1.640103,4.59548636142046e-09
2008-10-14,0.03,1.684482,1.17532650979916e-07
2008-10-15,0,1.723606,5.16424939212815e-10
2008-10-16,6.44,1.607637,2.74288963834981
2008-10-17,6.29,1.359308,4.46443486151083
2008-10-18,0,1.061353,0.341962195160149
2008-10-19,0,0.9860402,0.0126181320039367
2008-10-20,0,1.017413,0.000235114166506786
2008-10-21,0,1.192877,2.55317086937818e-06
2008-10-22,8.05,1.485108,4.17350595339832
2008-10-23,0,1.128306,0.286788259591511
2008-10-24,0,1.0494,0.00854094653076754
2008-10-25,0.56,1.046068,0.00627986948690542
2008-10-26,0.03,1.328017,8.59167092142033e-05
2008-10-27,0.36,1.20419,0.000451169371505952
2008-10-28,16.64,1.214173,12.0619252626642
2008-10-29,0.09,0.8992387,1.08619978158997
2008-10-30,0.03,0.8252401,0.097836127589096
2008-10-31,6.76,0.8487676,4.15520461800977
2008-11-01,6.67,0.9492341,5.4278823934344
2008-11-02,5.93,1.065562,4.88797624210676
2008-11-03,0,1.212667,0.307947120712955
2008-11-04,0,1.21,0.00643787962029805
2008-11-05,0,1.229064,7.33183762831379e-05
2008-11-06,0.04,1.220242,4.37939249965787e-06
2008-11-07,0,1.106355,5.41879272311641e-08
2008-11-08,0.22,1.076346,9.34775894500267e-05
2008-11-09,0.12,1.066963,4.27657793834485e-05
2008-11-10,16.72,1.144974,12.1559604667485
2008-11-11,3.07,1.35316,2.96786198194719
2008-11-12,7.76,1.217076,5.89546098963191
2008-11-13,2.81,0.984596,2.46245721395521
2008-11-14,0,0.9072889,0.215762062515472
2008-11-15,0,0.8128485,0.0110228858522378
2008-11-16,0,1.049573,0.000188911651528627
2008-11-17,1.05,1.131416,0.0164973216615555
2008-11-18,0,0.722122,0.000675942713976073
2008-11-19,0.15,0.7668845,0.000285915463421789
2008-11-20,0.06,0.932976,2.93135254678425e-05
2008-11-21,0.45,1.017081,0.00115608202345374
2008-11-22,3.59,0.8411904,1.30120712666303
2008-11-23,5.45,0.5957714,4.05338735280124
2008-11-24,6.59,0.5635995,5.69457470950764
2008-11-25,1.93,0.6263418,2.05241122027249
2008-11-26,0.24,0.5752641,0.422426730459365
2008-11-27,0,0.583843,0.0507536170783454
2008-11-28,0.11,0.587428,0.00746591049916327
2008-11-29,0,0.5019052,0.000577475790639393
2008-11-30,0,0.5312045,3.45255010673198e-05
2008-12-01,9.93,0.603584,6.60259408313467
2008-12-02,8.54,0.5807372,7.75970675398156
2008-12-03,6.06,0.6438079,5.67814248284206
2008-12-04,16.63,0.5693876,14.9581051237204
2008-12-05,12.41,0.5931328,12.0486662610973
2008-12-06,14.54,0.7686026,13.5742618394703
2008-12-07,2.09,0.7174219,2.83396558924078
2008-12-08,0.35,0.6800738,0.541871597318076
2008-12-09,0,0.4742816,0.0918412141057676
2008-12-10,1.35,0.5283458,0.400322375552927
2008-12-11,0,0.5824368,0.0476825259882499
2008-12-12,0,0.5523222,0.00391415995019527
2008-12-13,0,0.5418535,0.000249224708132839
2008-12-14,0,0.4912891,1.67138192253435e-05
2008-12-15,1.34,0.5968961,0.131574264591424
2008-12-16,0,0.6298593,0.0102520271653692
2008-12-17,0,0.5125397,0.000786966807635474
2008-12-18,3.14,0.4948456,1.23170314571388
2008-12-19,0.18,0.5711073,0.253839924926106
2008-12-20,0.82,0.6786007,0.209079005940269
2008-12-21,2.84,0.8044328,1.27152808185524
2008-12-22,0.42,0.9259063,0.215605988123678
2008-12-23,0.46,0.8907094,0.0484873409849068
2008-12-24,0,0.7651861,0.00203765973172201
2008-12-25,0,0.6401317,9.02715340174797e-05
2008-12-26,0,0.6911374,3.10760299550185e-06
2008-12-27,0,0.5303401,1.71113444458701e-07
2008-12-28,0,0.4579273,1.20876246295367e-08
2008-12-29,0,0.4541913,8.62926695661806e-10
2008-12-30,0,0.4023186,7.53269824426456e-11
2008-12-31,0,0.3799093,7.20687787546873e-12
2009-01-01,1.31,0.4981534,0.143212427725122
2009-01-02,0,0.5284282,0.0158871119649531
2009-01-03,0,0.4171373,0.00183815297911737
2009-01-04,0,0.4748072,0.000141872703884529
2009-01-05,0,0.4247358,1.2064237848189e-05
2009-01-06,0.8,0.4707253,0.0347473929676708
2009-01-07,0,0.3720257,0.00534091578404166
2009-01-08,0,0.2919532,0.000954964789464373
2009-01-17,0.42,0.5584137,0.00601762652898469
2009-01-18,1.32,0.6813924,0.162383298808418
2009-01-19,22.13,0.7308494,18.1710718396115
2009-01-20,12.78,0.8144309,12.4092362265586
2009-01-21,1.41,0.6632489,2.25803533082028
2009-01-22,0.06,0.6236257,0.338931739197928
2009-01-23,4.57,0.6471815,2.81685096496944
2009-01-24,33.84,0.7914717,30.3155291266414
2009-01-25,0,0.6569303,2.16329797185516
2009-01-26,0,0.5699618,0.322927191211925
2009-01-27,0,0.5521673,0.0399919131592847
2009-01-28,0,0.5509913,0.00320222271546295
2009-01-29,0,0.5108741,0.000224214767224436
2009-01-30,0,0.5765682,1.1181153150567e-05
2009-01-31,0,0.5665488,5.50161404067119e-07
2009-02-01,0,0.5220466,3.09472314022541e-08
2009-02-02,0,0.5541468,1.55316076135312e-09
2009-02-03,2.77,0.6129549,0.83050712482954
2009-02-04,2.17,0.6787131,1.24885395577927
2009-02-05,0.51,0.666439,0.364571571904238
2009-02-06,0.96,0.7441937,0.2886549266196
2009-02-07,0.07,0.812506,0.0212577046063134
2009-02-08,0.25,0.7806473,0.00440026867649097
2009-02-09,0,0.678167,0.000182149934185845
2009-02-10,15.43,0.6765619,11.4613290135683
2009-02-11,20.33,0.8420598,18.7929259219473
2009-02-12,4.13,0.6997881,4.89240295041717
2009-02-13,0.9,0.6415553,1.19049166346774
2009-02-14,0.18,0.6504734,0.214260927329678
2009-02-15,0.41,0.6711149,0.0729053470359289
2009-02-16,0.42,0.552574,0.0459275188919187
2009-02-17,2.34,0.7636287,0.750570421162481
2009-02-18,3.1,0.9284083,1.69318859332486
2009-02-19,0,0.6204886,0.233206304454353
2009-02-20,0.2,0.6515353,0.0426099858573217
2009-02-21,0.37,0.8463477,0.0108509012599088
2009-02-22,0.16,0.9237023,0.00103744295578431
2009-02-23,0.76,0.9415536,0.0108582925428663
2009-02-24,3.07,0.9503117,0.972469507879895
2009-02-25,0,0.9155488,0.0630257522856492
2009-02-26,0,0.7839816,0.00262867846505937
2009-02-27,0.03,0.9587813,8.23040305831054e-05
2009-02-28,0.23,1.007072,0.000210432360407295
2009-03-01,0,1.191543,2.28645415609476e-06
2009-03-02,0.53,1.088806,0.00143470103094996
2009-03-03,0,1.150314,1.77517873738244e-05
2009-03-04,0,0.8627117,3.80081068338125e-07
2009-03-05,12.68,0.9743282,8.65335734050094
2009-03-06,0.84,0.9225834,1.32611038158413
2009-03-07,0.99,0.9523436,0.47663266062044
2009-03-08,0,0.939773,0.0222248918828857
2009-03-09,5.36,1.143397,2.56061720497733
2009-03-10,3.37,0.9731626,2.38402451095987
2009-03-11,8.83,1.015949,6.87803835074264
2009-03-12,0.06,1.048857,0.584860680729809
2009-03-13,0.48,1.019982,0.0952053822624544
2009-03-14,0.72,1.293924,0.0219791520369147
2009-03-15,0.19,1.283224,0.000956855791207418
2009-03-16,0,1.359721,7.91728014091486e-06
2009-03-17,0,1.362313,6.12071002095283e-08
2009-03-18,0,1.166164,6.66712125477673e-10
2009-03-19,0,1.158998,7.34770320286409e-12
2009-03-20,0,1.102972,9.03961780827781e-14
2009-03-21,0,0.983947,1.42825112142754e-15
2009-03-22,0,1.010108,2.13154632214845e-17
2009-03-23,0,1.030969,3.04237075392559e-19
2009-03-24,7.42,1.207847,3.88362616271754
2009-03-25,3.03,1.04511,2.30215767529408
2009-03-26,9.97,0.9790548,7.8946035008543
2009-03-27,8.64,1.175474,7.44719954298023
2009-03-28,6.76,1.249385,5.68915748821926
2009-03-29,7.82,1.244052,6.38581757951167
2009-03-30,0.22,1.239028,0.52396718915421
2009-03-31,0,1.257783,0.0117287220940258
2009-04-01,0,1.32152,0.000116876792538823
2009-04-02,0,1.635394,5.99503467249799e-07
2009-04-03,0,1.998539,1.84353816174058e-09
2009-04-04,0,1.927537,6.16979471541827e-12
2009-04-05,0,1.846024,2.29211988367925e-14
2009-04-06,0,1.729523,9.96371288571515e-17
2009-04-07,0,1.879651,3.5429215529554e-19
2009-04-08,0.04,1.726466,2.18081718149333e-07
2009-04-09,2.02,1.751832,0.0538965903954056
2009-04-10,0.75,2.091525,0.00406194599020543
2009-04-11,0,2.379295,8.81820407747632e-06
2009-04-12,0.58,2.365185,0.000259654495227404
2009-04-13,0,2.273704,5.98148619758562e-07
2009-04-14,0,2.278798,1.33040934598893e-09
2009-04-15,0,2.300572,2.88032276861032e-12
2009-04-16,0,2.3718,5.77754909044613e-15
2009-04-17,3.56,1.90995,0.501850577356347
2009-04-18,15.77,1.691137,11.7137108855857
2009-04-19,5.1,1.740955,4.25796734812803
2009-04-20,0.18,2.139026,0.0728547886984377
2009-04-21,0,2.229018,0.000223004900089245
2009-04-22,0,2.324557,4.85101838263704e-07
2009-04-23,0,2.078975,1.35362015780729e-09
2009-04-24,0,1.648623,6.60106298342153e-12
2009-04-25,0,1.794894,2.62452793039421e-14
2009-04-26,0.46,1.865264,0.000213795560068916
2009-04-27,6.76,2.318762,2.45237465514709
2009-04-28,1.71,1.983741,0.493097020541653
2009-04-29,2.46,1.786177,0.557701523817911
2009-04-30,7.16,1.590243,4.2647078556435
2009-05-01,0,1.930967,0.0736032571199532
2009-05-02,0.75,2.3378,0.00340019857120848
2009-05-03,0,2.708936,5.25569093915951e-06
2009-05-04,0,2.077851,1.47592666864021e-08
2009-05-05,0,1.902105,5.10480238444857e-11
2009-05-06,0.44,1.818944,0.000199562738395048
2009-05-07,0,2.122687,5.44181989089329e-07
2009-05-08,0,2.36927,1.09829578144554e-09
2009-05-09,1.77,2.434079,0.00975224730907203
2009-05-10,4.72,2.094593,1.2632819542
2009-05-11,3.48,2.453522,1.00986764060799
2009-05-12,12.49,2.420822,8.34435646836798
2009-05-13,10.29,2.145917,8.04199383390797
2009-05-14,0,2.610996,0.0723607048242309
2009-05-15,18.19,2.775262,12.3716694425366
2009-05-16,4.95,2.446969,3.56540628317652
2009-05-17,0.25,2.197536,0.057119285942686
2009-05-18,1.37,2.456547,0.0117499173479323
2009-05-19,0,2.339,2.77946178346871e-05
2009-05-20,0,2.561159,4.66185817440903e-08
2009-05-21,0,2.958158,5.36090815082765e-11
2009-05-22,4.02,3.057369,0.21202754986809
2009-05-23,0,2.734146,0.000418553579414048
2009-05-24,0,2.907868,5.18767470197544e-07
2009-05-25,0,3.913302,2.90137394767925e-10
2009-05-26,0,4.20187,1.34446453721997e-13
2009-05-27,1.01,2.944525,0.000726272904113855
2009-05-28,0,2.174284,1.90045045925762e-06
2009-05-29,0.68,2.622108,0.000302948609378591
2009-05-30,0,2.931649,3.66392862194478e-07
2009-05-31,0,2.895581,4.45542382139196e-10
2009-06-01,0,2.892344,5.42045034238537e-13
2009-06-02,0,3.310001,4.66879095392278e-16
2009-06-03,0,3.607307,3.21936671788754e-19
2009-06-04,0,2.896547,3.90129465289544e-22
2009-06-05,0,2.329021,8.1883648263444e-25
2009-06-06,0,2.304042,0
2009-06-07,1.87,2.10746,0.0200342257038036
2009-06-08,6.38,2.410382,2.29549421327373
2009-06-09,1.94,2.655424,0.272246890149914
2009-06-10,2.03,3.00336,0.0394888723056261
2009-06-11,13.09,2.789467,7.68361182291422
2009-06-12,6.23,2.703289,3.95680500381823
2009-06-13,0,2.706008,0.018800056076403
2009-06-14,0,3.054897,2.25206308953065e-05
2009-06-15,2.03,3.646948,0.00444010108325914
2009-06-16,26.93,3.054263,19.8462290177924
2009-06-17,1.2,2.916752,0.85473958732158
2009-06-18,0,3.165088,0.00139287075945226
2009-06-19,0,3.165592,1.40940706643898e-06
2009-06-20,0,2.899616,1.71056383706242e-09
2009-06-21,0.5,2.424626,0.000138283016032341
2009-06-22,5.11,2.306557,1.23485331117623
2009-06-23,0,2.570292,0.00424661099909736
2009-06-24,0,3.037999,4.89884737963264e-06
2009-06-25,0,3.666297,3.25638843120133e-09
2009-06-26,0,4.08087,1.62923826489074e-12
2009-06-27,0,3.896434,9.19303727937508e-16
2009-06-28,4.36,3.516741,0.18227819279814
2009-06-29,0.19,3.851752,0.000268933265222036
2009-06-30,3.32,4.325484,0.018417399003179
2009-07-01,0,4.590717,7.37247296446842e-06
2009-07-02,0,4.611983,2.6882541983731e-09
2009-07-03,0,4.923543,8.20881355143444e-13
2009-07-04,0.33,4.393494,8.10801156092324e-06
2009-07-05,0,4.346181,3.45757762525293e-09
2009-07-06,0.22,4.249085,2.81055935201993e-06
2009-07-07,9.25,3.612511,3.29643798910872
2009-07-08,4.31,2.889095,1.69381454833122
2009-07-09,7.1,2.987057,3.43833165866278
2009-07-10,3.41,2.577553,1.31042847781149
2009-07-11,0.05,2.505075,0.00563476223980989
2009-07-12,0,2.786487,8.21331516593598e-06
2009-07-13,4.19,3.123471,0.250997533838643
2009-07-14,4.31,3.615325,0.424037742443706
2009-07-15,0,3.802904,0.000355522303403534
2009-07-16,0,3.788282,2.2123513265756e-07
2009-07-17,0,3.844505,1.29510420506553e-10
2009-07-18,4.98,3.326695,0.48028077752404
2009-07-19,1.22,2.89138,0.0153331435631445
2009-07-20,5.51,2.987741,1.18973603879449
2009-07-21,0.16,3.315642,0.00260176718894201
2009-07-22,9.65,4.311081,3.14070308639639
2009-07-23,5.99,4.281851,1.81528651086346
2009-07-24,8.85,3.467221,4.49995896434507
2009-07-25,3.42,3.112767,1.0816345275242
2009-07-26,0.59,2.964768,0.00830875050178956
2009-07-27,0,3.303321,7.83911729400257e-06
2009-07-28,2.58,3.164488,0.0191901840805748
2009-07-29,0,3.047309,2.31626672748415e-05
2009-07-30,9.48,3.582638,3.52289944717288
2009-07-31,0.08,3.123845,0.0108621608185896
2009-08-01,0,2.961106,1.38113900208338e-05
2009-08-02,0,3.487834,1.04766268779441e-08
2009-08-03,9.39,3.043829,3.89743410700788
2009-08-04,0.63,2.967963,0.0402127644810852
2009-08-05,0,3.08849,4.87028206674654e-05
2009-08-06,0,3.394183,3.98316591438981e-08
2009-08-07,0,3.823559,2.3632922600656e-11
2009-08-08,0.15,3.863287,1.1983353225119e-06
2009-08-09,0,3.549021,8.64819455661568e-10
2009-08-10,0,3.526416,6.32561165141631e-13
2009-08-11,0,3.736363,3.98245720490139e-16
2009-08-12,1.65,3.35621,0.00258708465991765
2009-08-13,0,3.343398,2.29541318655375e-06
2009-08-14,30.19,3.129776,22.6445900902852
2009-08-15,0,2.944408,0.320259676974973
2009-08-16,0,3.172161,0.000437378172761577
2009-08-17,0,3.704509,2.89155709113e-07
2009-08-18,0,3.453029,2.23724318432443e-10
2009-08-19,0,3.122391,2.23844277465098e-13
2009-08-20,0,3.664809,1.48172467888295e-16
2009-08-21,2.08,4.415073,0.00242566319417364
2009-08-22,5.15,2.893412,0.92120726382221
2009-08-23,0,2.789335,0.00225325587332694
2009-08-24,0,2.830374,3.0779110174971e-06
2009-08-25,0,3.23881,2.81726218919957e-09
2009-08-26,2.52,3.113473,0.0177878570257175
2009-08-27,0,2.899563,2.44159074125828e-05
2009-08-28,0,3.16247,2.38984429899717e-08
2009-08-29,0.17,2.683121,4.62613288930502e-06
2009-08-30,0,2.244487,1.07289112010082e-08
2009-08-31,0,2.166915,2.69564321937822e-11
2009-09-01,0,2.650404,4.09180307754755e-14
2009-09-02,11.1,2.558096,5.78093559851545
2009-09-03,0.46,2.521474,0.105398355675922
2009-09-04,11.03,2.443825,6.36269119131633
2009-09-05,15.91,1.931925,13.0648322250268
2009-09-06,0,2.043467,0.390129060774997
2009-09-07,0,1.951387,0.00225947549805704
2009-09-08,0,2.27679,5.39622559058337e-06
2009-09-09,0,2.516431,9.40473431178378e-09
2009-09-10,0,2.670638,1.40134758404863e-11
2009-09-11,0.13,2.524838,2.41082793349927e-06
2009-09-12,0,2.304254,5.22858186831381e-09
2009-09-13,0,2.255469,1.18938561021132e-11
2009-09-14,0.23,1.891005,2.60161004681299e-05
2009-09-15,1.65,1.85738,0.0195776535593821
2009-09-16,0,2.043344,6.76491267328892e-05
2009-09-17,0,2.336488,1.43719889975992e-07
2009-09-18,0,2.48835,2.56209625275034e-10
2009-09-19,0,2.431557,4.83028353281934e-13
2009-09-20,0.65,2.425047,0.000308502939142763
2009-09-21,0.23,2.541699,2.83533262305354e-05
2009-09-22,0,2.51324,4.98826800034909e-08
2009-09-23,0,2.130404,1.30788916233464e-10
2009-09-24,0,2.048132,3.77252126875421e-13
2009-09-25,0,2.136672,9.80585035932226e-16
2009-09-26,0,1.807652,3.83247491234704e-18
2009-09-27,0,1.744725,1.63121586668535e-20
2009-09-28,0,1.806492,6.38510785990512e-23
2009-09-29,0,1.737427,2.74517145000647e-25
2009-09-30,0,1.9004,0
2009-10-01,0.05,2.088927,2.56890348050016e-07
2009-10-02,0,1.704401,1.1604554749986e-09
2009-10-03,0,1.398388,8.33425330235441e-12
2009-10-04,0,1.361371,6.36596193290291e-14
2009-10-05,0.79,1.736741,0.00145744381110753
2009-10-06,16.58,1.611057,11.6650584111869
2009-10-07,3.44,2.17422,2.52938984312896
2009-10-08,4.29,2.514847,1.83062151519531
2009-10-09,7.33,2.106764,4.44475945938965
2009-10-10,0.03,1.651734,0.138485497161287
2009-10-11,10.96,1.763238,6.9897240617283
2009-10-12,11.68,1.523339,9.71081248693809
2009-10-13,3.97,1.425926,3.42243606789582
2009-10-14,0.55,1.263709,0.403749001269027
2009-10-15,0,0.9227384,0.0185735113682811
2009-10-16,0,0.8372267,0.000559704251252131
2009-10-17,0.47,1.013969,0.00194894980152146
2009-10-18,2.54,1.11932,0.473460733806388
2009-10-19,0,0.9196151,0.0232193623358102
2009-10-20,0,0.8473702,0.000699327637495011
2009-10-21,0,1.016953,1.11656018378998e-05
2009-10-22,0.1,1.374926,9.32193876317951e-06
2009-10-23,0.44,1.216016,0.000647498042979957
2009-10-24,0,1.176927,7.41584141233259e-06
2009-10-25,4.47,1.266465,1.53337535195994
2009-10-26,0.56,1.360998,0.15534035676959
2009-10-27,0.05,1.25101,0.00315106042643889
2009-10-28,0,1.286191,3.10329124544772e-05
2009-10-29,0,1.015541,4.70171104666935e-07
2009-10-30,0,1.051226,6.46847370518061e-09
2009-10-31,0,1.129001,7.56415185595113e-11
2009-11-01,0,1.032294,1.07688447019719e-12
2009-11-02,20.83,1.156498,15.8771390474988
2009-11-03,6.45,1.144117,6.28000933498679
2009-11-04,12.17,1.024777,10.5357409401523
2009-11-05,10.72,1.058499,9.68696955587811
2009-11-06,3.44,1.012393,3.34707725303535
2009-11-07,1.53,1.027264,1.13079080236659
2009-11-08,9.83,0.9694805,7.41095895583118
2009-11-09,0,0.9081361,0.678811412316052
2009-11-10,0.68,0.9466661,0.192263308032055
2009-11-11,0.4,0.9018559,0.0352202595311853
2009-11-12,0,0.802691,0.00126599314898225
2009-11-13,0.44,0.8808149,0.00276539649637329
2009-11-14,0.28,1.266484,0.000534545569271382
2009-11-15,3.53,1.267145,0.936515318722818
2009-11-16,2.45,1.136858,1.14741289958351
2009-11-17,13.31,1.21371,10.2861460877679
2009-11-18,11.27,1.138559,10.0796709878715
2009-11-19,0,1.074777,0.772762049201206
2009-11-20,0,0.9915159,0.0379565022320609
2009-11-21,0,0.9228478,0.00100467910912358
2009-11-22,0.21,1.127094,0.000266774362045649
2009-11-23,4.53,1.124333,1.72599333312886
2009-11-24,24.24,1.063332,20.7008505332053
2009-11-25,7.41,1.147095,7.43981144632069
2009-11-26,8.44,1.082727,7.30476826968337
2009-11-27,7.14,0.9823672,6.24654460126359
2009-11-28,10.81,0.9250795,9.40464400587291
2009-11-29,18.35,0.9301861,16.6595998501675
2009-11-30,5.78,0.966407,5.91965790008401
2009-12-01,0.33,0.810569,0.809796624135446
2009-12-02,2.78,0.7297961,1.63815950526883
2009-12-03,5.76,0.7424351,4.29072675304737
2009-12-04,20.28,0.8859177,17.7925530098364
2009-12-05,0,0.6863083,1.53301192008959
2009-12-06,10.46,0.767214,8.30505900694385
2009-12-07,13.32,0.979632,11.8740399968643
2009-12-08,2.62,0.802062,3.05488310931729
2009-12-09,8.31,0.8043016,6.77362103395718
2009-12-10,1.23,0.7992892,1.51845187648105
2009-12-11,6.79,0.9395251,4.94517230748057
2009-12-12,1.91,0.8305926,1.77877522885686
2009-12-13,0.1,0.6603587,0.271132038314681
2009-12-14,0.29,0.5729269,0.0812428586131388
2009-12-15,0,0.4644361,0.0100476869495837
2009-12-16,0,0.4829431,0.000857672979255695
2009-12-17,0,0.4667883,6.56983789671136e-05
2009-12-18,0,0.4009569,6.0511951293889e-06
2009-12-19,0,0.4173667,5.07340169782337e-07
2009-12-20,0.49,0.2637233,0.0145997113918941
2009-12-21,6.53,0.3118097,4.19191950576987
2009-12-22,5.62,0.4667029,4.97666388260346
2009-12-23,15.94,0.6197243,14.1660034172299
2009-12-24,0,0.5673743,1.40585864656939
2009-12-25,6.54,0.5962517,5.00639329760719
2009-12-26,7.98,0.6521371,6.97529860662325
2009-12-27,0,0.5833494,0.851882987588273
2009-12-28,8.93,0.5283053,6.9115166740875
2009-12-29,0.2,0.596746,0.966662657661244
2009-12-30,13.94,0.6006402,11.3672457480748
2009-12-31,4.82,0.9727193,4.6805881395285
