"Date","P","E","MXII_Q_sim"
2004-09-02,0,2.113637,0
2004-09-03,0,2.284305,0
2004-09-04,0,2.757288,0
2004-09-05,0,2.852728,0
2004-09-06,0,2.882288,0
2004-09-07,0,2.759263,0
2004-09-08,0,2.680601,0
2004-09-09,0,2.677378,0
2004-09-10,0,2.387042,0
2004-09-11,0,2.376496,0
2004-09-12,2.56,2.716567,0.00196481419712346
2004-09-13,0.4,2.149183,0.00365685035576709
2004-09-14,0,2.107571,0.00277437827252327
2004-09-15,1.41,1.976001,0.00270666194063789
2004-09-16,0.28,1.704098,0.00278726276347494
2004-09-17,0,1.448402,0.0020921708083543
2004-09-18,0,1.587894,0.00151652104563217
2004-09-19,0,1.871197,0.00110539529616073
2004-09-20,2.26,1.978648,0.00274414121596339
2004-09-21,0,1.634728,0.00406345344956186
2004-09-22,1.32,1.840719,0.00372166207103324
2004-09-23,1.79,1.640583,0.00555820810741458
2004-09-24,14.07,1.869767,0.097377220560455
2004-09-25,0.45,1.48158,0.168943572090452
2004-09-26,0.67,1.552072,0.123513759871873
2004-09-27,0.19,1.701439,0.0900534639336429
2004-09-28,0.17,1.707937,0.0652417925121421
2004-09-29,0.22,1.918793,0.0474481895692085
2004-09-30,0.24,1.802173,0.0347258477862747
2004-10-01,0,1.592697,0.0256076427258652
2004-10-02,1.83,1.870887,0.0203347986089879
2004-10-03,0,1.646764,0.0166619020845801
2004-10-04,0,1.448458,0.0126724685694696
2004-10-05,0,1.877995,0.00981710961674944
2004-10-06,0.18,2.073062,0.00778044693807224
2004-10-07,6.15,1.500013,0.0289593852359183
2004-10-08,0,1.218998,0.0458146539937245
2004-10-09,0.46,1.205347,0.0340590842639562
2004-10-10,1.81,1.369293,0.0285287512842623
2004-10-11,0,1.256048,0.0243343882495725
2004-10-12,0.03,1.158983,0.018306726881849
2004-10-13,0.09,1.209478,0.014009331488264
2004-10-14,0,1.27022,0.0109247075340996
2004-10-15,12.23,1.358412,0.0811862760372829
2004-10-16,6.52,1.145263,0.182667161191952
2004-10-17,7.73,1.05341,0.239716268193994
2004-10-18,8.21,1.068011,0.299913905074923
2004-10-19,3.43,1.118989,0.307375900072708
2004-10-20,0,1.071919,0.246146670070655
2004-10-21,26.45,1.69434,0.399120323269935
2004-10-22,6.71,1.454203,0.57547070559273
2004-10-23,0,1.153814,0.469488858967386
2004-10-24,0,1.585888,0.340224917369525
2004-10-25,1.91,1.457917,0.251042058934826
2004-10-26,0.13,1.476742,0.187663965250121
2004-10-27,0,1.06086,0.139029151808289
2004-10-28,1.34,1.060081,0.105463087564198
2004-10-29,11.48,1.32757,0.160412317109885
2004-10-30,9.61,1.257509,0.282916398742834
2004-10-31,1.02,1.106807,0.296848003582156
2004-11-01,0,1.089128,0.223066385621932
2004-11-02,0.51,1.114508,0.165928279459466
2004-11-03,2.28,1.132146,0.131273945095051
2004-11-04,0.87,1.165112,0.108016503518287
2004-11-05,7.84,1.214399,0.137466411503405
2004-11-06,0,0.9872853,0.160590627079276
2004-11-07,5.06,0.9161867,0.153157515889446
2004-11-08,0.3,0.8776983,0.151343373551243
2004-11-09,2.13,0.7714481,0.1257640847218
2004-11-10,0,0.6820809,0.107112113326117
2004-11-11,7.52,0.6343335,0.140192392079933
2004-11-12,0.06,0.6871911,0.168438764044693
2004-11-13,0.32,0.7144714,0.128096421107338
2004-11-14,0.25,0.7467596,0.0995105630024321
2004-11-15,0.03,0.6498458,0.0781501232875627
2004-11-16,0,0.5261134,0.0623359776025908
2004-11-17,0.13,0.7804892,0.0510108399322736
2004-11-18,1.38,0.9692749,0.0446005359103613
2004-11-19,8.88,0.9393669,0.102249520434362
2004-11-20,5.37,0.6592451,0.19154119771794
2004-11-21,0,0.4911742,0.192189809969978
2004-11-22,1.16,0.5215181,0.150371382268671
2004-11-23,1.51,0.9227881,0.128140917466703
2004-11-24,3.09,0.943699,0.125128619168743
2004-11-25,0,0.5339188,0.116666472772463
2004-11-26,0,0.4981881,0.0903030491801044
2004-11-27,0.03,0.6245914,0.0714623608009638
2004-11-28,4.11,0.839671,0.0791407510144633
2004-11-29,0.04,0.8040129,0.086254287823473
2004-11-30,0,0.7893474,0.0686131336320199
2004-12-01,0,0.6858214,0.055836486086112
2004-12-02,4.03,0.6522361,0.0655632007822261
2004-12-03,0.91,0.6546811,0.077787994812976
2004-12-04,0.34,0.6343503,0.0675784783728335
2004-12-05,0,0.4875218,0.0561534638956073
2004-12-06,0,0.4631441,0.0468036777856059
2004-12-07,0,0.6280405,0.0400632790048898
2004-12-08,0,0.6087703,0.0351861101646847
2004-12-09,0,0.6529787,0.0316395603902067
2004-12-10,0,0.5383515,0.0290434475730302
2004-12-11,0,0.422851,0.0271263927511362
2004-12-12,0,0.3872977,0.0256946803041781
2004-12-13,0,0.3944114,0.0246100304768859
2004-12-14,0,0.3857142,0.0237737334889142
2004-12-15,0,0.363615,0.023115324521272
2004-12-16,0,0.3932182,0.0225844999634491
2004-12-17,4.62,0.4902821,0.0422627964231574
2004-12-18,17.88,0.6691674,0.227926105928566
2004-12-19,2.04,0.611173,0.368351644812308
2004-12-20,5.29,0.5502534,0.335920438207304
2004-12-21,0,0.3892653,0.299011904345555
2004-12-22,0.12,0.3102131,0.221815510532372
2004-12-23,1.32,0.4280471,0.174206260940174
2004-12-24,3.09,0.6583146,0.16278691701863
2004-12-25,5.01,0.8281793,0.190618787962593
2004-12-26,7.73,0.6941871,0.262892860692887
2004-12-27,0,0.5527822,0.274818401908362
2004-12-28,0,0.4746404,0.204718589646911
2004-12-29,5.72,0.4642913,0.201651470670772
2004-12-30,4.41,0.5442014,0.243331939888981
2004-12-31,0.03,0.5549419,0.225972006313792
2005-01-01,1.26,0.6894726,0.176982077294786
2005-01-02,2.69,0.8096346,0.159923472335864
2005-01-03,1.61,0.6931758,0.152227337287087
2005-01-04,0.55,0.6132231,0.131202522434312
2005-01-05,0.03,0.6386116,0.105464496930463
2005-01-06,3.78,0.6912808,0.108561560510829
2005-01-07,1.83,0.7893056,0.124008092821918
2005-01-08,0.06,0.9149299,0.109954271515862
2005-01-09,1.97,0.8233667,0.0962014210768503
2005-01-10,0.07,0.7597027,0.0869502273895658
2005-01-11,1.94,0.9431185,0.0782310052212423
2005-01-12,1.97,0.8727531,0.0817248279002168
2005-01-13,4.68,0.8354181,0.113523151029496
2005-01-14,0.04,0.6119324,0.129052960331146
2005-01-15,0,0.4819481,0.101152124430452
2005-01-16,0,0.4505649,0.0809566247108888
2005-01-17,0,0.3954557,0.0664544647888724
2005-01-18,5.88,0.5186266,0.098013138281742
2005-01-19,17.98,0.7058651,0.313429267114333
2005-01-20,0.63,0.6284215,0.441289261360585
2005-01-21,11.24,0.902652,0.443198793354382
2005-01-22,5.7,0.7698514,0.504873339474688
2005-01-23,0.09,0.6219703,0.432573077101548
2005-01-24,0.58,0.5759695,0.323356995679795
2005-01-25,0.8,0.4979846,0.248661271406827
2005-01-26,0,0.439901,0.192657790072815
2005-01-27,0,0.4464809,0.148610605747615
2005-01-28,0,0.4250468,0.117060056080684
2005-01-29,0,0.5114991,0.0944306449972533
2005-01-30,0.09,0.4399706,0.0782432430977519
2005-01-31,0.78,0.4875022,0.0676864606620103
2005-02-01,1.74,0.6468565,0.0654347310015759
2005-02-02,1.62,0.7295738,0.0698847886755775
2005-02-03,1.58,0.7273596,0.0757522607554719
2005-02-04,1.55,0.7654879,0.0814756056908808
2005-02-05,0,0.6740511,0.0775427717104399
2005-02-06,0,0.5420755,0.0656350900510418
2005-02-07,0.03,0.5622185,0.057073021121039
2005-02-08,0,0.5549156,0.0508636687908491
2005-02-09,0,0.5920999,0.0462894524945801
2005-02-10,0.04,0.6052468,0.0429388843357828
2005-02-11,11.21,0.782225,0.133158228194456
2005-02-12,7.9,1.006207,0.282821340047175
2005-02-13,10.86,1.13618,0.410440903662257
2005-02-14,8.73,0.6962438,0.52199117863042
2005-02-15,8.43,0.692138,0.580050454323495
2005-02-16,0.33,0.6141471,0.528893479106275
2005-02-17,0.11,0.5508775,0.393478027300068
2005-02-18,0,0.5539304,0.294334985135846
2005-02-19,0.44,0.5415132,0.224039797754476
2005-02-20,4.57,0.6248027,0.208152350650762
2005-02-21,1.55,0.6320815,0.209512864958044
2005-02-22,0.58,0.5840309,0.17783555550518
2005-02-23,0.6,0.5496272,0.146127602671917
2005-02-24,0,0.4561931,0.120065576958446
2005-02-25,0.32,0.4425995,0.0991419968292128
2005-02-26,0,0.4348168,0.0841552682219945
2005-02-27,0.6,0.4946571,0.0737080812949209
2005-02-28,0.36,0.5022481,0.066983630640594
2005-03-01,0,0.3873481,0.0606565925396119
2005-03-05,0.23,0.5887297,0.0555015821335782
2005-03-06,4.94,0.6015626,0.0850726629477791
2005-03-07,0.49,0.5458912,0.11095214552785
2005-03-08,0.94,0.6820855,0.0984596657403213
2005-03-09,1.4,0.839284,0.0940197776186008
2005-03-10,1.3,0.8456676,0.0927242589867393
2005-03-11,0.43,0.8152473,0.0861040502976824
2005-03-12,0.34,0.838068,0.0753297576992621
2005-03-13,4.26,0.8197186,0.0946473231025046
2005-03-14,0.09,0.8383325,0.11003589057242
2005-03-15,0,0.9326511,0.0903559052091724
2005-03-16,0,0.9829395,0.0758573395657544
2005-03-17,0,1.411184,0.0653958152799133
2005-03-18,0,1.589331,0.0578170299870821
2005-03-19,0,1.507555,0.0522970359527208
2005-03-20,0,1.502384,0.048247691448919
2005-03-21,0,1.472723,0.0452491723001129
2005-03-22,0,1.40291,0.0430017988761593
2005-03-23,1.43,1.498569,0.0424402489298292
2005-03-24,0,1.70044,0.0420235260429417
2005-03-25,2.74,1.542112,0.0462451580154195
2005-03-26,0,1.616185,0.0496091753195652
2005-03-27,0.41,1.450103,0.0458591484465127
2005-03-28,0.13,1.625386,0.0431270852663675
2005-03-29,2.35,1.619739,0.0447780644764022
2005-03-30,0.8,1.605759,0.0470748355121384
2005-03-31,5.6,1.557586,0.0764936772993479
2005-04-01,0,1.604459,0.0988639337320847
2005-04-02,0,1.462536,0.0805224604774162
2005-04-03,0,1.440072,0.0673318238864513
2005-04-04,0,1.586499,0.0578188111649499
2005-04-05,0,1.552986,0.0509318388751852
2005-04-06,2.32,1.541074,0.0494501902746828
2005-04-07,6.78,1.396284,0.0960358206490012
2005-04-08,3.63,1.530486,0.154611156912193
2005-04-09,6.71,1.224065,0.21084526403014
2005-04-10,0.52,1.093089,0.230965852271451
2005-04-11,0.39,1.224756,0.178695358146852
2005-04-12,0,1.451623,0.13873869955652
2005-04-13,0,1.538495,0.109103673788982
2005-04-14,0,1.675045,0.0878505658142921
2005-04-15,0,1.745112,0.0725814269591836
2005-04-16,4.33,1.592329,0.076497943527954
2005-04-17,1.58,1.512652,0.085219893255198
2005-04-18,0.2,1.785537,0.0759999398195788
2005-04-19,0.17,1.748204,0.0642105741457576
2005-04-20,5.69,1.599067,0.0845010859170711
2005-04-21,0.44,1.423264,0.102102660422411
2005-04-22,0,1.379885,0.0836137426992118
2005-04-23,0,1.460161,0.0692063398618466
2005-04-24,2.18,1.509001,0.0625080877713153
2005-04-25,0.33,1.940844,0.0581459306917604
2005-04-26,7.72,1.824589,0.100785514928748
2005-04-27,8.3,1.884232,0.209470824034801
2005-04-28,0.76,1.886999,0.241975754424851
2005-04-29,0,1.817897,0.185370962255003
2005-04-30,1.08,2.491382,0.143054806901953
2005-05-01,0,2.654647,0.11281232814857
2005-05-02,0,2.979977,0.0902844116103931
2005-05-03,0.07,2.734749,0.0741093307272162
2005-05-04,5.47,2.253556,0.0829235836272724
2005-05-05,4.04,1.959461,0.112550439506442
2005-05-06,0.18,1.966407,0.113708382927972
2005-05-07,1.99,1.840794,0.095307851093167
2005-05-08,11.17,1.538772,0.183521153475893
2005-05-09,0.32,1.431704,0.250841574713537
2005-05-10,0,1.499452,0.190441974872895
2005-05-11,0.08,1.527832,0.146107659892563
2005-05-12,0,1.616271,0.114364528645131
2005-05-13,0.1,1.963023,0.0915755882274662
2005-05-14,0,2.134367,0.0752111994363324
2005-05-15,16.04,2.091104,0.204850608093365
2005-05-16,0.86,2.068168,0.310860658869216
2005-05-17,0,2.115844,0.235416356160991
2005-05-18,0,1.993742,0.178671175861385
2005-05-19,0.03,1.84385,0.138063823680153
2005-05-20,0,2.129164,0.1089744016636
2005-05-21,10.91,2.984589,0.15890797026682
2005-05-22,0,2.696783,0.199936998934066
2005-05-23,0,2.48452,0.153415685907914
2005-05-24,0.2,2.461813,0.120129826889549
2005-05-25,0,2.439509,0.0962676708472314
2005-05-26,0,3.291149,0.0791023726049183
2005-05-27,0,3.752751,0.0667469966456506
2005-05-28,0.05,4.226289,0.0578264313822069
2005-05-29,0.05,4.319947,0.0513587254023336
2005-05-30,12.94,4.156369,0.128133287678794
2005-05-31,1.46,2.537844,0.192954544136575
2005-06-01,0.23,2.296298,0.15246368830323
2005-06-02,0,2.706445,0.119406520450029
2005-06-03,0,3.043817,0.0955172630978012
2005-06-04,3.33,3.260307,0.0829185485414876
2005-06-05,1.08,2.522418,0.0751163968517467
2005-06-06,0,2.289379,0.0646495177353419
2005-06-07,2.65,2.518276,0.0597344329923145
2005-06-08,0,2.14433,0.0564113862121726
2005-06-09,0,2.289801,0.0500298661261021
2005-06-10,0,2.503968,0.0453780819147162
2005-06-11,0,2.648957,0.0419619340035164
2005-06-12,0,2.54047,0.0394287264878541
2005-06-13,0,2.333608,0.0375266969667844
2005-06-14,0,2.605817,0.0360761290891429
2005-06-15,0,2.823523,0.0349487327962271
2005-06-16,0,3.095813,0.0340529260153539
2005-06-17,0,3.523176,0.0333233287869528
2005-06-18,0.03,3.933271,0.0327134425874189
2005-06-19,0.03,4.415076,0.0321899142723343
2005-06-20,0,4.288468,0.0317285242005457
2005-06-21,0,4.673518,0.0313123286749387
2005-06-22,0.04,4.772464,0.0309297202357106
2005-06-23,0,4.534642,0.0305716892378526
2005-06-24,0,4.682284,0.0302317362948636
2005-06-25,0.03,5.340871,0.0299059408485837
2005-06-26,1.11,4.299456,0.0298485616119155
2005-06-27,0,4.406134,0.0297457983586163
2005-06-28,0,4.518274,0.0293161717997159
2005-06-29,0,4.98642,0.0289294611721051
2005-06-30,2.01,4.218043,0.0295396522933574
2005-07-01,2.51,3.436428,0.0324810221739292
2005-07-02,2.69,3.093486,0.0376021680441406
2005-07-03,2.75,3.373674,0.043074825695783
2005-07-04,0,4.070348,0.0430261885618203
2005-07-05,4.95,3.306112,0.0503772005232423
2005-07-06,0.16,2.719457,0.0565739065119086
2005-07-07,11.16,2.822993,0.122720832718583
2005-07-08,8.05,2.484864,0.239104728780785
2005-07-09,8.76,2.743725,0.318188013232783
2005-07-10,0,3.170881,0.312103645037823
2005-07-11,2,3.857578,0.233497145668921
2005-07-12,0,4.588746,0.177432067454278
2005-07-13,0,4.193992,0.135489157985065
2005-07-14,0,4.556277,0.105462944747214
2005-07-15,0,4.689089,0.0839436912745388
2005-07-16,0,4.450485,0.0684975318689695
2005-07-17,0,4.211437,0.0573871738160768
2005-07-18,0,4.029562,0.0493725356719205
2005-07-19,3.24,3.882426,0.0468330276100276
2005-07-20,1.48,3.19517,0.0462978844045719
2005-07-21,6.02,2.886899,0.0661653732530108
2005-07-22,0,2.960662,0.0809221049639106
2005-07-23,0.11,3.049948,0.0660143349132632
2005-07-24,0,3.209504,0.0552931714767785
2005-07-25,8.18,3.193089,0.0842737774940442
2005-07-26,3.12,3.480394,0.116178458163465
2005-07-27,0.16,3.439533,0.10032921799818
2005-07-28,1.46,4.334658,0.0805254836385449
2005-07-29,3.98,4.477613,0.0716174261601821
2005-07-30,16.48,3.663631,0.195307901863645
2005-07-31,2.37,3.064103,0.295460515115651
2005-08-01,3.14,2.728464,0.237711688452828
2005-08-02,0,3.112624,0.189076152803057
2005-08-03,0,3.147316,0.14393822714215
2005-08-04,0.35,2.867621,0.1116714311613
2005-08-05,0,2.868614,0.0885547165353004
2005-08-06,5.47,2.5858,0.0896642311975089
2005-08-07,0,2.442183,0.0917452834879221
2005-08-08,3.93,2.238373,0.085614178168983
2005-08-09,0.38,2.33656,0.0823888113964016
2005-08-10,0,2.587624,0.067797369363647
2005-08-11,0,2.605904,0.0569222859892605
2005-08-12,2.64,2.491075,0.0522624147446561
2005-08-13,0,2.714198,0.0490996769546443
2005-08-14,0,2.682147,0.0433514484558356
2005-08-15,13.68,2.459687,0.141346712848142
2005-08-16,3.24,2.452757,0.234968390872188
2005-08-17,0,3.099506,0.193685295114612
2005-08-18,0,3.126107,0.147199730715435
2005-08-19,0,3.283715,0.113929907302374
2005-08-20,0.68,2.803069,0.09023068909005
2005-08-21,0,2.626738,0.0732379927694962
2005-08-22,0,2.588151,0.0608768480467911
2005-08-23,0,2.943487,0.0519683539405692
2005-08-24,0.97,2.549504,0.04582770426232
2005-08-25,0.03,2.660715,0.0413869172303643
2005-08-26,4.24,2.348806,0.0484440557619401
2005-08-27,0,2.122388,0.054221261767546
2005-08-28,0,2.173436,0.0468947393766742
2005-08-29,0,2.540396,0.041583980200645
2005-08-30,0,2.784911,0.0377128684532411
2005-08-31,0,3.151083,0.0348701668911679
2005-09-01,0,3.454235,0.0327623280361855
2005-09-02,0,2.969024,0.0311798110014571
2005-09-03,0,3.078266,0.0299730385676008
2005-09-04,0.03,2.997457,0.0290354449088947
2005-09-05,0.03,3.13647,0.0282907982246444
2005-09-06,0.06,3.023247,0.0276850972534556
2005-09-07,4.47,3.103573,0.0362430379449201
2005-09-08,0,3.144351,0.0429799392245749
2005-09-09,0,3.193396,0.0380236268240169
2005-09-10,8.96,2.936333,0.0799074228644392
2005-09-11,3.53,2.710608,0.127604147718355
2005-09-12,0.99,2.545185,0.115570577432355
2005-09-13,2.24,2.49724,0.0955278449902251
2005-09-14,0,2.562524,0.079814131001666
2005-09-15,0.03,2.23683,0.0644191534631486
2005-09-16,0.91,2.673458,0.0536366179987755
2005-09-17,8.84,2.069236,0.0993503776150028
2005-09-18,0,1.635706,0.135753976445869
2005-09-19,0,1.576464,0.104499432609664
2005-09-20,0,1.598641,0.0821148137486425
2005-09-21,0,1.659914,0.0660622591569118
2005-09-22,0,1.688629,0.0545302459919957
2005-09-23,0,1.763874,0.0462257087305115
2005-09-24,0,1.836622,0.0402256548136313
2005-09-25,0,1.970443,0.0358712484499433
2005-09-26,0.1,2.072422,0.0326953214111272
2005-09-27,0,2.098127,0.0303584183398412
2005-09-28,0.38,2.107799,0.0286652634336143
2005-09-29,2.12,1.840451,0.029881473523063
2005-09-30,2.11,1.626438,0.0351996281743767
2005-10-01,1.19,1.46649,0.0388013420939914
2005-10-02,6.97,1.711256,0.0822810421806277
2005-10-03,2.11,1.495578,0.125078220949045
2005-10-04,0,1.52791,0.107751481985308
2005-10-05,0,1.784045,0.0839265468073273
2005-10-06,0,2.027596,0.0668509455423079
2005-10-07,0,2.041108,0.0545936812501579
2005-10-08,0,2.00324,0.0457764087388935
2005-10-09,0,1.791158,0.0394152636315253
2005-10-10,0,1.651373,0.0348079605458414
2005-10-11,0,1.661337,0.0314532041974069
2005-10-12,0,1.590911,0.0289931653461167
2005-10-13,0,1.62495,0.0271724203416816
2005-10-14,0,1.50876,0.0258086423243675
2005-10-15,0,1.456775,0.0247716807132386
2005-10-16,0,1.358171,0.0239686282226046
2005-10-17,0,1.379401,0.0233331617536773
2005-10-18,0,1.207543,0.0228179339623472
2005-10-19,0.07,1.184507,0.022391301609153
2005-10-20,5.79,1.236701,0.0497652370105454
2005-10-21,2.08,1.521519,0.0802110838186746
2005-10-22,19.97,1.701719,0.272819029949045
2005-10-23,4.47,1.730524,0.450550990127822
2005-10-24,0.92,1.514964,0.369670073237492
2005-10-25,0,1.368209,0.275512957749192
2005-10-26,0.84,1.68172,0.205429088761533
2005-10-27,0,1.751443,0.155391582925757
2005-10-28,0.03,1.709431,0.11868450681556
2005-10-29,0,1.723678,0.0924065337254812
2005-10-30,0,1.571635,0.0735695799662732
2005-10-31,0,1.531022,0.0600484776066065
2005-11-01,0.43,1.626909,0.0503973650299246
2005-11-02,16.79,1.390835,0.192354358205012
2005-11-03,9.61,1.239053,0.401899208961774
2005-11-04,0.04,1.5933,0.399789637507308
2005-11-05,4.76,1.381366,0.324736549583252
2005-11-06,2.16,1.086596,0.286526028176226
2005-11-07,0,1.118102,0.228047464370868
2005-11-08,1.96,1.00812,0.17952273304518
2005-11-09,0,1.213065,0.145372980913936
2005-11-10,0.44,0.9936017,0.113434111443404
2005-11-11,0,1.051076,0.0905853298402694
2005-11-12,0.69,1.050091,0.0741482553404928
2005-11-13,0.35,0.9528222,0.0625841063105795
2005-11-14,0.78,1.148047,0.0543607781013358
2005-11-15,0,0.9672437,0.0482209388184253
2005-11-16,5.97,0.8645967,0.0795306597537983
2005-11-17,2.47,0.8156803,0.122300350482442
2005-11-18,0.13,0.7428913,0.115643295925833
2005-11-19,0,0.721917,0.0919418642697455
2005-11-20,0,0.584867,0.0743752066947615
2005-11-21,0,0.5666367,0.0617495754332199
2005-11-22,0.13,0.7606092,0.0527299566246009
2005-11-23,0,0.5914326,0.0462129440278767
2005-11-24,0.03,0.6131673,0.041400411744593
2005-11-25,2.51,0.6668969,0.0448954168540161
2005-11-26,0.2,0.568899,0.0482616254975502
2005-11-27,2.1,0.5638723,0.0526417278516752
2005-11-28,1.01,0.5914569,0.0607700384265431
2005-11-29,3.98,0.6221925,0.0897565795069716
2005-11-30,0.06,0.6370068,0.108094225028486
2005-12-01,0,0.5939674,0.0857564823935505
2005-12-02,0,0.5795554,0.0694231864081549
2005-12-03,10.96,0.6093981,0.162758192443268
2005-12-04,10.68,0.835227,0.355765449593349
2005-12-05,20.54,0.8852936,0.635238151604524
2005-12-06,0.86,0.780482,0.733558569243808
2005-12-07,0.42,0.7203354,0.544299271825195
2005-12-08,0.22,0.7266342,0.403061451967936
2005-12-09,5.11,0.6792817,0.342934578101393
2005-12-10,0,0.641126,0.302485601402794
2005-12-11,0,0.5554378,0.22754671078559
2005-12-12,0,0.4978358,0.173940415721544
2005-12-13,0.04,0.6092603,0.135613630559066
2005-12-14,0.06,0.6748322,0.108195618509786
2005-12-15,0.58,0.6955155,0.089068338936282
2005-12-16,0.39,0.6871021,0.0756942390873901
2005-12-17,6.98,0.7945831,0.12003048981055
2005-12-18,4.19,0.5647568,0.19790960658174
2005-12-19,0,0.5699394,0.198296882103007
2005-12-20,2.13,0.5453842,0.169421688608671
2005-12-21,0,0.5635263,0.149971305015979
2005-12-22,0,0.5792199,0.118404104063092
2005-12-23,0.09,0.5903021,0.095935408484164
2005-12-24,0,0.6611409,0.079799679424532
2005-12-25,0,0.7195387,0.0679833329737562
2005-12-26,0.06,0.689492,0.0594647879094532
2005-12-27,3.57,0.5497398,0.0702913463969639
2005-12-28,1.71,0.4394627,0.0907645716185276
2005-12-29,0.69,0.4475311,0.0922707995904665
2005-12-30,0.27,0.3878605,0.0825917934860332
2005-12-31,9.99,0.4179907,0.183924971381931
2006-01-01,1.66,0.6755196,0.278505141481377
2006-01-02,3.85,0.6891219,0.265594729971644
2006-01-03,0,0.7122377,0.243174817401291
2006-01-04,0,0.5916529,0.185186907677371
2006-01-05,0,0.5178823,0.143680396801457
2006-01-06,0.59,0.5177258,0.115308112295117
2006-01-07,0,0.4401883,0.0950494956381824
2006-01-08,0,0.4579959,0.0790138803550846
2006-01-09,0,0.5305783,0.0674571340661699
2006-01-10,0,0.4316201,0.059098482687534
2006-01-11,0,0.4481434,0.0530237036332215
2006-01-12,3.3,0.4999456,0.0632947337398931
2006-01-13,0.57,0.6123654,0.0738655861993925
2006-01-14,0,0.541813,0.0657432223017548
2006-01-15,0,0.4790324,0.0574824310308862
2006-01-16,0,0.391807,0.0514813923365842
2006-01-17,0.57,0.463781,0.0480041626909836
2006-01-18,18.58,0.7064641,0.255862286613507
2006-01-19,0.82,0.716875,0.425755423060723
2006-01-20,0,0.6305717,0.322470983278572
2006-01-21,2.95,0.8116945,0.263314315584182
2006-01-22,1.28,0.7315867,0.231173935337891
2006-01-23,0,0.6536101,0.185886494811008
2006-01-24,0,0.4829788,0.144311625457735
2006-01-25,0,0.4536762,0.114520513894299
2006-01-26,0.42,0.4885271,0.093910724402912
2006-01-27,0.11,0.5368626,0.0792934725363401
2006-01-28,0,0.4089335,0.0679371704724425
2006-01-29,0.1,0.5597329,0.0596328812308934
2006-01-30,0,0.7826701,0.0536011150910344
2006-01-31,0,0.6719809,0.0491124301699121
2006-02-01,0,0.6150579,0.0458009660766241
2006-02-02,0,0.5432889,0.0433308618414035
2006-02-03,0.03,0.4630497,0.041464494330326
2006-02-04,0,0.4412431,0.040028155834145
2006-02-05,0,0.650513,0.0388973677748139
2006-02-06,0.5,0.6916068,0.0381899378229922
2006-02-07,0.03,0.7817963,0.0376064051375936
2006-02-08,0.45,0.7870484,0.0370883491626651
2006-02-09,2.95,0.7915451,0.0477435604865097
2006-02-10,3.55,0.6819946,0.0836674133188168
2006-02-11,0.36,0.7195751,0.101301549695094
2006-02-12,0,0.7037867,0.0842247748984029
2006-02-13,2.59,0.6666952,0.0856029719050883
2006-02-14,0.07,0.6449706,0.0879566468437506
2006-02-15,0.27,0.7748904,0.0735315653679825
2006-02-16,22.04,0.9732111,0.326148030369346
2006-02-17,8.62,1.034805,0.628964088855095
2006-02-18,1.93,0.9502857,0.58859633227319
2006-02-19,12.73,0.9093604,0.609632581989172
2006-02-20,1.49,0.9871904,0.630896994883478
2006-02-21,1.27,0.9610401,0.485442344394673
2006-02-22,0.92,0.8301464,0.373805400026023
2006-02-23,0.03,0.7976961,0.285686139324075
2006-02-24,0,0.7065107,0.21746411230785
2006-02-25,0,0.7650482,0.168542661724569
2006-02-26,0,0.7348837,0.13349084327725
2006-02-27,0,0.5994329,0.108340422067225
2006-02-28,0.4,0.594277,0.0904800077252602
2006-03-01,3.36,0.7213423,0.0934794372815899
2006-03-02,0.39,0.6346496,0.0979123983868486
2006-03-03,0.54,0.6573148,0.0858289296687662
2006-03-04,8.84,0.6795819,0.171995566048932
2006-03-05,0,0.5950798,0.238998651701526
2006-03-06,0.59,0.5040029,0.186973952895274
2006-03-07,2.9,0.5969318,0.175381920821042
2006-03-08,0.15,0.775813,0.166200982962829
2006-03-09,11.44,0.8606969,0.268869454839535
2006-03-10,7.09,1.154469,0.435861222469806
2006-03-11,2.47,0.9804657,0.43931121910297
2006-03-12,2.76,0.8441187,0.380578056820017
2006-03-13,0.03,0.6025251,0.315333897044362
2006-03-14,0,0.6547178,0.239817537519479
2006-03-15,0,0.7655962,0.185587220120027
2006-03-16,0,0.8944366,0.146735171496295
2006-03-17,0,0.8028612,0.118861486044304
2006-03-18,0,0.9173837,0.0988255136392086
2006-03-19,0,0.9993356,0.0843854561384915
2006-03-20,0,1.104287,0.0739411127146439
2006-03-21,0.26,1.142912,0.0663964140377316
2006-03-22,2.34,1.023736,0.0666837063960767
2006-03-23,0.22,1.014172,0.0674729073263572
2006-03-24,0,1.107618,0.0617236705291556
2006-03-25,7.77,1.273506,0.120720291230741
2006-03-26,9.73,1.683638,0.278325372356069
2006-03-27,2.62,1.950993,0.349143969401187
2006-03-28,4.06,1.834449,0.313449459451926
2006-03-29,4.41,1.489434,0.310854277954039
2006-03-30,2.53,1.371952,0.298351384352852
2006-03-31,25.72,1.717335,0.597688431267005
2006-04-01,14.39,1.762839,1.0079647271376
2006-04-02,4.83,1.549207,0.994015593922041
2006-04-03,6.34,1.504987,0.856617092466021
2006-04-04,4.98,1.340376,0.763759380474576
2006-04-05,0,1.231758,0.624282688831566
2006-04-06,0,1.136354,0.465157961195812
2006-04-07,0,1.141842,0.351381769933703
2006-04-08,0,1.253996,0.269977110650745
2006-04-09,0,1.356024,0.211681027244027
2006-04-10,0.09,1.452778,0.16988969200397
2006-04-11,0,1.360654,0.139873814347172
2006-04-12,0,1.227348,0.11825581937449
2006-04-13,0.74,1.471256,0.102983043759007
2006-04-14,1.65,1.417903,0.0945828176829331
2006-04-15,2.45,1.73055,0.0959113500816445
2006-04-16,3.92,1.78059,0.118254330927819
2006-04-17,17.49,1.836359,0.357405224180162
2006-04-18,0,1.865053,0.520277924417192
2006-04-19,0,1.712098,0.390728884375949
2006-04-20,0,1.5832,0.298065598071677
2006-04-21,0,1.72232,0.231733122487958
2006-04-22,0,2.055787,0.184197360045812
2006-04-23,0,1.906578,0.150080481509494
2006-04-24,0,1.664318,0.125543794093512
2006-04-25,0,2.614495,0.107847235027374
2006-04-26,1,2.489932,0.0954686866688936
2006-04-27,0.52,2.279525,0.0866752490093917
2006-04-28,0,2.066842,0.079772274827608
2006-04-29,0,1.879394,0.0744692239404449
2006-04-30,0,1.488974,0.0705103637943892
2006-05-01,6.57,1.242226,0.114948421152637
2006-05-02,3.03,1.63297,0.172177017706401
2006-05-03,0,2.279322,0.163843020738373
2006-05-04,0,2.74471,0.13419821406153
2006-05-05,0,3.133681,0.112867076261291
2006-05-06,3.03,2.780145,0.102722326990204
2006-05-07,0.03,2.960251,0.095731519005804
2006-05-08,0,2.775521,0.0849625548317005
2006-05-09,12.56,2.514195,0.193148146674879
2006-05-10,0.38,2.528348,0.280006326300323
2006-05-11,0.03,2.437027,0.217836655814869
2006-05-12,0,2.765869,0.172434299540167
2006-05-13,1.85,2.838433,0.141471212381564
2006-05-14,17.67,2.514401,0.319262652859687
2006-05-15,0,2.326371,0.459762378442839
2006-05-16,0,2.655017,0.346109701979812
2006-05-17,5.11,2.925123,0.28466836849518
2006-05-18,1.28,2.969827,0.244292902837905
2006-05-19,0.96,3.010565,0.195014275601153
2006-05-20,2.01,2.310091,0.160658012460873
2006-05-21,20.61,2.148815,0.393958397711913
2006-05-22,2.74,2.531541,0.59382081976101
2006-05-23,6.28,2.563149,0.514717058151347
2006-05-24,2.8,2.043834,0.462282086275185
2006-05-25,2.29,1.911688,0.380796402265313
2006-05-26,8.75,2.128356,0.397166514416757
2006-05-27,14.14,2.629082,0.584066433710101
2006-05-28,2.17,2.9359,0.641712830039233
2006-05-29,1.87,2.826622,0.49471269046521
2006-05-30,10.33,2.018782,0.490443953639431
2006-05-31,3.09,1.813142,0.516140258451034
2006-06-01,1.5,1.825399,0.42457321993301
2006-06-02,2.16,1.812284,0.342164388345227
2006-06-03,0,2.259227,0.276203438759692
2006-06-04,0,2.48771,0.218320539445247
2006-06-05,0,2.742347,0.176794342403944
2006-06-06,0.29,2.678804,0.146981611789851
2006-06-07,0,2.430686,0.125498720125254
2006-06-08,0,2.713694,0.10992234324435
2006-06-09,0,3.084712,0.098602559807225
2006-06-10,0,3.324333,0.0903231113172576
2006-06-11,0,3.659721,0.0842158172662857
2006-06-12,0,3.942612,0.0796609541059634
2006-06-13,0,3.961734,0.0762161461287635
2006-06-14,0,4.422082,0.0735656080432932
2006-06-15,0.36,4.404413,0.0715156370304203
2006-06-16,6.6,3.662155,0.0980135094371006
2006-06-17,0,3.213944,0.118889639483591
2006-06-18,0,3.410493,0.103511036676686
2006-06-19,0,3.942181,0.0923491952721849
2006-06-20,0.54,3.871599,0.084282997580874
2006-06-21,0,3.72498,0.0783508669168885
2006-06-22,0,3.518181,0.0738475955958741
2006-06-23,0.48,2.880505,0.0705379370715307
2006-06-24,0,3.093686,0.0680061922447915
2006-06-25,0,3.727085,0.0659371792216097
2006-06-26,8.5,3.789807,0.111305823227072
2006-06-27,1.1,3.535503,0.148838396277196
2006-06-28,0,3.477216,0.125316162755426
2006-06-29,0,3.872422,0.106564883201611
2006-06-30,0.22,3.829599,0.0930254866298004
2006-07-01,0,4.328485,0.0831944621951089
2006-07-02,0,4.433869,0.0759953034938865
2006-07-03,0,4.329465,0.0706920854733883
2006-07-04,0,4.457209,0.0667438115376063
2006-07-05,0,4.797611,0.0637643042152745
2006-07-06,0.53,4.549896,0.0615435211498888
2006-07-07,0,4.048904,0.059805355230424
2006-07-08,0.11,3.95075,0.0583413810431473
2006-07-09,0.15,3.992552,0.0571480684459487
2006-07-10,0,3.74398,0.0561397275769635
2006-07-11,0,4.167972,0.0552612723471354
2006-07-12,0,4.747865,0.054483833958956
2006-07-13,0,4.813864,0.0537799902721343
2006-07-14,39.93,4.265984,0.557645727206752
2006-07-15,0,4.356479,0.95626830115476
2006-07-16,0,4.018706,0.701205044279846
2006-07-17,0,4.285995,0.518957429775845
2006-07-18,0,4.391714,0.388687174120596
2006-07-19,0,4.628929,0.295519970514354
2006-07-20,0,4.96938,0.228838576579812
2006-07-21,0,5.001661,0.181064426754697
2006-07-22,0,5.331844,0.146787951779929
2006-07-23,2.51,4.568414,0.124052406252556
2006-07-24,0.1,4.465701,0.107813066536126
2006-07-25,0,4.750831,0.0940157347746747
2006-07-26,0,5.349794,0.0839839700710355
2006-07-27,0,5.65498,0.0766562295992304
2006-07-28,0.03,4.900592,0.0712604477348161
2006-07-29,0.55,3.810304,0.0673265614759114
2006-07-30,0,3.927917,0.0643624949296328
2006-07-31,0.68,3.800787,0.0621282796450454
2006-08-01,0.81,3.653794,0.0606079679488941
2006-08-02,4.81,3.003323,0.0746199744303392
2006-08-03,10.41,2.675501,0.183064913640295
2006-08-04,0.33,2.578596,0.252107955965351
2006-08-05,18.72,2.739754,0.41017513655173
2006-08-06,1.75,3.501988,0.543792243369959
2006-08-07,0.03,3.528031,0.411353485383018
2006-08-08,0,3.567246,0.311170048458107
2006-08-09,0,3.291851,0.239470294204359
2006-08-10,0.62,2.788448,0.188259253680301
2006-08-11,1.96,2.521464,0.153683419495209
2006-08-12,10.29,2.316128,0.220279987813406
2006-08-13,2.22,2.329921,0.28329624401996
2006-08-14,0,2.424958,0.231191783839192
2006-08-15,3.32,2.519591,0.191613128488216
2006-08-16,4.86,2.672488,0.190036717960814
2006-08-17,0.52,2.662792,0.181507826542159
2006-08-18,4.93,3.122262,0.16747038236999
2006-08-19,4.55,3.004925,0.181351378802139
2006-08-20,2.29,2.870884,0.178522158229077
2006-08-21,2.98,2.601081,0.162314069990464
2006-08-22,4.1,2.593484,0.164314404376319
2006-08-23,0,2.549566,0.15606860543927
2006-08-24,0,2.728572,0.128077040126886
2006-08-25,19.03,2.385486,0.321624702007676
2006-08-26,10.92,2.386554,0.60557645280277
2006-08-27,0.5,2.413896,0.591024225607778
2006-08-28,1.12,2.515089,0.443854805857931
2006-08-29,11.05,2.100826,0.447726532909967
2006-08-30,4.72,1.925744,0.501321773287083
2006-08-31,0,2.002639,0.424710017508689
2006-09-01,0,2.103298,0.322560818047451
2006-09-02,0,2.585042,0.249454960533813
2006-09-03,0,2.825362,0.19708203428438
2006-09-04,2.85,3.081168,0.163579191028673
2006-09-05,0,3.064568,0.139793942570684
2006-09-06,0,2.807721,0.118280575232017
2006-09-07,0,3.035901,0.102741265742692
2006-09-08,0,2.618402,0.0914680298963423
2006-09-09,0,2.175367,0.0832416970070864
2006-09-10,0,2.246124,0.0771920098266803
2006-09-11,0,2.530095,0.0726977643876893
2006-09-12,0,2.718208,0.0693155301958767
2006-09-13,0,2.874105,0.0667287709688186
2006-09-14,0,2.895916,0.0647115272080127
2006-09-15,0,2.747738,0.0631024929532026
2006-09-16,0,2.73487,0.0617865118650473
2006-09-17,0,2.40794,0.0606813691965886
2006-09-18,0,2.678368,0.059728363950319
2006-09-19,1.43,2.399691,0.059861395700806
2006-09-20,0,2.083848,0.059871076877817
2006-09-21,0.1,2.081233,0.0586848728959745
2006-09-22,0,2.278032,0.0576810774073304
2006-09-23,0,2.649146,0.0567980279830911
2006-09-24,0,2.621812,0.0560129876158435
2006-09-25,0.7,2.68054,0.0554830826164496
2006-09-26,0.71,2.27936,0.0552484428120898
2006-09-27,0.19,2.122584,0.0547933176856784
2006-09-28,0,1.876615,0.054022123023873
2006-09-29,0,1.930407,0.053284718996862
2006-09-30,0,2.025467,0.0526125669905928
2006-10-01,14.33,1.997627,0.196814670796633
2006-10-02,5.45,2.178683,0.361115170288607
2006-10-03,0.88,1.950745,0.330449106127382
2006-10-04,17.49,1.766855,0.474899300639473
2006-10-05,0.27,1.603188,0.592599925530391
2006-10-06,0.8,1.547164,0.443204245557168
2006-10-07,11.91,1.874038,0.466065280461454
2006-10-08,2.73,1.649406,0.512169287720979
2006-10-09,0,1.301947,0.406898256998905
2006-10-10,0,1.510334,0.308197012707051
2006-10-11,0.76,1.916001,0.238189273325218
2006-10-12,0,1.654135,0.188092060642064
2006-10-13,0.04,1.797016,0.15150103977216
2006-10-14,0,2.025724,0.125212142736691
2006-10-15,0,1.731451,0.106273797554045
2006-10-16,0,1.520572,0.0925883559687866
2006-10-17,0,1.403569,0.0826540741071979
2006-10-18,0,1.310002,0.075398996412056
2006-10-19,0,1.485701,0.070057948778913
2006-10-20,2.51,1.616091,0.0712039109653322
2006-10-21,4.67,1.776714,0.101460819903861
2006-10-22,1.89,1.745203,0.12876221326838
2006-10-23,3.34,1.81631,0.138268888143686
2006-10-24,20.27,1.930539,0.410313879286687
2006-10-25,17.22,1.529007,0.850964971356817
2006-10-26,0,1.412991,0.892080754504531
2006-10-27,0,1.708703,0.656559744077626
2006-10-28,0,1.780439,0.488249711437529
2006-10-29,0.09,1.708365,0.367933159490442
2006-10-30,0.48,1.634229,0.282026026851286
2006-10-31,0,1.140033,0.220510650034092
2006-11-01,1.2,1.082988,0.177609829945747
2006-11-02,1.82,0.964431,0.152387414900045
2006-11-03,0.79,0.7605854,0.135607781974604
2006-11-04,0,0.8545902,0.117778165580696
2006-11-05,0,0.9481588,0.102247322046148
2006-11-06,0,0.9193982,0.0909814691550614
2006-11-07,0,0.9116619,0.0827617329115582
2006-11-08,0,0.8268558,0.0767180679749937
2006-11-09,0.03,0.9273551,0.0722313411177086
2006-11-10,1.1,1.114316,0.0699065293539261
2006-11-11,0.03,0.7095165,0.0681721756713814
2006-11-12,4.32,0.8355081,0.0933392826035336
2006-11-13,1.85,0.9514834,0.126349751016878
2006-11-14,3.29,1.053415,0.151919699442015
2006-11-15,3.65,1.315407,0.194389533095151
2006-11-16,0,1.285559,0.194423085334796
2006-11-17,0.51,1.270585,0.156879693230651
2006-11-18,8.25,1.187549,0.217306373450253
2006-11-19,0.66,0.9402765,0.2701698981409
2006-11-20,16.94,0.9359483,0.460889622373425
2006-11-21,17.59,0.881795,0.885573242016632
2006-11-22,8.55,0.9763085,1.07264801886686
2006-11-23,1.98,0.8075814,0.94550336474585
2006-11-24,25.38,1.083009,1.13016435934137
2006-11-25,5.27,1.135842,1.34139145012307
2006-11-26,4.58,1.407379,1.11644275643568
2006-11-27,0.34,1.056545,0.884447305254738
2006-11-28,0,0.9674931,0.65906554403218
2006-11-29,0.38,1.02429,0.496505731212447
2006-11-30,0.03,0.9460962,0.380303689838295
2006-12-01,0.24,0.7327512,0.296546028810107
2006-12-02,0,0.8916934,0.236498634208099
2006-12-03,0.1,0.8705289,0.19321402064255
2006-12-04,13.13,1.051893,0.326586540066327
2006-12-05,16.38,1.016901,0.699270713133472
2006-12-06,4.6,1.272633,0.870784711511373
2006-12-07,2.19,0.9761119,0.738633377473239
2006-12-08,10.81,0.8848088,0.750777738618594
2006-12-09,13.83,0.9940333,0.976190497608902
2006-12-10,2.41,0.7947422,1.00496482788921
2006-12-11,0,0.6095968,0.782024441318413
2006-12-12,3.54,0.7145317,0.63041128368886
2006-12-13,2.2,0.7840955,0.550956612627022
2006-12-14,0.15,0.779254,0.451633797115574
2006-12-15,0,0.8028575,0.35295416047957
2006-12-16,0,0.5791272,0.281195998121091
2006-12-17,3.97,0.706076,0.264705108618774
2006-12-18,0,0.6121042,0.255361910095538
2006-12-19,0.22,0.6152815,0.211795188386369
2006-12-20,0,0.632099,0.180477791144156
2006-12-21,0,0.5945614,0.156953624723463
2006-12-22,0,0.7432586,0.139883628094596
2006-12-23,0,0.6758961,0.127423351726007
2006-12-24,0,0.6088232,0.118256207141385
2006-12-25,0,0.6640194,0.111442391378699
2006-12-26,0,0.5150117,0.10631104983232
2006-12-27,0,0.5376472,0.102383302491028
2006-12-28,0,0.5005325,0.0993173003524233
2006-12-29,0.03,0.5033704,0.0968705854626521
2006-12-30,0,0.5271747,0.0948670317533985
2006-12-31,19.35,0.668015,0.384096378087032
2007-01-01,10,0.9901223,0.777314597817103
2007-01-02,13.94,0.8833843,1.00240511180683
2007-01-03,5.28,0.7147818,1.09214976431217
2007-01-04,0.43,0.7655866,0.906885719025722
2007-01-05,3.81,0.8574706,0.73162061861384
2007-01-06,2.04,0.8818367,0.629390643376504
2007-01-07,10.9,1.043456,0.6856885487377
2007-01-08,0,0.9019123,0.714220675453536
2007-01-09,11.59,0.9696581,0.728886578561019
2007-01-10,2.4,1.184793,0.782280035169003
2007-01-11,3.14,1.032169,0.661130512567599
2007-01-12,5.24,0.8568484,0.627112026189615
2007-01-13,0.17,0.9369128,0.567877510752929
2007-01-14,0.44,1.086821,0.441235152985403
2007-01-15,0.56,0.8524475,0.351252806814108
2007-01-16,0,0.5613311,0.284876696958961
2007-01-17,0.07,0.7308876,0.235236912757064
2007-01-18,17.2,1.040246,0.472044348927458
2007-01-19,41.8,1.22803,1.48059239816179
2007-01-20,6.31,1.233655,2.0775902790673
2007-01-21,3.89,1.134227,1.69389891460038
2007-01-22,3.07,0.8719943,1.35629843304455
2007-01-23,0,0.7245337,1.05655861630614
2007-01-24,0.04,0.5394815,0.79446530878314
2007-01-25,0,0.536026,0.607002490416354
2007-01-26,0,0.4866848,0.472585941345492
2007-01-27,0.05,0.4556527,0.376330382815529
2007-01-28,0.6,0.6817537,0.308427485798909
2007-01-29,0.06,0.7300378,0.259655456808629
2007-01-30,0.43,0.8509507,0.223729189139026
2007-01-31,0,0.9172454,0.197674774152879
2007-02-01,0,0.8697195,0.178146098636286
2007-02-02,0,0.9545065,0.163839769378978
2007-02-03,0.03,1.060443,0.153267313901834
2007-02-04,0,0.8533794,0.145361327436656
2007-02-05,0,0.7802819,0.139359292846364
2007-02-06,0.33,0.6552955,0.13485468236545
2007-02-07,4.15,0.6837842,0.164379955578384
2007-02-08,1.45,0.6847117,0.200746982524659
2007-02-09,14.03,0.7375471,0.451319794209931
2007-02-10,0.84,0.8752164,0.645213328892702
2007-02-11,3.53,0.9397408,0.555521098912134
2007-02-12,14.81,1.077894,0.765028900821314
2007-02-13,14,1.083452,1.15548801091835
2007-02-14,2.96,1.002059,1.20078788057293
2007-02-15,14.92,0.9533609,1.23932738761512
2007-02-16,0,1.003201,1.24060824565438
2007-02-17,0,0.856263,0.927224665538577
2007-02-18,0,0.8881834,0.703119895107644
2007-02-19,0,0.9038812,0.542746091574643
2007-02-20,0,0.9381504,0.427867259991395
2007-02-21,0,0.9226408,0.345466575407551
2007-02-22,1.18,0.8813277,0.288291127149102
2007-02-23,0,1.099098,0.247244823583701
2007-02-24,1.7,1.224402,0.219918070348896
2007-02-25,10.63,1.228775,0.365127874407677
2007-02-26,14.7,1.117206,0.765867157483904
2007-02-27,4.83,1.088919,0.981180512232762
2007-02-28,4.38,1.058435,0.904020093363367
2007-03-01,11.6,1.29858,0.988029568694511
2007-03-02,21.1,1.217096,1.42999350581447
2007-03-03,2.25,1.059463,1.57442490145946
2007-03-04,10.66,1.1775,1.4136569855913
2007-03-05,0,1.132171,1.2787365544967
2007-03-06,3.15,1.288491,0.993520699172838
2007-03-07,13.12,1.25329,1.04803288792843
2007-03-08,6.91,1.190425,1.20133211265616
2007-03-09,0,1.075671,1.04672064381059
2007-03-10,3.84,0.9890859,0.847109008030587
2007-03-11,0,1.10021,0.708094729920207
2007-03-12,0,1.122617,0.553867444966426
2007-03-13,0,1.163444,0.443301014161929
2007-03-14,0,1.222282,0.363904286203907
2007-03-15,0,1.334261,0.306761077062777
2007-03-16,0,1.247331,0.265507001422356
2007-03-17,0,1.187288,0.235599138790033
2007-03-18,0.26,1.302366,0.213857599788572
2007-03-19,9.03,1.262067,0.320829962040584
2007-03-20,2.67,0.9292095,0.444641334316684
2007-03-21,2.65,0.9419255,0.442780509804526
2007-03-22,2.95,0.9950124,0.447011239548657
2007-03-23,3.41,0.9648929,0.466081757848135
2007-03-24,1.67,1.007223,0.45728601379815
2007-03-25,0.7,1.132908,0.399170792254624
2007-03-26,0.42,1.37928,0.336756393006942
2007-03-27,0,1.620343,0.286337039846008
2007-03-28,0,1.48899,0.24825517154929
2007-03-29,0.59,1.497669,0.221067702779321
2007-03-30,2.19,1.519264,0.208442364491827
2007-03-31,1.49,1.430789,0.204925489789922
2007-04-01,4.1,1.46369,0.235508745427888
2007-04-02,0,1.787156,0.253851927698864
2007-04-03,0,1.808416,0.222971030118333
2007-04-04,0.17,1.409192,0.200598059984983
2007-04-05,0,1.420167,0.184225243831361
2007-04-06,0,1.52033,0.172043811631405
2007-04-07,0,1.795482,0.162947280692863
2007-04-08,0,1.578328,0.156056716061422
2007-04-09,0,1.574736,0.150744697895497
2007-04-10,0,1.7514,0.146563337288573
2007-04-11,0,1.757233,0.143192894228981
2007-04-12,0,1.876821,0.140405101288242
2007-04-13,0,2.341811,0.138036984203421
2007-04-14,0,2.551093,0.135972175103117
2007-04-15,0,2.840632,0.134127573954488
2007-04-16,0,2.793692,0.132443827550411
2007-04-17,0,2.670284,0.13087853344256
2007-04-18,0.11,2.251117,0.129408416793849
2007-04-19,0.13,1.719758,0.128018097127821
2007-04-20,0,1.770438,0.126666570934663
2007-04-21,0.04,1.881214,0.125338268399073
2007-04-22,0.03,1.832928,0.124045378826254
2007-04-23,0,2.150896,0.122778635854624
2007-04-24,0,2.509893,0.121534449589265
2007-04-25,0.07,3.020765,0.120312983017837
2007-04-26,0,3.271975,0.119108971353635
2007-04-27,0.06,2.898417,0.117919884810974
2007-04-28,0.13,2.844012,0.116754488081435
2007-04-29,0.27,2.757627,0.115640251384177
2007-04-30,0.03,2.695275,0.114520670149805
2007-05-01,0.12,2.543535,0.113370249547368
2007-05-02,0.38,2.52194,0.112322401118845
2007-05-03,0.42,2.378257,0.111392672611061
2007-05-04,0.04,2.31667,0.110343123816159
2007-05-05,2.18,2.334802,0.113195182432085
2007-05-06,0,2.98098,0.115239253993849
2007-05-07,0.03,2.799354,0.112078414262756
2007-05-08,13.9,2.359743,0.307848216147822
2007-05-09,1.7,2.432111,0.472942108386072
2007-05-10,16.27,2.296554,0.665824945759113
2007-05-11,0,2.832992,0.814431030951733
2007-05-12,1.85,2.430684,0.618670622008859
2007-05-13,7.03,2.432104,0.553746873796062
2007-05-14,12.83,2.564849,0.72690813777561
2007-05-15,2.6,2.491665,0.809369634429555
2007-05-16,3.76,2.153939,0.670959857762822
2007-05-17,16.22,2.091313,0.856652642011068
2007-05-18,6.62,2.256397,1.07746464039723
2007-05-19,0.03,2.471938,0.915979580058955
2007-05-20,1.88,2.900028,0.694557420535619
2007-05-21,4.18,3.202664,0.557442625728334
2007-05-22,0,3.571619,0.456037738099356
2007-05-23,0,3.647683,0.360810585426827
2007-05-24,0,3.439071,0.292488335068805
2007-05-25,0,3.89349,0.243374163590665
2007-05-26,1.06,4.039923,0.208445544835332
2007-05-27,6.98,3.436336,0.233395767437488
2007-05-28,5.02,2.637963,0.303458222067746
2007-05-29,1.49,2.297534,0.310566035224896
2007-05-30,0.6,2.112245,0.264499013579365
2007-05-31,1.34,2.319103,0.226102146201635
2007-06-01,1.79,2.886993,0.200650977622174
2007-06-02,20.56,2.596715,0.543878447095668
2007-06-03,0,3.345914,0.813121327534203
2007-06-04,0,3.388029,0.615632409651803
2007-06-05,0,3.557964,0.474316719215897
2007-06-06,0,3.826997,0.373100722312559
2007-06-07,0,4.307184,0.300511156442114
2007-06-08,3.94,4.445396,0.25723931808058
2007-06-09,29.31,4.069629,0.76242166430824
2007-06-10,10.6,4.046522,1.31082468002631
2007-06-11,0.26,3.653285,1.14174649810709
2007-06-12,0,3.829153,0.853815093845777
2007-06-13,0,3.68477,0.647358631779946
2007-06-14,0.07,3.548856,0.499618187899455
2007-06-15,4.72,3.792321,0.410939669104618
2007-06-16,1.56,3.390762,0.351584579443006
2007-06-17,2.44,2.987031,0.297183954841221
2007-06-18,2.19,3.351696,0.260370268356666
2007-06-19,1.94,3.590299,0.230734137916663
2007-06-20,0,4.275302,0.204071621359632
2007-06-21,5.57,3.97617,0.206390446953553
2007-06-22,1.22,3.414429,0.211833835645334
2007-06-23,7.81,2.879175,0.268623442456606
2007-06-24,15.35,2.890103,0.586912607419946
2007-06-25,16.25,3.422012,1.04666663191561
2007-06-26,12.71,2.821688,1.33587077073233
2007-06-27,12.36,2.464177,1.47453246850209
2007-06-28,0.24,2.467374,1.3445287584934
2007-06-29,6.39,2.686004,1.06901430701877
2007-06-30,2.92,2.81332,0.896369568067767
2007-07-01,0.47,3.224695,0.703981351402278
2007-07-02,0,3.444295,0.54467116423105
2007-07-03,4.74,3.087645,0.452604316644141
2007-07-04,19.89,2.581028,0.76926395378341
2007-07-05,6.38,2.61873,1.09575495107147
2007-07-06,6.2,2.754533,1.01386308460657
2007-07-07,2.8,2.981329,0.879239035126008
2007-07-08,0,2.818891,0.692920506226652
2007-07-09,0.54,3.114996,0.53840097923387
2007-07-10,2.31,2.686867,0.432759348456728
2007-07-11,0.5,2.718639,0.357403243332189
2007-07-12,0.93,2.523867,0.298671297724584
2007-07-13,0.56,2.937147,0.25623439519571
2007-07-14,0.13,4.014497,0.224657835101757
2007-07-15,0,4.531443,0.201384831903665
2007-07-16,0,5.0155,0.184346728706311
2007-07-17,0,4.6067,0.171782984868992
2007-07-18,1.56,3.865216,0.16361598893581
2007-07-19,0,3.681824,0.157485278040435
2007-07-20,4.52,3.436576,0.169213831446788
2007-07-21,10.41,3.519786,0.314225010076259
2007-07-22,0,3.150485,0.408858631561143
2007-07-23,0,3.138306,0.330985985743501
2007-07-24,1.98,2.684003,0.278306701783597
2007-07-25,3.09,3.013151,0.251119770488523
2007-07-26,0,3.201598,0.228629645483711
2007-07-27,0,3.529157,0.200925841455637
2007-07-28,0,3.510686,0.180777360460268
2007-07-29,7.5,3.272223,0.22647801956036
2007-07-30,4.42,2.760532,0.303528968770645
2007-07-31,0,2.544953,0.296635520282095
2007-08-01,0,2.506059,0.248463518436047
2007-08-02,0,2.93718,0.213714862632701
2007-08-03,4.35,3.03917,0.206565507153883
2007-08-04,0,3.266202,0.202502323705947
2007-08-05,0,3.353098,0.179987400624363
2007-08-06,0,3.860483,0.1635653875771
2007-08-07,6.47,3.64281,0.190817049059689
2007-08-08,0.32,3.062259,0.21341539881436
2007-08-09,0.88,2.778073,0.188021744630722
2007-08-10,4.67,2.509406,0.197679033055144
2007-08-11,1.23,3.238931,0.208340951015967
2007-08-12,0,3.401731,0.185324722803043
2007-08-13,2.2,3.156409,0.169143832562429
2007-08-14,0,3.074136,0.157539391534132
2007-08-15,0.62,3.234817,0.145369920801997
2007-08-16,17.63,3.471575,0.408925932714388
2007-08-17,1.03,2.780097,0.621954037902667
2007-08-18,0.17,2.514845,0.482800687324437
2007-08-19,0,2.505285,0.378502906049205
2007-08-20,6.46,2.754937,0.353763477527411
2007-08-21,4.96,2.387256,0.393397199971659
2007-08-22,3.36,2.638337,0.39975641947784
2007-08-23,26.28,2.428957,0.893702289401854
2007-08-24,0.19,2.840125,1.25892199677643
2007-08-25,0,3.021453,0.936575014378665
2007-08-26,0,3.296874,0.705460966552976
2007-08-27,0,3.230543,0.540126873975999
2007-08-28,0,2.847615,0.421749888695579
2007-08-29,0,2.279299,0.336894296492451
2007-08-30,0,2.469016,0.27596969938077
2007-08-31,0,2.286143,0.232130472049125
2007-09-01,0,2.66167,0.20049019798729
2007-09-02,0.03,2.598874,0.177561416578208
2007-09-03,0,2.415577,0.160853835268913
2007-09-04,8.24,2.22065,0.238509521235234
2007-09-05,1.19,1.870173,0.307311761049247
2007-09-06,0.28,1.809521,0.261063120232546
2007-09-07,0.27,2.387941,0.220761651157764
2007-09-08,0.13,2.371202,0.191075756549466
2007-09-09,0,2.38547,0.169344094506794
2007-09-10,0,2.283628,0.153468093758088
2007-09-11,1.23,1.880311,0.143142585546605
2007-09-12,0.03,2.055126,0.135565611770399
2007-09-13,0,2.068384,0.128420099902248
2007-09-14,0,1.953667,0.122995857990207
2007-09-15,0,2.049237,0.118813825296911
2007-09-16,0,2.215427,0.11552154876731
2007-09-17,0,2.000933,0.112867418313401
2007-09-18,0.77,2.077052,0.111101617366738
2007-09-19,1.61,1.658407,0.112838532719277
2007-09-20,0,1.417313,0.113576476240001
2007-09-21,0,1.713372,0.110322885643964
2007-09-22,0,1.715962,0.107710828531052
2007-09-23,0,1.948336,0.105559563780806
2007-09-24,0,2.258395,0.103740050658038
2007-09-25,3.34,2.001274,0.115220431134711
2007-09-26,0,1.654806,0.124149190185388
2007-09-27,0.81,1.47894,0.117444931932748
2007-09-28,17.91,1.520576,0.440778577941332
2007-09-29,1.98,1.556552,0.717670048454607
2007-09-30,1.31,1.601824,0.574762893403679
2007-10-01,0.11,1.821827,0.449710125281028
2007-10-02,0,1.911037,0.350511193529391
2007-10-03,0,2.339129,0.279155369426074
2007-10-04,0.03,2.279755,0.227936903408158
2007-10-05,0,2.271092,0.191093557426491
2007-10-06,0,1.800353,0.164511828416931
2007-10-07,0,1.587189,0.14525954607966
2007-10-08,0,1.40789,0.131241751469739
2007-10-09,0,1.407783,0.120963043448718
2007-10-10,1.44,1.478465,0.115588932078345
2007-10-11,5.62,1.565396,0.16936004720896
2007-10-12,0,1.412938,0.209562389675582
2007-10-13,0,1.420557,0.176298847219732
2007-10-14,0,1.411482,0.152290934259782
2007-10-15,0,1.321315,0.134892274238516
2007-10-16,0.03,1.332127,0.122216785795978
2007-10-17,0,1.514491,0.11291255517373
2007-10-18,1.71,1.321046,0.109641141023921
2007-10-19,0,1.195626,0.107335526463416
2007-10-20,0,0.9941499,0.101562177316098
2007-10-21,0,0.9254265,0.0971941632538791
2007-10-22,0.83,0.8711892,0.0948459365261281
2007-10-23,0,0.9185676,0.0930062540223469
2007-10-24,0,0.914166,0.0903688874017901
2007-10-25,0,0.9609404,0.0882488823902991
2007-10-26,0,1.148504,0.086500519502602
2007-10-27,0,1.144724,0.0850197614330488
2007-10-28,0,1.122187,0.0837323236902087
2007-10-29,0,1.059696,0.0825851594582509
2007-10-30,15.28,1.071194,0.345246475238971
2007-10-31,0.77,1.080656,0.560412579417189
2007-11-01,0,0.8699238,0.432386045565986
2007-11-02,0,0.9150839,0.332783568191476
2007-11-03,0.17,1.325481,0.261648256536239
2007-11-04,0.06,1.380964,0.21068110938787
2007-11-05,0,1.182654,0.173855389562369
2007-11-06,0,1.052429,0.147304900815503
2007-11-07,4.39,0.9893813,0.163707638825154
2007-11-08,0.33,0.9550949,0.179547798592787
2007-11-09,9.78,1.100047,0.322851750305446
2007-11-10,9.4,0.776849,0.632708919961579
2007-11-11,3.16,0.8975085,0.742712171101249
2007-11-12,2.27,1.04977,0.648212679057804
2007-11-13,0.07,0.7597936,0.523970703005613
2007-11-14,4.77,0.7299483,0.476662936831944
2007-11-15,0.53,0.7116808,0.453728828275725
2007-11-16,0.07,0.6309774,0.356049583133777
2007-11-17,0,0.5476907,0.279990190579459
2007-11-18,0,0.6117775,0.224950734634284
2007-11-19,0,0.6262208,0.185415289582074
2007-11-20,8.54,0.6702339,0.293750689970884
2007-11-21,4.12,0.8734195,0.454896929150069
2007-11-22,7.4,0.9561988,0.578194440430259
2007-11-23,0,1.021733,0.598969657348891
2007-11-24,1.51,0.9140477,0.467370748697289
2007-11-25,0,0.6137285,0.374199443296316
2007-11-26,1.24,0.7302099,0.30166738648074
2007-11-27,2.09,0.7178354,0.272381553227454
2007-11-28,1.41,0.7513988,0.259335584815116
2007-11-29,0,0.6026742,0.227335182770796
2007-11-30,1.29,0.5585133,0.199055720997451
2007-12-01,0.28,0.7762789,0.181077368319433
2007-12-02,12.38,0.8895213,0.400028616445308
2007-12-03,32.79,0.946073,1.34931663667447
2007-12-04,8.94,0.8325739,2.0262049898845
2007-12-05,4.38,0.7837103,1.78488225150586
2007-12-06,3.72,1.008369,1.47401222583784
2007-12-07,11.21,0.9921537,1.41054107525623
2007-12-08,12.32,0.9966976,1.59387541383613
2007-12-09,8.2,0.7202448,1.66784625933832
2007-12-10,15.1,0.8409903,1.79482437433269
2007-12-11,2.89,0.8034015,1.76887098506161
2007-12-12,1.83,0.7235334,1.39797397090326
2007-12-13,0,0.654707,1.07407285755516
2007-12-14,0,0.7352492,0.808822166366536
2007-12-15,0,0.5655723,0.61906981943832
2007-12-16,0,0.5305481,0.483212040876683
2007-12-17,0,0.4869337,0.385828095451109
2007-12-18,0,0.4699497,0.315910679600108
2007-12-19,0,0.480215,0.265602781156046
2007-12-20,0,0.4960719,0.229296054544472
2007-12-21,0,0.4392978,0.202987244374967
2007-12-22,0,0.384399,0.183818803007222
2007-12-23,0.14,0.345081,0.169804567805407
2007-12-24,0,0.3718117,0.159423773552834
2007-12-25,0,0.407578,0.151578847575397
2007-12-26,0,0.4069361,0.14560504544665
2007-12-27,1.87,0.4828996,0.148966314288895
2007-12-28,0.42,0.6035321,0.153245600092263
2007-12-29,0.32,0.6235852,0.148548488584991
2007-12-30,4.16,0.6364212,0.198539350367219
2007-12-31,1.4,0.6876386,0.255606491044177
2008-01-01,0.03,0.621906,0.238466328159818
2008-01-02,0.03,0.58448,0.20620746215537
2008-01-03,0,0.4672828,0.182586617708469
2008-01-04,1.14,0.5013281,0.171864316105259
2008-01-05,0,0.5589762,0.164380819205898
2008-01-06,16.79,0.7875598,0.519853506772978
2008-01-07,1.87,0.6959366,0.836082468987082
2008-01-08,3.27,0.788749,0.732981032351371
2008-01-09,0.68,0.7426555,0.636047573346691
2008-01-10,4.06,0.6748454,0.577649958989918
2008-01-11,5.15,0.8309017,0.641332154977781
2008-01-12,13.18,1.036875,0.927394980653015
2008-01-13,0.61,0.7670174,1.04774206334673
2008-01-14,0,0.6155949,0.796827306820574
2008-01-15,3.38,0.6886255,0.661454216098351
2008-01-16,8.38,0.8901357,0.756948307216961
2008-01-17,13.9,0.8797913,1.12658330007344
2008-01-18,8.22,0.8656537,1.41254053187549
2008-01-19,2.91,0.9967545,1.31933242877057
2008-01-20,0.95,1.172118,1.0564561539141
2008-01-21,0.28,1.128609,0.810756016704731
2008-01-22,3.37,1.014853,0.665886150047767
2008-01-23,5.01,0.8115083,0.663527976641751
2008-01-24,0,0.6427591,0.624116034224321
2008-01-25,0.79,0.7812077,0.49594330707343
2008-01-26,0.03,0.6253767,0.404752457882414
2008-01-27,0,0.7022861,0.331554581121679
2008-01-28,0,0.7244935,0.278705308703997
2008-01-29,0,0.797089,0.240565388978888
2008-01-30,0,0.6987271,0.212929072360436
2008-01-31,2.18,0.6267238,0.204832148713248
2008-02-01,5.25,0.6489212,0.291715394496392
2008-02-02,21.52,0.7490634,0.90616301926582
2008-02-03,0.1,0.6599474,1.2905387042269
2008-02-04,0,0.6299449,0.967371146419185
2008-02-05,9.06,0.8294688,0.932856790886135
2008-02-06,20.58,0.895276,1.46668592623172
2008-02-07,12.38,1.021215,1.99630122946939
2008-02-08,0.03,0.6629166,1.81781481834159
2008-02-09,0,0.70842,1.34920639634452
2008-02-10,0,0.7958283,1.01377496353127
2008-02-11,0,0.8152787,0.773843070611616
2008-02-12,0,0.9415926,0.602083364218842
2008-02-13,0,0.8856408,0.478989632648724
2008-02-14,0,0.6740624,0.390638366305271
2008-02-15,0.03,0.6989262,0.327096911762704
2008-02-16,0,0.7226058,0.281263903529677
2008-02-17,0,0.6552571,0.248069033026414
2008-02-18,0,0.6777739,0.223906257333836
2008-02-19,0,0.7049456,0.206195195175824
2008-02-20,0,0.7162226,0.193093934137386
2008-02-21,2.6,0.7442772,0.198598832244654
2008-02-22,0,0.9790944,0.20326503686883
2008-02-23,0,1.192035,0.189778616739079
2008-02-24,0,1.185586,0.179709553885125
2008-02-25,0,1.000129,0.172084169536966
2008-02-26,2.12,1.201867,0.174282650413397
2008-02-27,4.58,1.285197,0.235747861240552
2008-02-28,0,1.055688,0.275189820434493
2008-02-29,7.64,1.104381,0.386736455765725
2008-03-01,13.98,1.297897,0.827822431241479
2008-03-02,14.51,1.311042,1.38596192577331
2008-03-03,2.27,1.317964,1.47671075560984
2008-03-04,3.79,1.144552,1.2155044452218
2008-03-05,6.18,0.8297875,1.1395376609025
2008-03-06,0.06,0.8047804,1.0200780879156
2008-03-07,0,0.7896094,0.777725523267935
2008-03-08,0,1.051532,0.603512088526967
2008-03-09,0,1.079973,0.478680188788742
2008-03-10,1.3,1.173151,0.392902366807295
2008-03-11,8.65,1.125538,0.496498801611793
2008-03-12,25.72,1.241975,1.2832265382122
2008-03-13,7.3,1.291372,1.90040166952505
2008-03-14,3.1,1.175764,1.66247953912294
2008-03-15,4.6,1.423751,1.39895333590897
2008-03-16,1.99,1.509442,1.17875663829168
2008-03-17,13.68,1.393486,1.26933611567288
2008-03-18,1.12,1.11256,1.34775483887775
2008-03-19,0.21,1.005028,1.03733914910232
2008-03-20,1.11,0.9537075,0.806052619917439
2008-03-21,3.96,0.9723478,0.704337333888139
2008-03-22,14.98,1.012238,1.03047680972306
2008-03-23,4.63,0.9656111,1.33646380876573
2008-03-24,0,0.8544,1.13187711858558
2008-03-25,4.28,0.8129117,0.951042902645643
2008-03-26,0.83,0.8733795,0.839323432722396
2008-03-27,1.44,1.075798,0.685617803046558
2008-03-28,7.23,1.047708,0.730140701749594
2008-03-29,5.79,1.253853,0.891396507735984
2008-03-30,0,1.425041,0.839410192865611
2008-03-31,3.51,1.584664,0.700528460337139
2008-04-01,2.08,1.558716,0.627127399848917
2008-04-02,0,1.373512,0.52927181883606
2008-04-03,0,1.468333,0.434352101678882
2008-04-04,0,1.390292,0.366038709636379
2008-04-05,0.03,1.42444,0.316729341316037
2008-04-06,3.9,1.377234,0.313263983989091
2008-04-07,7.38,1.111414,0.47222443505023
2008-04-08,2.31,0.9883765,0.606741421580513
2008-04-09,0,1.064545,0.535087522992697
2008-04-10,3.14,1.20845,0.479210542141843
2008-04-11,0,1.40786,0.442085451594881
2008-04-12,0.28,1.507517,0.370139725725736
2008-04-13,0.58,1.357282,0.319372271953497
2008-04-14,8.4,1.536396,0.431713678122123
2008-04-15,14.78,1.365623,0.919906525399706
2008-04-16,0.69,1.375489,1.14659219047638
2008-04-17,0,1.221062,0.882850677225678
2008-04-18,0,1.254604,0.685558665984238
2008-04-19,0.03,1.742833,0.544202887134703
2008-04-20,3.74,1.660896,0.471102086770238
2008-04-21,0,1.951244,0.420562151337371
2008-04-22,0.26,2.048953,0.353884130108863
2008-04-23,0,2.174279,0.305778268181805
2008-04-24,5.04,2.025521,0.316874185511109
2008-04-25,1.65,2.074031,0.338273001845578
2008-04-26,0,1.909961,0.304435404717378
2008-04-27,0.03,2.157325,0.268648587353083
2008-04-28,0.03,2.335531,0.242601774855645
2008-04-29,11.5,2.059992,0.436282183598341
2008-04-30,4.31,1.869742,0.66667535833964
2008-05-01,3.17,1.863719,0.655967819978287
2008-05-02,1.36,1.690947,0.582129060968386
2008-05-03,0,2.075866,0.479645235999028
2008-05-04,0,2.265371,0.393053560922658
2008-05-05,0,2.499134,0.330742870830674
2008-05-06,0,2.454337,0.285768826428157
2008-05-07,0,2.760771,0.253174535131477
2008-05-08,0,2.772447,0.229421736861801
2008-05-09,0,2.752635,0.211984786590458
2008-05-10,0,2.856082,0.199060840595979
2008-05-11,0.19,3.075909,0.189385333884795
2008-05-12,0.15,2.946628,0.182030903762278
2008-05-13,0.04,2.949599,0.176297446448886
2008-05-14,0,3.09572,0.17172665097655
2008-05-15,2.7,3.083371,0.174882221291009
2008-05-16,1.65,2.917915,0.181062379822426
2008-05-17,3.85,3.028585,0.200482693489616
2008-05-18,6.12,2.639001,0.293728532560664
2008-05-19,2.02,2.339387,0.358248302953372
2008-05-20,0,2.383156,0.317231649885681
2008-05-21,0,2.42365,0.270309415428921
2008-05-22,0,2.461305,0.236382094776391
2008-05-23,0,2.606313,0.211734796384162
2008-05-24,0,2.867994,0.193715801991229
2008-05-25,1.17,2.629301,0.181572561870193
2008-05-26,1.54,3.350946,0.174736738880505
2008-05-27,1.75,3.523205,0.171315406045525
2008-05-28,3.7,3.655748,0.181928272565116
2008-05-29,3.92,3.761087,0.208921578160872
2008-05-30,44.47,3.50933,1.41117474547935
2008-05-31,5.93,3.697579,2.42698138028424
2008-06-01,0,3.368706,1.8772034953111
2008-06-02,0,3.454565,1.38976732195596
2008-06-03,0.52,3.971857,1.04152454090249
2008-06-04,0.03,3.45583,0.792478132222732
2008-06-05,0,3.141066,0.614033044246868
2008-06-06,6.47,3.078773,0.54470053341386
2008-06-07,6.19,3.13277,0.582747051058186
2008-06-08,0.92,2.787799,0.55710174245038
2008-06-09,2.18,3.755817,0.455579184730026
2008-06-10,0,4.159685,0.379090691774514
2008-06-11,0,4.07287,0.317381707649386
2008-06-12,0,3.136269,0.272870771110216
2008-06-13,9.25,2.231893,0.382671888427554
2008-06-14,1.04,2.320891,0.477607846237401
2008-06-15,4.75,2.339798,0.449055883507886
2008-06-16,0,2.462896,0.426104222096841
2008-06-17,0,2.820332,0.349887931059827
2008-06-18,0,3.041625,0.295032148651996
2008-06-19,0,3.119525,0.255427901680846
2008-06-20,4.62,3.22411,0.251605249426157
2008-06-21,0,3.121795,0.250366670723827
2008-06-22,0,3.957402,0.222432990053239
2008-06-23,7.5,3.921468,0.269458479600063
2008-06-24,0,3.118923,0.307821231624148
2008-06-25,0,3.932298,0.262715265980018
2008-06-26,2.13,3.92766,0.233280676970426
2008-06-27,0,3.264205,0.212095981260985
2008-06-28,0.95,2.940106,0.193881030442697
2008-06-29,0.07,3.492742,0.180535360723252
2008-06-30,0,3.630979,0.169817899341677
2008-07-01,0,3.509337,0.161748770801464
2008-07-02,0,3.987754,0.155587697042173
2008-07-03,16.77,4.305755,0.445108079649019
2008-07-04,11.97,3.173422,0.92823001413362
2008-07-05,1.13,2.994688,0.983724903013476
2008-07-06,0.13,3.229766,0.751901120534346
2008-07-07,0,3.301082,0.579554991259706
2008-07-08,9.3,2.906226,0.583820925752962
2008-07-09,2.43,2.796363,0.615006017244783
2008-07-10,0,3.03377,0.501584541274839
2008-07-11,0,3.840116,0.400265610520924
2008-07-12,2.24,3.249845,0.331835265402231
2008-07-13,0,2.98676,0.282909897741996
2008-07-14,0,2.936294,0.242969818431023
2008-07-15,0,3.006315,0.214054464039127
2008-07-16,0,3.390598,0.193012539918773
2008-07-17,1.09,3.188794,0.178401152761769
2008-07-18,0.4,2.974626,0.16781400001907
2008-07-19,0.21,3.080645,0.159064330038197
2008-07-20,7.19,3.261246,0.222102732566949
2008-07-21,0.21,2.597297,0.272564331817419
2008-07-22,1.34,2.307831,0.236587242442006
2008-07-23,0.06,2.812069,0.210277405202909
2008-07-24,0,3.277093,0.187876740980992
2008-07-25,0,3.537541,0.171479089666429
2008-07-26,0,3.927065,0.159404437889996
2008-07-27,2.42,3.987414,0.154313965563045
2008-07-28,0.06,3.798034,0.150637784157062
2008-07-29,1.85,4.33812,0.145548111312739
2008-07-30,0,3.829969,0.141699122208178
2008-07-31,0,4.094183,0.136400242054254
2008-08-01,0,4.489154,0.132268818327189
2008-08-02,1.8,3.655958,0.131088584154301
2008-08-03,1.33,3.235747,0.131748358628422
2008-08-04,0.73,3.530902,0.130262997596554
2008-08-05,19.38,3.289647,0.51798959182042
2008-08-06,0,3.059017,0.824168085087853
2008-08-07,0,3.816206,0.624439308364966
2008-08-08,1.47,3.372968,0.483170076219273
2008-08-09,12.14,2.922485,0.586178134955267
2008-08-10,0,3.065935,0.673405082574178
2008-08-11,0.59,3.044565,0.517699229601574
2008-08-12,0.17,3.0177,0.406295491977789
2008-08-13,10.38,3.14744,0.472332141517031
2008-08-14,0.12,2.845515,0.53072657537219
2008-08-15,0,2.63938,0.415401310122732
2008-08-16,0,2.581485,0.33239245113517
2008-08-17,0,2.573532,0.272785750728736
2008-08-18,3.53,2.644942,0.244620716988624
2008-08-19,0,3.151406,0.225310527144494
2008-08-20,2,3.057616,0.199276969828136
2008-08-21,2.14,2.546305,0.187258477931063
2008-08-22,0,2.659502,0.174737306887293
2008-08-23,17.94,2.472761,0.530202619784877
2008-08-24,0.82,2.336311,0.817383690330211
2008-08-25,4.22,2.28043,0.669142780001
2008-08-26,0.73,2.543905,0.563593001424807
2008-08-27,0,2.736315,0.440756534637002
2008-08-28,0,2.422829,0.350054630556246
2008-08-29,0,2.708872,0.284960983455912
2008-08-30,0,2.834149,0.238149889528304
2008-08-31,0,2.963003,0.204392254425621
2008-09-01,0,3.136793,0.179955536119378
2008-09-02,0,2.765324,0.162175426357896
2008-09-03,8.98,2.591131,0.268612793321634
2008-09-04,5.54,2.02723,0.446619595940306
2008-09-05,0,2.087481,0.452834635663996
2008-09-06,22.84,2.234071,0.898879050018514
2008-09-07,2.08,2.491171,1.27915767068402
2008-09-08,5.07,2.183521,1.04569647002672
2008-09-09,0,2.223232,0.862667372482613
2008-09-10,0.48,2.357897,0.654388325086743
2008-09-11,0.05,2.711845,0.505409693738772
2008-09-12,1.02,2.571753,0.398964184007598
2008-09-13,19.29,2.192404,0.747136585164675
2008-09-14,17.53,1.801987,1.48268691960654
2008-09-15,0,1.65603,1.58880874562396
2008-09-16,0,1.569091,1.17712197395195
2008-09-17,0,1.723211,0.88283535533
2008-09-18,0,1.538599,0.672352745826876
2008-09-19,0,1.440773,0.521693301972882
2008-09-20,0,1.624273,0.41373954616255
2008-09-21,0,1.499982,0.336273046043741
2008-09-22,0,1.462788,0.28057228981989
2008-09-23,0,1.543511,0.240411854889087
2008-09-24,1.27,1.557238,0.213391539817619
2008-09-25,0.03,1.743072,0.193885794766693
2008-09-26,0,1.777951,0.177389261225437
2008-09-27,0,1.691646,0.165210648659759
2008-09-28,0,1.566538,0.156135475471471
2008-09-29,0,1.479006,0.149279309473548
2008-09-30,0.09,1.403472,0.144019380973353
2008-10-01,12.24,1.423459,0.378623273657027
2008-10-02,10.71,1.603801,0.823293177612189
2008-10-03,7.7,1.331589,1.09110327781476
2008-10-04,2.2,1.207945,1.05762280072023
2008-10-05,0.46,1.28195,0.84122232555922
2008-10-06,19.77,1.357242,1.1576180375609
2008-10-07,18.28,1.796667,1.91130597948822
2008-10-08,0.39,1.851831,1.94256699152696
2008-10-09,3.01,1.693426,1.47030054420341
2008-10-10,0,1.541978,1.13208840838589
2008-10-11,0,1.505726,0.855649445600361
2008-10-12,0,1.464269,0.657857323334884
2008-10-13,0,1.640103,0.516207685303915
2008-10-14,0.03,1.684482,0.414639286056049
2008-10-15,0,1.723606,0.341683151444675
2008-10-16,6.44,1.607637,0.371341934525406
2008-10-17,6.29,1.359308,0.530453446486343
2008-10-18,0,1.061353,0.565935721908654
2008-10-19,0,0.9860402,0.449656512435296
2008-10-20,0,1.017413,0.366204390938835
2008-10-21,0,1.192877,0.306188602084837
2008-10-22,8.05,1.485108,0.395398826584966
2008-10-23,0,1.128306,0.468908713898487
2008-10-24,0,1.0494,0.379276860597332
2008-10-25,0.56,1.046068,0.316338562189758
2008-10-26,0.03,1.328017,0.271123644791709
2008-10-27,0.36,1.20419,0.237189169999613
2008-10-28,16.64,1.214173,0.604403633137415
2008-10-29,0.09,0.8992387,0.897083045225413
2008-10-30,0.03,0.8252401,0.686818324202304
2008-10-31,6.76,0.8487676,0.675317992104034
2008-11-01,6.67,0.9492341,0.845054062923552
2008-11-02,5.93,1.065562,0.976770629079019
2008-11-03,0,1.212667,0.902466965499845
2008-11-04,0,1.21,0.690966172748094
2008-11-05,0,1.229064,0.539534399960225
2008-11-06,0.04,1.220242,0.431010667823366
2008-11-07,0,1.106355,0.353094712349873
2008-11-08,0.22,1.076346,0.297094713511934
2008-11-09,0.12,1.066963,0.256726607799547
2008-11-10,16.72,1.144974,0.623426504059431
2008-11-11,3.07,1.35316,0.974114439460374
2008-11-12,7.76,1.217076,0.997894336615216
2008-11-13,2.81,0.984596,1.02668165383704
2008-11-14,0,0.9072889,0.845255997937187
2008-11-15,0,0.8128485,0.651010528757031
2008-11-16,0,1.049573,0.511886814397756
2008-11-17,1.05,1.131416,0.415605339722918
2008-11-18,0,0.722122,0.346687955733336
2008-11-19,0.15,0.7668845,0.293501878106031
2008-11-20,0.06,0.932976,0.255143621758911
2008-11-21,0.45,1.017081,0.227591334999653
2008-11-22,3.59,0.8411904,0.245183605961208
2008-11-23,5.45,0.5957714,0.384642211881816
2008-11-24,6.59,0.5635995,0.63432332756045
2008-11-25,1.93,0.6263418,0.737355554229076
2008-11-26,0.24,0.5752641,0.623771474254363
2008-11-27,0,0.583843,0.494633751132058
2008-11-28,0.11,0.587428,0.398834996702112
2008-11-29,0,0.5019052,0.330060597993482
2008-11-30,0,0.5312045,0.279798981945859
2008-12-01,9.93,0.603584,0.472211506758208
2008-12-02,8.54,0.5807372,0.869625060449458
2008-12-03,6.06,0.6438079,1.0970311601194
2008-12-04,16.63,0.5693876,1.51980382657468
2008-12-05,12.41,0.5931328,2.05616432548631
2008-12-06,14.54,0.7686026,2.36843888763728
2008-12-07,2.09,0.7174219,2.27209134563383
2008-12-08,0.35,0.6800738,1.73821454576637
2008-12-09,0,0.4742816,1.30305040922374
2008-12-10,1.35,0.5283458,1.0041229931275
2008-12-11,0,0.5824368,0.791580999537494
2008-12-12,0,0.5523222,0.62018887955046
2008-12-13,0,0.5418535,0.497303621049539
2008-12-14,0,0.4912891,0.409047787073822
2008-12-15,1.34,0.5968961,0.353038451955116
2008-12-16,0,0.6298593,0.313112240481175
2008-12-17,0,0.5125397,0.276044415016749
2008-12-18,3.14,0.4948456,0.288433192502746
2008-12-19,0.18,0.5711073,0.301396149666269
2008-12-20,0.82,0.6786007,0.275397433759023
2008-12-21,2.84,0.8044328,0.301032904678776
2008-12-22,0.42,0.9259063,0.318720491638291
2008-12-23,0.46,0.8907094,0.28525708721698
2008-12-24,0,0.7651861,0.256762039654695
2008-12-25,0,0.6401317,0.232611814896235
2008-12-26,0,0.6911374,0.214884951477728
2008-12-27,0,0.5303401,0.201747896661725
2008-12-28,0,0.4579273,0.191891819473583
2008-12-29,0,0.4541913,0.184382433841628
2008-12-30,0,0.4023186,0.178552802912484
2008-12-31,0,0.3799093,0.173926823168252
2009-01-01,1.31,0.4981534,0.174760690496861
2009-01-02,0,0.5284282,0.175256548057373
2009-01-03,0,0.4171373,0.170244981279276
2009-01-04,0,0.4748072,0.166220694784102
2009-01-05,0,0.4247358,0.162905551917137
2009-01-06,0.8,0.4707253,0.162142897349872
2009-01-07,0,0.3720257,0.161322911299295
2009-01-08,0,0.2919532,0.158124677314426
2009-01-17,0.42,0.5584137,0.156228348202574
2009-01-18,1.32,0.6813924,0.161038344975147
2009-01-19,22.13,0.7308494,0.803324547432446
2009-01-20,12.78,0.8144309,1.69374065004606
2009-01-21,1.41,0.6632489,1.70767611400135
2009-01-22,0.06,0.6236257,1.30373881359857
2009-01-23,4.57,0.6471815,1.08919946621799
2009-01-24,33.84,0.7914717,2.04022665874208
2009-01-25,0,0.6569303,2.68714468093707
2009-01-26,0,0.5699618,1.97539709185156
2009-01-27,0,0.5521673,1.46678671606519
2009-01-28,0,0.5509913,1.1031805426598
2009-01-29,0,0.5108741,0.843083390554665
2009-01-30,0,0.5765682,0.656876099832717
2009-01-31,0,0.5665488,0.523416570541544
2009-02-01,0,0.5220466,0.427613596916625
2009-02-02,0,0.5541468,0.35869507933297
2009-02-03,2.77,0.6129549,0.332857837182424
2009-02-04,2.17,0.6787131,0.347776609977411
2009-02-05,0.51,0.666439,0.340643344335586
2009-02-06,0.96,0.7441937,0.311786557121606
2009-02-07,0.07,0.812506,0.285727517523941
2009-02-08,0.25,0.7806473,0.256421613923923
2009-02-09,0,0.678167,0.234621995748113
2009-02-10,15.43,0.6765619,0.640667080117759
2009-02-11,20.33,0.8420598,1.62050703712782
2009-02-12,4.13,0.6997881,2.03730689845824
2009-02-13,0.9,0.6415553,1.65928449874427
2009-02-14,0.18,0.6504734,1.26498617757473
2009-02-15,0.41,0.6711149,0.9668668131895
2009-02-16,0.42,0.552574,0.754824949017606
2009-02-17,2.34,0.7636287,0.633579619190064
2009-02-18,3.1,0.9284083,0.608295943107331
2009-02-19,0,0.6204886,0.557495157093502
2009-02-20,0.2,0.6515353,0.455030277934999
2009-02-21,0.37,0.8463477,0.383537868150572
2009-02-22,0.16,0.9237023,0.330942363334925
2009-02-23,0.76,0.9415536,0.293482783859773
2009-02-24,3.07,0.9503117,0.303328165241381
2009-02-25,0,0.9155488,0.309740328420104
2009-02-26,0,0.7839816,0.273739279072631
2009-02-27,0.03,0.9587813,0.247569647112624
2009-02-28,0.23,1.007072,0.228654325807691
2009-03-01,0,1.191543,0.214610557250097
2009-03-02,0.53,1.088806,0.204378309959593
2009-03-03,0,1.150314,0.19661962738587
2009-03-04,0,0.8627117,0.189950216315255
2009-03-05,12.68,0.9743282,0.494620184423697
2009-03-06,0.84,0.9225834,0.748895221971219
2009-03-07,0.99,0.9523436,0.611828134650299
2009-03-08,0,0.939773,0.500257435265564
2009-03-09,5.36,1.143397,0.510866695683403
2009-03-10,3.37,0.9731626,0.602272056063017
2009-03-11,8.83,1.015949,0.821253442019871
2009-03-12,0.06,1.048857,0.916325556279963
2009-03-13,0.48,1.019982,0.709995170101046
2009-03-14,0.72,1.293924,0.5654503462993
2009-03-15,0.19,1.283224,0.458708762521534
2009-03-16,0,1.359721,0.378073079548504
2009-03-17,0,1.362313,0.319506142129262
2009-03-18,0,1.166164,0.277209758226861
2009-03-19,0,1.158998,0.246532101520227
2009-03-20,0,1.102972,0.224152667613844
2009-03-21,0,0.983947,0.207701245192732
2009-03-22,0,1.010108,0.19548593905548
2009-03-23,0,1.030969,0.186299033969371
2009-03-24,7.42,1.207847,0.311495311301851
2009-03-25,3.03,1.04511,0.473321443788735
2009-03-26,9.97,0.9790548,0.748829815692456
2009-03-27,8.64,1.175474,1.15812754428817
2009-03-28,6.76,1.249385,1.34368876805879
2009-03-29,7.82,1.244052,1.44251958045598
2009-03-30,0.22,1.239028,1.32788266744269
2009-03-31,0,1.257783,1.00311465961354
2009-04-01,0,1.32152,0.768153339788023
2009-04-02,0,1.635394,0.599922602500225
2009-04-03,0,1.998539,0.479329016717903
2009-04-04,0,1.927537,0.392743712278799
2009-04-05,0,1.846024,0.330438402600587
2009-04-06,0,1.729523,0.285469023544926
2009-04-07,0,1.879651,0.252878879015604
2009-04-08,0.04,1.726466,0.229131561619573
2009-04-09,2.02,1.751832,0.218265444644068
2009-04-10,0.75,2.091525,0.212067500179148
2009-04-11,0,2.379295,0.200269173058207
2009-04-12,0.58,2.365185,0.190155531131508
2009-04-13,0,2.273704,0.182504831294195
2009-04-14,0,2.278798,0.176147241978236
2009-04-15,0,2.300572,0.171154956423084
2009-04-16,0,2.3718,0.167141717663543
2009-04-17,3.56,1.90995,0.187271611864139
2009-04-18,15.77,1.691137,0.637273296587937
2009-04-19,5.1,1.740955,1.08666933647166
2009-04-20,0.18,2.139026,0.95298723484657
2009-04-21,0,2.229018,0.728844252237064
2009-04-22,0,2.324557,0.567311678403746
2009-04-23,0,2.078975,0.451544292751064
2009-04-24,0,1.648623,0.368448541690477
2009-04-25,0,1.794894,0.308678250024341
2009-04-26,0.46,1.865264,0.265794990897153
2009-04-27,6.76,2.318762,0.325611841421957
2009-04-28,1.71,1.983741,0.389740229694874
2009-04-29,2.46,1.786177,0.364070662510872
2009-04-30,7.16,1.590243,0.493515324748386
2009-05-01,0,1.930967,0.571359056410522
2009-05-02,0.75,2.3378,0.454747002640189
2009-05-03,0,2.708936,0.371211741790352
2009-05-04,0,2.077851,0.309106712572463
2009-05-05,0,1.902105,0.264339330925172
2009-05-06,0.44,1.818944,0.232173709226082
2009-05-07,0,2.122687,0.208802777790018
2009-05-08,0,2.36927,0.191459254410727
2009-05-09,1.77,2.434079,0.182260378374714
2009-05-10,4.72,2.094593,0.226937588316223
2009-05-11,3.48,2.453522,0.298629792384619
2009-05-12,12.49,2.420822,0.613518680829476
2009-05-13,10.29,2.145917,1.09611415501922
2009-05-14,0,2.610996,1.12378967697973
2009-05-15,18.19,2.775262,1.31988227855302
2009-05-16,4.95,2.446969,1.59295685720642
2009-05-17,0.25,2.197536,1.29094228518952
2009-05-18,1.37,2.456547,0.97608532085685
2009-05-19,0,2.339,0.749901662344609
2009-05-20,0,2.561159,0.582914420706358
2009-05-21,0,2.958158,0.463247849271871
2009-05-22,4.02,3.057369,0.398782084334988
2009-05-23,0,2.734146,0.353964684708197
2009-05-24,0,2.907868,0.298614259435271
2009-05-25,0,3.913302,0.258650282743084
2009-05-26,0,4.20187,0.229673601302021
2009-05-27,1.01,2.944525,0.209401316636267
2009-05-28,0,2.174284,0.194555824975186
2009-05-29,0.68,2.622108,0.183055060837765
2009-05-30,0,2.931649,0.174447694574782
2009-05-31,0,2.895581,0.167394098766
2009-06-01,0,2.892344,0.161934731962305
2009-06-02,0,3.310001,0.157617523594525
2009-06-03,0,3.607307,0.154119745758536
2009-06-04,0,2.896547,0.151210995272176
2009-06-05,0,2.329021,0.148726770402064
2009-06-06,0,2.304042,0.146549610026143
2009-06-07,1.87,2.10746,0.14914047471708
2009-06-08,6.38,2.410382,0.238842369187327
2009-06-09,1.94,2.655424,0.318509591393054
2009-06-10,2.03,3.00336,0.291668047320965
2009-06-11,13.09,2.789467,0.552904527699407
2009-06-12,6.23,2.703289,0.875301452338953
2009-06-13,0,2.706008,0.79909625374441
2009-06-14,0,3.054897,0.61205444497544
2009-06-15,2.03,3.646948,0.481895064129215
2009-06-16,26.93,3.054263,1.12412065468695
2009-06-17,1.2,2.916752,1.64341445743489
2009-06-18,0,3.165088,1.22816082516874
2009-06-19,0,3.165592,0.922416780083725
2009-06-20,0,2.899616,0.703724710483719
2009-06-21,0.5,2.424626,0.547405431070306
2009-06-22,5.11,2.306557,0.485045078637131
2009-06-23,0,2.570292,0.44369444560753
2009-06-24,0,3.037999,0.360658955902856
2009-06-25,0,3.666297,0.300953328157049
2009-06-26,0,4.08087,0.257904777878848
2009-06-27,0,3.896434,0.226750253823201
2009-06-28,4.36,3.516741,0.226141837166824
2009-06-29,0.19,3.851752,0.227176006686756
2009-06-30,3.32,4.325484,0.21397918240491
2009-07-01,0,4.590717,0.204736783450443
2009-07-02,0,4.611983,0.186991836512007
2009-07-03,0,4.923543,0.173921050041353
2009-07-04,0.33,4.393494,0.164247036464632
2009-07-05,0,4.346181,0.156949593069537
2009-07-06,0.22,4.249085,0.151313877187771
2009-07-07,9.25,3.612511,0.270878585932106
2009-07-08,4.31,2.889095,0.420145629880064
2009-07-09,7.1,2.987057,0.523841689621755
2009-07-10,3.41,2.577553,0.592540436436368
2009-07-11,0.05,2.505075,0.510160320027153
2009-07-12,0,2.786487,0.40411243267711
2009-07-13,4.19,3.123471,0.351759491998369
2009-07-14,4.31,3.615325,0.349026931180792
2009-07-15,0,3.802904,0.323723571985832
2009-07-16,0,3.788282,0.269804490743938
2009-07-17,0,3.844505,0.230933731601716
2009-07-18,4.98,3.326695,0.23474491028161
2009-07-19,1.22,2.89138,0.243249140575237
2009-07-20,5.51,2.987741,0.272383598577977
2009-07-21,0.16,3.315642,0.293607601221259
2009-07-22,9.65,4.311081,0.377174345610963
2009-07-23,5.99,4.281851,0.517189357129565
2009-07-24,8.85,3.467221,0.646414294592632
2009-07-25,3.42,3.112767,0.712381600951539
2009-07-26,0.59,2.964768,0.589195217846111
2009-07-27,0,3.303321,0.461091532259667
2009-07-28,2.58,3.164488,0.37468098336513
2009-07-29,0,3.047309,0.313181266053564
2009-07-30,9.48,3.582638,0.39480414406879
2009-07-31,0.08,3.123845,0.463239674514884
2009-08-01,0,2.961106,0.368868009609853
2009-08-02,0,3.487834,0.300928305753729
2009-08-03,9.39,3.043829,0.391850242736775
2009-08-04,0.63,2.967963,0.469477330779068
2009-08-05,0,3.08849,0.375226819811476
2009-08-06,0,3.394183,0.305162060324216
2009-08-07,0,3.823559,0.254780491319623
2009-08-08,0.15,3.863287,0.218465346272016
2009-08-09,0,3.549021,0.192182415004402
2009-08-10,0,3.526416,0.173049146953107
2009-08-11,0,3.736363,0.159036707980362
2009-08-12,1.65,3.35621,0.150815113994725
2009-08-13,0,3.343398,0.144763670989017
2009-08-14,30.19,3.129776,0.932124290299347
2009-08-15,0,2.944408,1.55537396383121
2009-08-16,0,3.172161,1.15059775453271
2009-08-17,0,3.704509,0.861270194772884
2009-08-18,0,3.453029,0.654353407563453
2009-08-19,0,3.122391,0.50626504086849
2009-08-20,0,3.664809,0.40017206133081
2009-08-21,2.08,4.415073,0.32680447459359
2009-08-22,5.15,2.893412,0.318292288456423
2009-08-23,0,2.789335,0.312317054607761
2009-08-24,0,2.830374,0.260605121049682
2009-08-25,0,3.23881,0.223320286388548
2009-08-26,2.52,3.113473,0.202578102447899
2009-08-27,0,2.899563,0.187890521305039
2009-08-28,0,3.16247,0.170371360603632
2009-08-29,0.17,2.683121,0.157532655261207
2009-08-30,0,2.244487,0.148014956515681
2009-08-31,0,2.166915,0.140842160485372
2009-09-01,0,2.650404,0.135373799129767
2009-09-02,11.1,2.558096,0.327043778606701
2009-09-03,0.46,2.521474,0.480708962304597
2009-09-04,11.03,2.443825,0.60682976437612
2009-09-05,15.91,1.931925,1.15311362314855
2009-09-06,0,2.043467,1.33514436556084
2009-09-07,0,1.951387,0.992932461896391
2009-09-08,0,2.27679,0.748267685726853
2009-09-09,0,2.516431,0.573235597018685
2009-09-10,0,2.670638,0.447910934294495
2009-09-11,0.13,2.524838,0.358084722535214
2009-09-12,0,2.304254,0.293588387343798
2009-09-13,0,2.255469,0.247160541328237
2009-09-14,0.23,1.891005,0.213699550314348
2009-09-15,1.65,1.85738,0.193254561190969
2009-09-16,0,2.043344,0.178536053736076
2009-09-17,0,2.336488,0.16360128541634
2009-09-18,0,2.48835,0.152582819936041
2009-09-19,0,2.431557,0.144363342483721
2009-09-20,0.65,2.425047,0.13851005090193
2009-09-21,0.23,2.541699,0.13408686940749
2009-09-22,0,2.51324,0.1302012283423
2009-09-23,0,2.130404,0.127007654516512
2009-09-24,0,2.048132,0.124390728680416
2009-09-25,0,2.136672,0.122188752592215
2009-09-26,0,1.807652,0.120286273574415
2009-09-27,0,1.744725,0.118600849187624
2009-09-28,0,1.806492,0.117073599901046
2009-09-29,0,1.737427,0.115662465620861
2009-09-30,0,1.9004,0.114337392222259
2009-10-01,0.05,2.088927,0.113079000397461
2009-10-02,0,1.704401,0.111869379894632
2009-10-03,0,1.398388,0.110695243518816
2009-10-04,0,1.361371,0.109551740238768
2009-10-05,0.79,1.736741,0.109138105228213
2009-10-06,16.58,1.611057,0.501233981177426
2009-10-07,3.44,2.17422,0.864581837739346
2009-10-08,4.29,2.514847,0.769569083573757
2009-10-09,7.33,2.106764,0.800608621769267
2009-10-10,0.03,1.651734,0.768598882184142
2009-10-11,10.96,1.763238,0.830671312123015
2009-10-12,11.68,1.523339,1.21120048434303
2009-10-13,3.97,1.425926,1.32893308704201
2009-10-14,0.55,1.263709,1.08554973561843
2009-10-15,0,0.9227384,0.818848018903458
2009-10-16,0,0.8372267,0.622016376570184
2009-10-17,0.47,1.013969,0.482223298301482
2009-10-18,2.54,1.11932,0.402148389325002
2009-10-19,0,0.9196151,0.345026170819456
2009-10-20,0,0.8473702,0.282513902515485
2009-10-21,0,1.016953,0.2375340769371
2009-10-22,0.1,1.374926,0.20512062118272
2009-10-23,0.44,1.216016,0.182006189889307
2009-10-24,0,1.176927,0.165136077445117
2009-10-25,4.47,1.266465,0.200335007596611
2009-10-26,0.56,1.360998,0.232102808184414
2009-10-27,0.05,1.25101,0.203514053693113
2009-10-28,0,1.286191,0.179287711701518
2009-10-29,0,1.015541,0.161526276857526
2009-10-30,0,1.051226,0.148516006759144
2009-10-31,0,1.129001,0.138900389931624
2009-11-01,0,1.032294,0.131711120991574
2009-11-02,20.83,1.156498,0.667796914650023
2009-11-03,6.45,1.144117,1.26157471369991
2009-11-04,12.17,1.024777,1.47651163532845
2009-11-05,10.72,1.058499,1.79020769833552
2009-11-06,3.44,1.012393,1.73993243377485
2009-11-07,1.53,1.027264,1.40135459476343
2009-11-08,9.83,0.9694805,1.34698816914434
2009-11-09,0,0.9081361,1.30015353286303
2009-11-10,0.68,0.9466661,0.977913287051225
2009-11-11,0.4,0.9018559,0.750321113690442
2009-11-12,0,0.802691,0.581205905956302
2009-11-13,0.44,0.8808149,0.458729745845695
2009-11-14,0.28,1.266484,0.371440990866331
2009-11-15,3.53,1.267145,0.342304712855301
2009-11-16,2.45,1.136858,0.356878514648912
2009-11-17,13.31,1.21371,0.707065518148067
2009-11-18,11.27,1.138559,1.28378649722709
2009-11-19,0,1.074777,1.32011097889793
2009-11-20,0,0.9915159,0.988464730372733
2009-11-21,0,0.9228478,0.751279662852096
2009-11-22,0.21,1.127094,0.581849909263014
2009-11-23,4.53,1.124333,0.520516561198101
2009-11-24,24.24,1.063332,1.23203651606025
2009-11-25,7.41,1.147095,1.94605657238828
2009-11-26,8.44,1.082727,1.91581507299778
2009-11-27,7.14,0.9823672,1.89418056061751
2009-11-28,10.81,0.9250795,1.96508329292911
2009-11-29,18.35,0.9301861,2.41786523000608
2009-11-30,5.78,0.966407,2.59735234609145
2009-12-01,0.33,0.810569,2.10210014509549
2009-12-02,2.78,0.7297961,1.62768775500382
2009-12-03,5.76,0.7424351,1.45166008794171
2009-12-04,20.28,0.8859177,1.94986345830274
2009-12-05,0,0.6863083,2.18172150251151
2009-12-06,10.46,0.767214,1.944344533912
2009-12-07,13.32,0.979632,2.23430079876953
2009-12-08,2.62,0.802062,2.20205281302504
2009-12-09,8.31,0.8043016,1.98005147216058
2009-12-10,1.23,0.7992892,1.79324343529787
2009-12-11,6.79,0.9395251,1.58022270442636
2009-12-12,1.91,0.8305926,1.45912224808502
2009-12-13,0.1,0.6603587,1.16446491561982
2009-12-14,0.29,0.5729269,0.90806347296423
2009-12-15,0,0.4644361,0.723085629924202
2009-12-16,0,0.4829431,0.587135459187677
2009-12-17,0,0.4667883,0.48939170089662
2009-12-18,0,0.4009569,0.418926498119498
2009-12-19,0,0.4173667,0.367939518582544
2009-12-20,0.49,0.2637233,0.332324750811833
2009-12-21,6.53,0.3118097,0.461400234541194
2009-12-22,5.62,0.4667029,0.738866510992177
2009-12-23,15.94,0.6197243,1.33618677368095
2009-12-24,0,0.5673743,1.61698354138411
2009-12-25,6.54,0.5962517,1.42562852793623
2009-12-26,7.98,0.6521371,1.56777268652795
2009-12-27,0,0.5833494,1.47595325664322
2009-12-28,8.93,0.5283053,1.41477034352561
2009-12-29,0.2,0.596746,1.39651349350728
2009-12-30,13.94,0.6006402,1.54761520279146
2009-12-31,4.82,0.9727193,1.83205147941705
