"Date","P","E","MX_Q_sim"
2004-09-02,0,2.113637,0
2004-09-03,0,2.284305,0
2004-09-04,0,2.757288,0
2004-09-05,0,2.852728,0
2004-09-06,0,2.882288,0
2004-09-07,0,2.759263,0
2004-09-08,0,2.680601,0
2004-09-09,0,2.677378,0
2004-09-10,0,2.387042,0
2004-09-11,0,2.376496,0
2004-09-12,2.56,2.716567,0.0748325034312127
2004-09-13,0.4,2.149183,0.145735441286315
2004-09-14,0,2.107571,0.117236897274002
2004-09-15,1.41,1.976001,0.125563866384048
2004-09-16,0.28,1.704098,0.142864622611995
2004-09-17,0,1.448402,0.111818078958892
2004-09-18,0,1.587894,0.0809086188800303
2004-09-19,0,1.871197,0.0588347363185596
2004-09-20,2.26,1.978648,0.108960755748138
2004-09-21,0,1.634728,0.149838067250292
2004-09-22,1.32,1.840719,0.147019240740461
2004-09-23,1.79,1.640583,0.200166571812496
2004-09-24,14.07,1.869767,0.614393799442626
2004-09-25,0.45,1.48158,0.899507039839752
2004-09-26,0.67,1.552072,0.681676958881407
2004-09-27,0.19,1.701439,0.519103668885914
2004-09-28,0.17,1.707937,0.387382607817998
2004-09-29,0.22,1.918793,0.294177113703358
2004-09-30,0.24,1.802173,0.229790957811506
2004-10-01,0,1.592697,0.177421711905646
2004-10-02,1.83,1.870887,0.186093734171875
2004-10-03,0,1.646764,0.196383871925845
2004-10-04,0,1.448458,0.146325352808054
2004-10-05,0,1.877995,0.110532899250069
2004-10-06,0.18,2.073062,0.0901870914402194
2004-10-07,6.15,1.500013,0.256388848139321
2004-10-08,0,1.218998,0.38331964159058
2004-10-09,0.46,1.205347,0.294479770349364
2004-10-10,1.81,1.369293,0.285125559825782
2004-10-11,0,1.256048,0.268073979185385
2004-10-12,0.03,1.158983,0.199945480902601
2004-10-13,0.09,1.209478,0.153943923077355
2004-10-14,0,1.27022,0.1202968670405
2004-10-15,12.23,1.358412,0.453908289462991
2004-10-16,6.52,1.145263,0.912766266621706
2004-10-17,7.73,1.05341,1.09926853091628
2004-10-18,8.21,1.068011,1.28878215283555
2004-10-19,3.43,1.118989,1.29991891892786
2004-10-20,0,1.071919,1.05381532175507
2004-10-21,26.45,1.69434,1.56978462045843
2004-10-22,6.71,1.454203,2.20400102865531
2004-10-23,0,1.153814,1.81549381871202
2004-10-24,0,1.585888,1.31987503744676
2004-10-25,1.91,1.457917,1.02390058331417
2004-10-26,0.13,1.476742,0.820847125930622
2004-10-27,0,1.06086,0.613928832311419
2004-10-28,1.34,1.060081,0.502472092858257
2004-10-29,11.48,1.32757,0.776569624280513
2004-10-30,9.61,1.257509,1.25069522595324
2004-10-31,1.02,1.106807,1.26806216466021
2004-11-01,0,1.089128,0.9671635506583
2004-11-02,0.51,1.114508,0.734266624737477
2004-11-03,2.28,1.132146,0.638996057874711
2004-11-04,0.87,1.165112,0.586134658010916
2004-11-05,7.84,1.214399,0.717092855521194
2004-11-06,0,0.9872853,0.800457683141532
2004-11-07,5.06,0.9161867,0.757536434767699
2004-11-08,0.3,0.8776983,0.747996957662097
2004-11-09,2.13,0.7714481,0.640284885206408
2004-11-10,0,0.6820809,0.558293234589531
2004-11-11,7.52,0.6343335,0.662450680090478
2004-11-12,0.06,0.6871911,0.756452891039081
2004-11-13,0.32,0.7144714,0.583741236746198
2004-11-14,0.25,0.7467596,0.46668063294868
2004-11-15,0.03,0.6498458,0.37372505261841
2004-11-16,0,0.5261134,0.298841644260291
2004-11-17,0.13,0.7804892,0.248118571854058
2004-11-18,1.38,0.9692749,0.25473096641276
2004-11-19,8.88,0.9393669,0.534867313556396
2004-11-20,5.37,0.6592451,0.877984014039722
2004-11-21,0,0.4911742,0.839734100570653
2004-11-22,1.16,0.5215181,0.668966325224681
2004-11-23,1.51,0.9227881,0.596767753630182
2004-11-24,3.09,0.943699,0.606548598567963
2004-11-25,0,0.5339188,0.57021973221302
2004-11-26,0,0.4981881,0.440515823739699
2004-11-27,0.03,0.6245914,0.348540750642335
2004-11-28,4.11,0.839671,0.411488838163175
2004-11-29,0.04,0.8040129,0.466334905929786
2004-11-30,0,0.7893474,0.367480457937444
2004-12-01,0,0.6858214,0.295248602005466
2004-12-02,4.03,0.6522361,0.369857274821557
2004-12-03,0.91,0.6546811,0.461166244609485
2004-12-04,0.34,0.6343503,0.403658041018385
2004-12-05,0,0.4875218,0.332560390606272
2004-12-06,0,0.4631441,0.270071590768707
2004-12-07,0,0.6280405,0.225143612259444
2004-12-08,0,0.6087703,0.192753687568055
2004-12-09,0,0.6529787,0.169316552321777
2004-12-10,0,0.5383515,0.152273026816907
2004-12-11,0,0.422851,0.139796347053964
2004-12-12,0,0.3872977,0.130582544927602
2004-12-13,0,0.3944114,0.12370082238834
2004-12-14,0,0.3857142,0.118486749076701
2004-12-15,0,0.363615,0.11446602719154
2004-12-16,0,0.3932182,0.111300075135677
2004-12-17,4.62,0.4902821,0.253838510158714
2004-12-18,17.88,0.6691674,0.933251295581548
2004-12-19,2.04,0.611173,1.37143387387699
2004-12-20,5.29,0.5502534,1.25121543306012
2004-12-21,0,0.3892653,1.10891134866273
2004-12-22,0.12,0.3102131,0.830912711801658
2004-12-23,1.32,0.4280471,0.674419167987574
2004-12-24,3.09,0.6583146,0.659989350671107
2004-12-25,5.01,0.8281793,0.772060054118527
2004-12-26,7.73,0.6941871,1.00662796487484
2004-12-27,0,0.5527822,1.02185064319328
2004-12-28,0,0.4746404,0.767417186846889
2004-12-29,5.72,0.4642913,0.769225041522917
2004-12-30,4.41,0.5442014,0.926390169575401
2004-12-31,0.03,0.5549419,0.853652524983219
2005-01-01,1.26,0.6894726,0.69017500685112
2005-01-02,2.69,0.8096346,0.66194208457579
2005-01-03,1.61,0.6931758,0.65667819128223
2005-01-04,0.55,0.6132231,0.581570035267281
2005-01-05,0.03,0.6386116,0.47437651652839
2005-01-06,3.78,0.6912808,0.500713432634523
2005-01-07,1.83,0.7893056,0.586730248090831
2005-01-08,0.06,0.9149299,0.523677332196258
2005-01-09,1.97,0.8233667,0.478889808122708
2005-01-10,0.07,0.7597027,0.451661784900904
2005-01-11,1.94,0.9431185,0.42666099050093
2005-01-12,1.97,0.8727531,0.474672036486724
2005-01-13,4.68,0.8354181,0.598250702894538
2005-01-14,0.04,0.6119324,0.630933000080073
2005-01-15,0,0.4819481,0.491584094790396
2005-01-16,0,0.4505649,0.390335287347381
2005-01-17,0,0.3954557,0.317673690959104
2005-01-18,5.88,0.5186266,0.456649608369985
2005-01-19,17.98,0.7058651,1.16018077363388
2005-01-20,0.63,0.6284215,1.52390910032139
2005-01-21,11.24,0.902652,1.52475510314874
2005-01-22,5.7,0.7698514,1.72005381692126
2005-01-23,0.09,0.6219703,1.48019124540267
2005-01-24,0.58,0.5759695,1.12638315225387
2005-01-25,0.8,0.4979846,0.898130297542317
2005-01-26,0,0.439901,0.716283545127789
2005-01-27,0,0.4464809,0.55772853074912
2005-01-28,0,0.4250468,0.444092628975141
2005-01-29,0,0.5114991,0.362524375684935
2005-01-30,0.09,0.4399706,0.306824848131497
2005-01-31,0.78,0.4875022,0.292635101465154
2005-02-01,1.74,0.6468565,0.338438109511649
2005-02-02,1.62,0.7295738,0.401201528123842
2005-02-03,1.58,0.7273596,0.440500661051478
2005-02-04,1.55,0.7654879,0.466195261816565
2005-02-05,0,0.6740511,0.43213851772394
2005-02-06,0,0.5420755,0.352485391934565
2005-02-07,0.03,0.5622185,0.296186647721548
2005-02-08,0,0.5549156,0.255646185946217
2005-02-09,0,0.5920999,0.225219102267567
2005-02-10,0.04,0.6052468,0.204400799377304
2005-02-11,11.21,0.782225,0.562117635986522
2005-02-12,7.9,1.006207,1.10824180082852
2005-02-13,10.86,1.13618,1.48366360131029
2005-02-14,8.73,0.6962438,1.79146599438725
2005-02-15,8.43,0.692138,1.92897108030721
2005-02-16,0.33,0.6141471,1.74553131537505
2005-02-17,0.11,0.5508775,1.31396913480981
2005-02-18,0,0.5539304,0.993764817418999
2005-02-19,0.44,0.5415132,0.775584244148387
2005-02-20,4.57,0.6248027,0.775227579048156
2005-02-21,1.55,0.6320815,0.823075219018593
2005-02-22,0.58,0.5840309,0.714997911997474
2005-02-23,0.6,0.5496272,0.603052831036143
2005-02-24,0,0.4561931,0.503205208684466
2005-02-25,0.32,0.4425995,0.420534254618841
2005-02-26,0,0.4348168,0.361864311995963
2005-02-27,0.6,0.4946571,0.328225043324654
2005-02-28,0.36,0.5022481,0.31749347307219
2005-03-01,0,0.3873481,0.288559064272839
2005-03-05,0.23,0.5887297,0.262172436205851
2005-03-06,4.94,0.6015626,0.411131975059766
2005-03-07,0.49,0.5458912,0.538284925063636
2005-03-08,0.94,0.6820855,0.482496984111738
2005-03-09,1.4,0.839284,0.474434299064427
2005-03-10,1.3,0.8456676,0.481932032207727
2005-03-11,0.43,0.8152473,0.454000588769111
2005-03-12,0.34,0.838068,0.399046476575524
2005-03-13,4.26,0.8197186,0.489575346267924
2005-03-14,0.09,0.8383325,0.555675632603765
2005-03-15,0,0.9326511,0.44764074803402
2005-03-16,0,0.9829395,0.366779876434666
2005-03-17,0,1.411184,0.308593766228428
2005-03-18,0,1.589331,0.266597449119624
2005-03-19,0,1.507555,0.236161933152209
2005-03-20,0,1.502384,0.213983015783173
2005-03-21,0,1.472723,0.197702124639664
2005-03-22,0,1.40291,0.185635675067295
2005-03-23,1.43,1.498569,0.225057004739665
2005-03-24,0,1.70044,0.256517254893617
2005-03-25,2.74,1.542112,0.319609875225407
2005-03-26,0,1.616185,0.371415189835322
2005-03-27,0.41,1.450103,0.32252135833155
2005-03-28,0.13,1.625386,0.292668738499202
2005-03-29,2.35,1.619739,0.336039109724347
2005-03-30,0.8,1.605759,0.395137221370527
2005-03-31,5.6,1.557586,0.543967325695036
2005-04-01,0,1.604459,0.635540785657502
2005-04-02,0,1.462536,0.497226866505596
2005-04-03,0,1.440072,0.398067379375301
2005-04-04,0,1.586499,0.326860452140137
2005-04-05,0,1.552986,0.275610188127485
2005-04-06,2.32,1.541074,0.317203041465806
2005-04-07,6.78,1.396284,0.582883252999044
2005-04-08,3.63,1.530486,0.829388547903351
2005-04-09,6.71,1.224065,0.997072483630059
2005-04-10,0.52,1.093089,1.01980199086407
2005-04-11,0.39,1.224756,0.8055810775692
2005-04-12,0,1.451623,0.634294137184615
2005-04-13,0,1.538495,0.497368783010045
2005-04-14,0,1.675045,0.399190231817933
2005-04-15,0,1.745112,0.328673377603571
2005-04-16,4.33,1.592329,0.425419935941131
2005-04-17,1.58,1.512652,0.559323835964841
2005-04-18,0.2,1.785537,0.507735003669032
2005-04-19,0.17,1.748204,0.419225489146256
2005-04-20,5.69,1.599067,0.542885924254935
2005-04-21,0.44,1.423264,0.654591011779901
2005-04-22,0,1.379885,0.527516386929796
2005-04-23,0,1.460161,0.420329370937192
2005-04-24,2.18,1.509001,0.417699018055249
2005-04-25,0.33,1.940844,0.432396586412993
2005-04-26,7.72,1.824589,0.627696473039622
2005-04-27,8.3,1.884232,1.05966541522995
2005-04-28,0.76,1.886999,1.13359666357672
2005-04-29,0,1.817897,0.883678764365606
2005-04-30,1.08,2.491382,0.713956777940865
2005-05-01,0,2.654647,0.595219154049348
2005-05-02,0,2.979977,0.470469501554577
2005-05-03,0.07,2.734749,0.383362288724894
2005-05-04,5.47,2.253556,0.508035939086422
2005-05-05,4.04,1.959461,0.746899694482695
2005-05-06,0.18,1.966407,0.733778742025645
2005-05-07,1.99,1.840794,0.644630038570854
2005-05-08,11.17,1.538772,0.963476952056769
2005-05-09,0.32,1.431704,1.15855321407345
2005-05-10,0,1.499452,0.887345061085114
2005-05-11,0.08,1.527832,0.684259400675175
2005-05-12,0,1.616271,0.5390341147878
2005-05-13,0.1,1.963023,0.435393747891111
2005-05-14,0,2.134367,0.361214258124338
2005-05-15,16.04,2.091104,0.857832251341348
2005-05-16,0.86,2.068168,1.28445974127337
2005-05-17,0,2.115844,0.998788368565334
2005-05-18,0,1.993742,0.762649163441558
2005-05-19,0.03,1.84385,0.594634783234689
2005-05-20,0,2.129164,0.474299415437482
2005-05-21,10.91,2.984589,0.763800525556177
2005-05-22,0,2.696783,0.999191946659378
2005-05-23,0,2.48452,0.763650225222686
2005-05-24,0.2,2.461813,0.601915574912444
2005-05-25,0,2.439509,0.486509967742777
2005-05-26,0,3.291149,0.396273457317877
2005-05-27,0,3.752751,0.331377733923453
2005-05-28,0.05,4.226289,0.286290384774134
2005-05-29,0.05,4.319947,0.255477441994944
2005-05-30,12.94,4.156369,0.676661679674588
2005-05-31,1.46,2.537844,1.05976683800203
2005-06-01,0.23,2.296298,0.868375560838168
2005-06-02,0,2.706445,0.678162393661945
2005-06-03,0,3.043817,0.53343912351717
2005-06-04,3.33,3.260307,0.543983235330834
2005-06-05,1.08,2.522418,0.596957888759125
2005-06-06,0,2.289379,0.514911600939441
2005-06-07,2.65,2.518276,0.507147049961348
2005-06-08,0,2.14433,0.508170920764395
2005-06-09,0,2.289801,0.411208684759668
2005-06-10,0,2.503968,0.341517374841631
2005-06-11,0,2.648957,0.291296703036329
2005-06-12,0,2.54047,0.254978805941566
2005-06-13,0,2.333608,0.22858931691785
2005-06-14,0,2.605817,0.209291301807093
2005-06-15,0,2.823523,0.195059721952478
2005-06-16,0,3.095813,0.184449067116968
2005-06-17,0,3.523176,0.176427492726517
2005-06-18,0.03,3.933271,0.171277117241653
2005-06-19,0.03,4.415076,0.168258038157709
2005-06-20,0,4.288468,0.16465808910522
2005-06-21,0,4.673518,0.160570503292047
2005-06-22,0.04,4.772464,0.158576569019569
2005-06-23,0,4.534642,0.156836013163237
2005-06-24,0,4.682284,0.153732430240861
2005-06-25,0.03,5.340871,0.152110820263125
2005-06-26,1.11,4.299456,0.187862899864998
2005-06-27,0,4.406134,0.214786800780876
2005-06-28,0,4.518274,0.193783205696165
2005-06-29,0,4.98642,0.178390193860966
2005-06-30,2.01,4.218043,0.234092403395096
2005-07-01,2.51,3.436428,0.362438802483256
2005-07-02,2.69,3.093486,0.478234512737267
2005-07-03,2.75,3.373674,0.569709479726382
2005-07-04,0,4.070348,0.54570070147865
2005-07-05,4.95,3.306112,0.595251768925413
2005-07-06,0.16,2.719457,0.648370531374107
2005-07-07,11.16,2.822993,0.883541029680846
2005-07-08,8.05,2.484864,1.34484404999087
2005-07-09,8.76,2.743725,1.59022653201695
2005-07-10,0,3.170881,1.49854966026594
2005-07-11,2,3.857578,1.18416313197726
2005-07-12,0,4.588746,0.964508819998342
2005-07-13,0,4.193992,0.73525101780506
2005-07-14,0,4.556277,0.571144362139335
2005-07-15,0,4.689089,0.45354693834002
2005-07-16,0,4.450485,0.369152172129094
2005-07-17,0,4.211437,0.308461835657618
2005-07-18,0,4.029562,0.264696084937
2005-07-19,3.24,3.882426,0.341002265074651
2005-07-20,1.48,3.19517,0.452713323924056
2005-07-21,6.02,2.886899,0.621335370257924
2005-07-22,0,2.960662,0.704115319658693
2005-07-23,0.11,3.049948,0.551557218026393
2005-07-24,0,3.209504,0.442497372441696
2005-07-25,8.18,3.193089,0.633295037613204
2005-07-26,3.12,3.480394,0.894373558354907
2005-07-27,0.16,3.439533,0.801792835118055
2005-07-28,1.46,4.334658,0.672944245437726
2005-07-29,3.98,4.477613,0.711263541940038
2005-07-30,16.48,3.663631,1.24952616698555
2005-07-31,2.37,3.064103,1.61383886835375
2005-08-01,3.14,2.728464,1.3936440191729
2005-08-02,0,3.112624,1.15908635061347
2005-08-03,0,3.147316,0.878399336065154
2005-08-04,0.35,2.867621,0.689260611099397
2005-08-05,0,2.868614,0.554662194322013
2005-08-06,5.47,2.5858,0.628870822951171
2005-08-07,0,2.442183,0.695559795005042
2005-08-08,3.93,2.238373,0.678411752789208
2005-08-09,0.38,2.33656,0.688618273006071
2005-08-10,0,2.587624,0.555532577087083
2005-08-11,0,2.605904,0.446426336772872
2005-08-12,2.64,2.491075,0.456378606712554
2005-08-13,0,2.714198,0.469840593236696
2005-08-14,0,2.682147,0.384522845625346
2005-08-15,13.68,2.459687,0.782623725405552
2005-08-16,3.24,2.452757,1.21082958195058
2005-08-17,0,3.099506,1.0331394648853
2005-08-18,0,3.126107,0.78934865939551
2005-08-19,0,3.283715,0.614817807890902
2005-08-20,0.68,2.803069,0.51249776177215
2005-08-21,0,2.626738,0.440723373850122
2005-08-22,0,2.588151,0.364647357419686
2005-08-23,0,2.943487,0.30984888314936
2005-08-24,0.97,2.549504,0.302618167300562
2005-08-25,0.03,2.660715,0.300481151538289
2005-08-26,4.24,2.348806,0.405502383088983
2005-08-27,0,2.122388,0.48989204458778
2005-08-28,0,2.173436,0.398283753459763
2005-08-29,0,2.540396,0.332412856724513
2005-08-30,0,2.784911,0.284917980930749
2005-08-31,0,3.151083,0.250544558099489
2005-09-01,0,3.454235,0.225541850573008
2005-09-02,0,2.969024,0.207232549606136
2005-09-03,0,3.078266,0.19370555644844
2005-09-04,0.03,2.997457,0.184589755327247
2005-09-05,0.03,3.13647,0.178703071135748
2005-09-06,0.06,3.023247,0.175053871917318
2005-09-07,4.47,3.103573,0.318932842040872
2005-09-08,0,3.144351,0.430538144958038
2005-09-09,0,3.193396,0.351701502878635
2005-09-10,8.96,2.936333,0.591680689033334
2005-09-11,3.53,2.710608,0.902525151010432
2005-09-12,0.99,2.545185,0.848600110786347
2005-09-13,2.24,2.49724,0.761338570800669
2005-09-14,0,2.562524,0.669282627092724
2005-09-15,0.03,2.23683,0.524748797294229
2005-09-16,0.91,2.673458,0.451292381585451
2005-09-17,8.84,2.069236,0.693047326228087
2005-09-18,0,1.635706,0.855732842395613
2005-09-19,0,1.576464,0.657728526691861
2005-09-20,0,1.598641,0.515929290565891
2005-09-21,0,1.659914,0.414253629132131
2005-09-22,0,1.688629,0.341222578901209
2005-09-23,0,1.763874,0.288642453642195
2005-09-24,0,1.836622,0.25066458617108
2005-09-25,0,1.970443,0.223114175557183
2005-09-26,0.1,2.072422,0.206312151224731
2005-09-27,0,2.098127,0.194141582003106
2005-09-28,0.38,2.107799,0.194023668599636
2005-09-29,2.12,1.840451,0.264407382096516
2005-09-30,2.11,1.626438,0.375877038104096
2005-10-01,1.19,1.46649,0.424930741287289
2005-10-02,6.97,1.711256,0.618795284393406
2005-10-03,2.11,1.495578,0.802513254816273
2005-10-04,0,1.52791,0.691999989397624
2005-10-05,0,1.784045,0.537975712865634
2005-10-06,0,2.027596,0.427597790674749
2005-10-07,0,2.041108,0.348378789676662
2005-10-08,0,2.00324,0.291405184121666
2005-10-09,0,1.791158,0.250314490396585
2005-10-10,0,1.651373,0.220565149628167
2005-10-11,0,1.661337,0.198915372616262
2005-10-12,0,1.590911,0.183051141295263
2005-10-13,0,1.62495,0.171320677566721
2005-10-14,0,1.50876,0.162544908142722
2005-10-15,0,1.456775,0.155882175057097
2005-10-16,0,1.358171,0.150731666531171
2005-10-17,0,1.379401,0.146664486283576
2005-10-18,0,1.207543,0.143374451057937
2005-10-19,0.07,1.184507,0.142940570485014
2005-10-20,5.79,1.236701,0.33294122813904
2005-10-21,2.08,1.521519,0.548974001587742
2005-10-22,19.97,1.701719,1.16792706758252
2005-10-23,4.47,1.730524,1.73632620907643
2005-10-24,0.92,1.514964,1.4743401011655
2005-10-25,0,1.368209,1.1302151443826
2005-10-26,0.84,1.68172,0.879336111644974
2005-10-27,0,1.751443,0.701982937960937
2005-10-28,0.03,1.709431,0.546078511389813
2005-10-29,0,1.723678,0.434435988794015
2005-10-30,0,1.571635,0.353249003695131
2005-10-31,0,1.531022,0.294870766057578
2005-11-01,0.43,1.626909,0.26703227162355
2005-11-02,16.79,1.390835,0.808748459431089
2005-11-03,9.61,1.239053,1.54564662601427
2005-11-04,0.04,1.5933,1.49781992626188
2005-11-05,4.76,1.381366,1.27850409509338
2005-11-06,2.16,1.086596,1.20504966960911
2005-11-07,0,1.118102,0.98680636537765
2005-11-08,1.96,1.00812,0.818809119570547
2005-11-09,0,1.213065,0.703521297468321
2005-11-10,0.44,0.9936017,0.565077354945581
2005-11-11,0,1.051076,0.466926291664855
2005-11-12,0.69,1.050091,0.403762646311578
2005-11-13,0.35,0.9528222,0.371759895474839
2005-11-14,0.78,1.148047,0.350777577042946
2005-11-15,0,0.9672437,0.32480143870738
2005-11-16,5.97,0.8645967,0.478742330097785
2005-11-17,2.47,0.8156803,0.686963276249869
2005-11-18,0.13,0.7428913,0.631103983499834
2005-11-19,0,0.721917,0.502130551660714
2005-11-20,0,0.584867,0.404922903467453
2005-11-21,0,0.5666367,0.335075967584819
2005-11-22,0.13,0.7606092,0.289138832898236
2005-11-23,0,0.5914326,0.256236851327381
2005-11-24,0.03,0.6131673,0.228635619136053
2005-11-25,2.51,0.6668969,0.293094686814686
2005-11-26,0.2,0.568899,0.350874677597676
2005-11-27,2.1,0.5638723,0.372595863627107
2005-11-28,1.01,0.5914569,0.419995028678411
2005-11-29,3.98,0.6221925,0.514753643428413
2005-11-30,0.06,0.6370068,0.557997201201669
2005-12-01,0,0.5939674,0.444892679998039
2005-12-02,0,0.5795554,0.361553456365141
2005-12-03,10.96,0.6093981,0.673344124565359
2005-12-04,10.68,0.835227,1.2882276893178
2005-12-05,20.54,0.8852936,2.06392840551462
2005-12-06,0.86,0.780482,2.31237018595977
2005-12-07,0.42,0.7203354,1.7505772183218
2005-12-08,0.22,0.7266342,1.32609406355284
2005-12-09,5.11,0.6792817,1.18383199617936
2005-12-10,0,0.641126,1.08732408683086
2005-12-11,0,0.5554378,0.829598047071505
2005-12-12,0,0.4978358,0.645104705649145
2005-12-13,0.04,0.6092603,0.514267426561639
2005-12-14,0.06,0.6748322,0.422530009084201
2005-12-15,0.58,0.6955155,0.375193196403002
2005-12-16,0.39,0.6871021,0.353663210567273
2005-12-17,6.98,0.7945831,0.558525273106641
2005-12-18,4.19,0.5647568,0.85353182256547
2005-12-19,0,0.5699394,0.817105490493637
2005-12-20,2.13,0.5453842,0.709335244458527
2005-12-21,0,0.5635263,0.637606477248828
2005-12-22,0,0.5792199,0.507057743681695
2005-12-23,0.09,0.5903021,0.416471911908128
2005-12-24,0,0.6611409,0.351544278086886
2005-12-25,0,0.7195387,0.301365772238137
2005-12-26,0.06,0.689492,0.267123498002297
2005-12-27,3.57,0.5497398,0.365951855756273
2005-12-28,1.71,0.4394627,0.502612577261664
2005-12-29,0.69,0.4475311,0.496013449850822
2005-12-30,0.27,0.3878605,0.438676293579156
2005-12-31,9.99,0.4179907,0.720111321258155
2006-01-01,1.66,0.6755196,0.995266601459152
2006-01-02,3.85,0.6891219,0.958168860979767
2006-01-03,0,0.7122377,0.879782393643977
2006-01-04,0,0.5916529,0.679755984830841
2006-01-05,0,0.5178823,0.536465253000145
2006-01-06,0.59,0.5177258,0.454242862924566
2006-01-07,0,0.4401883,0.396644583691157
2006-01-08,0,0.4579959,0.33304384810427
2006-01-09,0,0.5305783,0.287151571159365
2006-01-10,0,0.4316201,0.253904420296613
2006-01-11,0,0.4481434,0.22968815923554
2006-01-12,3.3,0.4999456,0.327013586003816
2006-01-13,0.57,0.6123654,0.424811471620835
2006-01-14,0,0.541813,0.372629207814228
2006-01-15,0,0.4790324,0.313649559342176
2006-01-16,0,0.391807,0.271078098298771
2006-01-17,0.57,0.463781,0.260096232351583
2006-01-18,18.58,0.7064641,0.906409646524305
2006-01-19,0.82,0.716875,1.42549227788775
2006-01-20,0,0.6305717,1.09949023069734
2006-01-21,2.95,0.8116945,0.939254717215434
2006-01-22,1.28,0.7315867,0.87747264066977
2006-01-23,0,0.6536101,0.725390892020619
2006-01-24,0,0.4829788,0.568166643480413
2006-01-25,0,0.4536762,0.455441650163309
2006-01-26,0.42,0.4885271,0.389259073609283
2006-01-27,0.11,0.5368626,0.346543320471311
2006-01-28,0,0.4089335,0.300071459256983
2006-01-29,0.1,0.5597329,0.265798725190964
2006-01-30,0,0.7826701,0.241131345335047
2006-01-31,0,0.6719809,0.219292690700909
2006-02-01,0,0.6150579,0.203237225348891
2006-02-02,0,0.5432889,0.191314404201699
2006-02-03,0.03,0.4630497,0.183399796655008
2006-02-04,0,0.4412431,0.177378693333757
2006-02-05,0,0.650513,0.171505222210587
2006-02-06,0.5,0.6916068,0.184424371887993
2006-02-07,0.03,0.7817963,0.195619977131695
2006-02-08,0.45,0.7870484,0.200280839544912
2006-02-09,2.95,0.7915451,0.306931390162923
2006-02-10,3.55,0.6819946,0.498686765936847
2006-02-11,0.36,0.7195751,0.546648083165622
2006-02-12,0,0.7037867,0.44787338110953
2006-02-13,2.59,0.6666952,0.454577383806431
2006-02-14,0.07,0.6449706,0.468463142136575
2006-02-15,0.27,0.7748904,0.390137289214211
2006-02-16,22.04,0.9732111,1.11498307353269
2006-02-17,8.62,1.034805,1.989818132114
2006-02-18,1.93,0.9502857,1.86920421808471
2006-02-19,12.73,0.9093604,1.91583917317933
2006-02-20,1.49,0.9871904,1.96384339420074
2006-02-21,1.27,0.9610401,1.5592165037971
2006-02-22,0.92,0.8301464,1.24925442731237
2006-02-23,0.03,0.7976961,0.982382556391242
2006-02-24,0,0.7065107,0.756140780364947
2006-02-25,0,0.7650482,0.592967185851566
2006-02-26,0,0.7348837,0.475967337340795
2006-02-27,0,0.5994329,0.391931355558388
2006-02-28,0.4,0.594277,0.345765425037338
2006-03-01,3.36,0.7213423,0.433976050913421
2006-03-02,0.39,0.6346496,0.504445523088775
2006-03-03,0.54,0.6573148,0.445790905541882
2006-03-04,8.84,0.6795819,0.708286508691433
2006-03-05,0,0.5950798,0.899111274774508
2006-03-06,0.59,0.5040029,0.71568853751647
2006-03-07,2.9,0.5969318,0.690414992480638
2006-03-08,0.15,0.775813,0.662652478920084
2006-03-09,11.44,0.8606969,0.945147538643624
2006-03-10,7.09,1.154469,1.42996632834109
2006-03-11,2.47,0.9804657,1.4423384882245
2006-03-12,2.76,0.8441187,1.28274668796848
2006-03-13,0.03,0.6025251,1.08120587400761
2006-03-14,0,0.6547178,0.82957543386772
2006-03-15,0,0.7655962,0.648235666671732
2006-03-16,0,0.8944366,0.518240640668467
2006-03-17,0,0.8028612,0.424900797936732
2006-03-18,0,0.9173837,0.357730732605198
2006-03-19,0,0.9993356,0.309245947326169
2006-03-20,0,1.104287,0.274103982548573
2006-03-21,0.26,1.142912,0.257920557493609
2006-03-22,2.34,1.023736,0.331494989913325
2006-03-23,0.22,1.014172,0.387976785254343
2006-03-24,0,1.107618,0.337599353546379
2006-03-25,7.77,1.273506,0.575200084725465
2006-03-26,9.73,1.683638,1.12135533088172
2006-03-27,2.62,1.950993,1.3317213204117
2006-03-28,4.06,1.834449,1.25744341268063
2006-03-29,4.41,1.489434,1.27451900466208
2006-03-30,2.53,1.371952,1.23264115586751
2006-03-31,25.72,1.717335,1.98845200401656
2006-04-01,14.39,1.762839,3.03737368509022
2006-04-02,4.83,1.549207,2.98935662342088
2006-04-03,6.34,1.504987,2.6327000606987
2006-04-04,4.98,1.340376,2.38959928334467
2006-04-05,0,1.231758,1.97675099402127
2006-04-06,0,1.136354,1.48226313713815
2006-04-07,0,1.141842,1.12859388726803
2006-04-08,0,1.253996,0.875447419093225
2006-04-09,0,1.356024,0.694060654260146
2006-04-10,0.09,1.452778,0.567259298005587
2006-04-11,0,1.360654,0.476331054788367
2006-04-12,0,1.227348,0.407166186587465
2006-04-13,0.74,1.471256,0.384702245447523
2006-04-14,1.65,1.417903,0.431633963303168
2006-04-15,2.45,1.73055,0.531106393769009
2006-04-16,3.92,1.78059,0.689084421886238
2006-04-17,17.49,1.836359,1.3718132105973
2006-04-18,0,1.865053,1.75300361642641
2006-04-19,0,1.712098,1.32201534420792
2006-04-20,0,1.5832,1.01367718481043
2006-04-21,0,1.72232,0.792893151287186
2006-04-22,0,2.055787,0.634611790957252
2006-04-23,0,1.906578,0.520951402751711
2006-04-24,0,1.664318,0.439148028117614
2006-04-25,0,2.614495,0.380090734605381
2006-04-26,1,2.489932,0.374630665291762
2006-04-27,0.52,2.279525,0.392389506971074
2006-04-28,0,2.066842,0.365982517350881
2006-04-29,0,1.879394,0.325731839615562
2006-04-30,0,1.488974,0.29636243077108
2006-05-01,6.57,1.242226,0.520158213886529
2006-05-02,3.03,1.63297,0.811549314023865
2006-05-03,0,2.279322,0.765317052664156
2006-05-04,0,2.74471,0.610590884073535
2006-05-05,0,3.133681,0.499511125107985
2006-05-06,3.03,2.780145,0.532566593513432
2006-05-07,0.03,2.960251,0.565412668853804
2006-05-08,0,2.775521,0.467528718454092
2006-05-09,12.56,2.514195,0.865256450680832
2006-05-10,0.38,2.528348,1.19911986685994
2006-05-11,0.03,2.437027,0.937120484976351
2006-05-12,0,2.765869,0.734376664394585
2006-05-13,1.85,2.838433,0.656785690340182
2006-05-14,17.67,2.514401,1.26896260128463
2006-05-15,0,2.326371,1.68295774173162
2006-05-16,0,2.655017,1.26909442333234
2006-05-17,5.11,2.925123,1.16458648056883
2006-05-18,1.28,2.969827,1.15214106018079
2006-05-19,0.96,3.010565,0.977424802283164
2006-05-20,2.01,2.310091,0.878822601149084
2006-05-21,20.61,2.148815,1.55290562316717
2006-05-22,2.74,2.531541,2.11662632539225
2006-05-23,6.28,2.563149,1.93220269683263
2006-05-24,2.8,2.043834,1.81357365146703
2006-05-25,2.29,1.911688,1.56915370896302
2006-05-26,8.75,2.128356,1.61940082191454
2006-05-27,14.14,2.629082,2.12662342604423
2006-05-28,2.17,2.9359,2.25747571335425
2006-05-29,1.87,2.826622,1.85147271011605
2006-05-30,10.33,2.018782,1.87293703226662
2006-05-31,3.09,1.813142,1.96011366869776
2006-06-01,1.5,1.825399,1.66578468602277
2006-06-02,2.16,1.812284,1.41558277689546
2006-06-03,0,2.259227,1.1812246518363
2006-06-04,0,2.48771,0.924751790849613
2006-06-05,0,2.742347,0.74087444265845
2006-06-06,0.29,2.678804,0.619884399261222
2006-06-07,0,2.430686,0.533587564142945
2006-06-08,0,2.713694,0.459378107872214
2006-06-09,0,3.084712,0.405630319554455
2006-06-10,0,3.324333,0.366495690524707
2006-06-11,0,3.659721,0.337799500987563
2006-06-12,0,3.942612,0.316561776127411
2006-06-13,0,3.961734,0.300655346366937
2006-06-14,0,4.422082,0.288561772053157
2006-06-15,0.36,4.404413,0.292783889411639
2006-06-16,6.6,3.662155,0.545569029797443
2006-06-17,0,3.213944,0.730097920188407
2006-06-18,0,3.410493,0.594384581909535
2006-06-19,0,3.942181,0.496787655956074
2006-06-20,0.54,3.871599,0.446720220726469
2006-06-21,0,3.72498,0.411846168138328
2006-06-22,0,3.518181,0.36452748039874
2006-06-23,0.48,2.880505,0.348053039857654
2006-06-24,0,3.093686,0.336997350907572
2006-06-25,0,3.727085,0.30917438429368
2006-06-26,8.5,3.789807,0.607350634057074
2006-06-27,1.1,3.535503,0.885437482093354
2006-06-28,0,3.477216,0.745676502757644
2006-06-29,0,3.872422,0.601160700287599
2006-06-30,0.22,3.829599,0.505536529749015
2006-07-01,0,4.328485,0.43724155081253
2006-07-02,0,4.433869,0.379042388439197
2006-07-03,0,4.329465,0.336837197134352
2006-07-04,0,4.457209,0.306055005951755
2006-07-05,0,4.797611,0.28343300796146
2006-07-06,0.53,4.549896,0.286254293432487
2006-07-07,0,4.048904,0.289151508360969
2006-07-08,0.11,3.95075,0.273678256565344
2006-07-09,0.15,3.992552,0.267851071140958
2006-07-10,0,3.74398,0.25915957848704
2006-07-11,0,4.167972,0.246429828133633
2006-07-12,0,4.747865,0.236734976904014
2006-07-13,0,4.813864,0.229212449683864
2006-07-14,39.93,4.265984,1.70862331888418
2006-07-15,0,4.356479,2.87918018515426
2006-07-16,0,4.018706,2.12589324813514
2006-07-17,0,4.285995,1.58749933795123
2006-07-18,0,4.391714,1.20250220181775
2006-07-19,0,4.628929,0.927005976177277
2006-07-20,0,4.96938,0.729677890051835
2006-07-21,0,5.001661,0.588152661558693
2006-07-22,0,5.331844,0.48646596960576
2006-07-23,2.51,4.568414,0.505395723434779
2006-07-24,0.1,4.465701,0.52906667277846
2006-07-25,0,4.750831,0.447043880169148
2006-07-26,0,5.349794,0.383927444267637
2006-07-27,0,5.65498,0.338233232599348
2006-07-28,0.03,4.900592,0.306073755241577
2006-07-29,0.55,3.810304,0.302581259033702
2006-07-30,0,3.927917,0.299848174871167
2006-07-31,0.68,3.800787,0.300566655635181
2006-08-01,0.81,3.653794,0.331751552821478
2006-08-02,4.81,3.003323,0.503890102597437
2006-08-03,10.41,2.675501,0.987492015308244
2006-08-04,0.33,2.578596,1.1868071743984
2006-08-05,18.72,2.739754,1.61011547254383
2006-08-06,1.75,3.501988,2.01610637825612
2006-08-07,0.03,3.528031,1.57764663897901
2006-08-08,0,3.567246,1.19552616075742
2006-08-09,0,3.291851,0.920920539681145
2006-08-10,0.62,2.788448,0.746860714820928
2006-08-11,1.96,2.521464,0.695220836632108
2006-08-12,10.29,2.316128,1.0158364382558
2006-08-13,2.22,2.329921,1.2780827813096
2006-08-14,0,2.424958,1.06805670956834
2006-08-15,3.32,2.519591,0.952086803298568
2006-08-16,4.86,2.672488,1.05619114498395
2006-08-17,0.52,2.662792,1.03272078591823
2006-08-18,4.93,3.122262,1.00706422688403
2006-08-19,4.55,3.004925,1.14869812026195
2006-08-20,2.29,2.870884,1.15282484617544
2006-08-21,2.98,2.601081,1.09246242383782
2006-08-22,4.1,2.593484,1.11795562434188
2006-08-23,0,2.549566,1.03016252934626
2006-08-24,0,2.728572,0.805724289234888
2006-08-25,19.03,2.385486,1.34779713553982
2006-08-26,10.92,2.386554,2.19341927805797
2006-08-27,0.5,2.413896,2.09459804889561
2006-08-28,1.12,2.515089,1.63332201560174
2006-08-29,11.05,2.100826,1.69758762833055
2006-08-30,4.72,1.925744,1.90593157720859
2006-08-31,0,2.002639,1.62818869205003
2006-09-01,0,2.103298,1.24125872689016
2006-09-02,0,2.585042,0.964286681184811
2006-09-03,0,2.825362,0.76580993858991
2006-09-04,2.85,3.081168,0.729156241006138
2006-09-05,0,3.064568,0.71043383398004
2006-09-06,0,2.807721,0.583205980874703
2006-09-07,0,3.035901,0.491637667103587
2006-09-08,0,2.618402,0.425530460539229
2006-09-09,0,2.175367,0.377604684647826
2006-09-10,0,2.246124,0.342664060436264
2006-09-11,0,2.530095,0.316999430995917
2006-09-12,0,2.718208,0.297963142308492
2006-09-13,0,2.874105,0.283665237852502
2006-09-14,0,2.895916,0.272756603444401
2006-09-15,0,2.747738,0.264274176831553
2006-09-16,0,2.73487,0.257530458872659
2006-09-17,0,2.40794,0.252034647025401
2006-09-18,0,2.678368,0.247436340718607
2006-09-19,1.43,2.399691,0.295887540180469
2006-09-20,0,2.083848,0.333872042003704
2006-09-21,0.1,2.081233,0.307958085629955
2006-09-22,0,2.278032,0.289091142481045
2006-09-23,0,2.649146,0.271064171768077
2006-09-24,0,2.621812,0.25755581195618
2006-09-25,0.7,2.68054,0.27281523385465
2006-09-26,0.71,2.27936,0.310947592033428
2006-09-27,0.19,2.122584,0.319170459507287
2006-09-28,0,1.876615,0.297277163798285
2006-09-29,0,1.930407,0.27363288802329
2006-09-30,0,2.025467,0.256147340227839
2006-10-01,14.33,1.997627,0.767038201478894
2006-10-02,5.45,2.178683,1.3713231167839
2006-10-03,0.88,1.950745,1.2894993760339
2006-10-04,17.49,1.766855,1.66419982977162
2006-10-05,0.27,1.603188,1.95649450889495
2006-10-06,0.8,1.547164,1.50544862801835
2006-10-07,11.91,1.874038,1.61506673472567
2006-10-08,2.73,1.649406,1.79633795219537
2006-10-09,0,1.301947,1.46177432672527
2006-10-10,0,1.510334,1.11421295636869
2006-10-11,0.76,1.916001,0.893520084762284
2006-10-12,0,1.654135,0.737474261361276
2006-10-13,0.04,1.797016,0.59683717890735
2006-10-14,0,2.025724,0.495882683572147
2006-10-15,0,1.731451,0.421566378526698
2006-10-16,0,1.520572,0.367850234776256
2006-10-17,0,1.403569,0.328845037794055
2006-10-18,0,1.310002,0.300347022673748
2006-10-19,0,1.485701,0.279355492784286
2006-10-20,2.51,1.616091,0.356165651944143
2006-10-21,4.67,1.776714,0.58973786095736
2006-10-22,1.89,1.745203,0.7400539645279
2006-10-23,3.34,1.81631,0.79126873211343
2006-10-24,20.27,1.930539,1.51621810709809
2006-10-25,17.22,1.529007,2.60440586464049
2006-10-26,0,1.412991,2.62425794393776
2006-10-27,0,1.708703,1.94834473493624
2006-10-28,0,1.780439,1.46513619444133
2006-10-29,0.09,1.708365,1.12284925527483
2006-10-30,0.48,1.634229,0.895983491461587
2006-10-31,0,1.140033,0.731119695931135
2006-11-01,1.2,1.082988,0.638361574619809
2006-11-02,1.82,0.964431,0.642896100117198
2006-11-03,0.79,0.7605854,0.632303534785274
2006-11-04,0,0.8545902,0.553641515844131
2006-11-05,0,0.9481588,0.465240655956657
2006-11-06,0,0.9193982,0.401446787155426
2006-11-07,0,0.9116619,0.355224165068713
2006-11-08,0,0.8268558,0.321550633706747
2006-11-09,0.03,0.9273551,0.297959967161647
2006-11-10,1.1,1.114316,0.321560970312073
2006-11-11,0.03,0.7095165,0.340849585465714
2006-11-12,4.32,0.8355081,0.471488987614189
2006-11-13,1.85,0.9514834,0.644501412453262
2006-11-14,3.29,1.053415,0.723256803989732
2006-11-15,3.65,1.315407,0.851085781818812
2006-11-16,0,1.285559,0.820735932073919
2006-11-17,0.51,1.270585,0.671415803354166
2006-11-18,8.25,1.187549,0.875156842817476
2006-11-19,0.66,0.9402765,1.04828925690544
2006-11-20,16.94,0.9359483,1.48183002604587
2006-11-21,17.59,0.881795,2.4823664466406
2006-11-22,8.55,0.9763085,2.88979231858006
2006-11-23,1.98,0.8075814,2.56577295944636
2006-11-24,25.38,1.083009,2.96847094129364
2006-11-25,5.27,1.135842,3.45345144417689
2006-11-26,4.58,1.407379,2.94638472053099
2006-11-27,0.34,1.056545,2.39306395499505
2006-11-28,0,0.9674931,1.8091078620596
2006-11-29,0.38,1.02429,1.39205054906863
2006-11-30,0.03,0.9460962,1.09579918887056
2006-12-01,0.24,0.7327512,0.877158483536929
2006-12-02,0,0.8916934,0.719737147866642
2006-12-03,0.1,0.8705289,0.600497472441934
2006-12-04,13.13,1.051893,1.02353551077353
2006-12-05,16.38,1.016901,1.99833841254578
2006-12-06,4.6,1.272633,2.37843364206533
2006-12-07,2.19,0.9761119,2.06577482947874
2006-12-08,10.81,0.8848088,2.0800581092094
2006-12-09,13.83,0.9940333,2.57541923474023
2006-12-10,2.41,0.7947422,2.61232426136578
2006-12-11,0,0.6095968,2.06276361825819
2006-12-12,3.54,0.7145317,1.7076156964321
2006-12-13,2.2,0.7840955,1.55080692725597
2006-12-14,0.15,0.779254,1.30130040985642
2006-12-15,0,0.8028575,1.02989312124544
2006-12-16,0,0.5791272,0.828898347562261
2006-12-17,3.97,0.706076,0.841257789466405
2006-12-18,0,0.6121042,0.8613127922598
2006-12-19,0.22,0.6152815,0.715788905816682
2006-12-20,0,0.632099,0.61167371775476
2006-12-21,0,0.5945614,0.527166413734343
2006-12-22,0,0.7432586,0.465948734693069
2006-12-23,0,0.6758961,0.421363981628696
2006-12-24,0,0.6088232,0.388660539810821
2006-12-25,0,0.6640194,0.364446637396398
2006-12-26,0,0.5150117,0.346301154163344
2006-12-27,0,0.5376472,0.33249581823397
2006-12-28,0,0.5005325,0.321796911128362
2006-12-29,0.03,0.5033704,0.314505564711913
2006-12-30,0,0.5271747,0.308564583245389
2006-12-31,19.35,0.668015,1.06970743570187
2007-01-01,10,0.9901223,2.06964660802527
2007-01-02,13.94,0.8833843,2.55024659752615
2007-01-03,5.28,0.7147818,2.72162277941944
2007-01-04,0.43,0.7655866,2.28066619406246
2007-01-05,3.81,0.8574706,1.89295582978706
2007-01-06,2.04,0.8818367,1.69053844548556
2007-01-07,10.9,1.043456,1.8269326303036
2007-01-08,0,0.9019123,1.86988739341958
2007-01-09,11.59,0.9696581,1.89867015403798
2007-01-10,2.4,1.184793,2.05156748757545
2007-01-11,3.14,1.032169,1.79364872208201
2007-01-12,5.24,0.8568484,1.72699614191835
2007-01-13,0.17,0.9369128,1.56599013824291
2007-01-14,0.44,1.086821,1.24145764455638
2007-01-15,0.56,0.8524475,1.02552725564638
2007-01-16,0,0.5613311,0.853137542750914
2007-01-17,0.07,0.7308876,0.707716608298946
2007-01-18,17.2,1.040246,1.30337880680579
2007-01-19,41.8,1.22803,3.50468883027126
2007-01-20,6.31,1.233655,4.72113499697939
2007-01-21,3.89,1.134227,3.92439578824659
2007-01-22,3.07,0.8719943,3.21519812345426
2007-01-23,0,0.7245337,2.54551491415578
2007-01-24,0.04,0.5394815,1.93202611132083
2007-01-25,0,0.536026,1.49312573753425
2007-01-26,0,0.4866848,1.17695729252189
2007-01-27,0.05,0.4556527,0.952246430126538
2007-01-28,0.6,0.6817537,0.815756197302503
2007-01-29,0.06,0.7300378,0.719446315769681
2007-01-30,0.43,0.8509507,0.641061163290731
2007-01-31,0,0.9172454,0.582774370903156
2007-02-01,0,0.8697195,0.521093944261913
2007-02-02,0,0.9545065,0.476025874063495
2007-02-03,0.03,1.060443,0.444065815127744
2007-02-04,0,0.8533794,0.420328659232239
2007-02-05,0,0.7802819,0.401049236644591
2007-02-06,0.33,0.6552955,0.399917153289812
2007-02-07,4.15,0.6837842,0.57078657904983
2007-02-08,1.45,0.6847117,0.750478852895853
2007-02-09,14.03,0.7375471,1.28190163636641
2007-02-10,0.84,0.8752164,1.67621973868648
2007-02-11,3.53,0.9397408,1.48287743617328
2007-02-12,14.81,1.077894,1.93673431015037
2007-02-13,14,1.083452,2.73820564061114
2007-02-14,2.96,1.002059,2.81746667381736
2007-02-15,14.92,0.9533609,2.88389286358058
2007-02-16,0,1.003201,2.84611342727031
2007-02-17,0,0.856263,2.14500897881387
2007-02-18,0,0.8881834,1.64343973501641
2007-02-19,0,0.9038812,1.28430909784466
2007-02-20,0,0.9381504,1.02686161934717
2007-02-21,0,0.9226408,0.842006104377719
2007-02-22,1.18,0.8813277,0.75867556412499
2007-02-23,0,1.099098,0.70197826994423
2007-02-24,1.7,1.224402,0.678894689771216
2007-02-25,10.63,1.228775,1.1159337503043
2007-02-26,14.7,1.117206,2.00884063969318
2007-02-27,4.83,1.088919,2.41858599252589
2007-02-28,4.38,1.058435,2.24526033149991
2007-03-01,11.6,1.29858,2.41046928415818
2007-03-02,21.1,1.217096,3.27264984131068
2007-03-03,2.25,1.059463,3.52459973105731
2007-03-04,10.66,1.1775,3.20123978247445
2007-03-05,0,1.132171,2.90147138161203
2007-03-06,3.15,1.288491,2.33088442779676
2007-03-07,13.12,1.25329,2.50053293384383
2007-03-08,6.91,1.190425,2.8187398078292
2007-03-09,0,1.075671,2.46093323810787
2007-03-10,3.84,0.9890859,2.05056928741777
2007-03-11,0,1.10021,1.76930060289212
2007-03-12,0,1.122617,1.38922424664799
2007-03-13,0,1.163444,1.11667650906662
2007-03-14,0,1.222282,0.92089468065304
2007-03-15,0,1.334261,0.779920331981375
2007-03-16,0,1.247331,0.678079496972426
2007-03-17,0,1.187288,0.604184037144456
2007-03-18,0.26,1.302366,0.561488268413767
2007-03-19,9.03,1.262067,0.922054053412606
2007-03-20,2.67,0.9292095,1.31235431527384
2007-03-21,2.65,0.9419255,1.29528913732324
2007-03-22,2.95,0.9950124,1.29511348301095
2007-03-23,3.41,0.9648929,1.32895473427436
2007-03-24,1.67,1.007223,1.2990570892115
2007-03-25,0.7,1.132908,1.15417833109442
2007-03-26,0.42,1.37928,0.992600323202485
2007-03-27,0,1.620343,0.844996117019268
2007-03-28,0,1.48899,0.718974972546192
2007-03-29,0.59,1.497669,0.653466202701815
2007-03-30,2.19,1.519264,0.702565435113093
2007-03-31,1.49,1.430789,0.781131920709673
2007-04-01,4.1,1.46369,0.917537741435328
2007-04-02,0,1.787156,0.958473442397756
2007-04-03,0,1.808416,0.79623909733163
2007-04-04,0.17,1.409192,0.686696604100522
2007-04-05,0,1.420167,0.607978026430181
2007-04-06,0,1.52033,0.542821029400964
2007-04-07,0,1.795482,0.49523439453515
2007-04-08,0,1.578328,0.460200090839303
2007-04-09,0,1.574736,0.434136160909424
2007-04-10,0,1.7514,0.414485712336546
2007-04-11,0,1.757233,0.399423541301318
2007-04-12,0,1.876821,0.387646721584555
2007-04-13,0,2.341811,0.378225127777264
2007-04-14,0,2.551093,0.370494739297838
2007-04-15,0,2.840632,0.363981481189266
2007-04-16,0,2.793692,0.358346861955605
2007-04-17,0,2.670284,0.35334917004354
2007-04-18,0.11,2.251117,0.353539895089072
2007-04-19,0.13,1.719758,0.358665900847969
2007-04-20,0,1.770438,0.356759113718468
2007-04-21,0.04,1.881214,0.350208386762628
2007-04-22,0.03,1.832928,0.346021686706425
2007-04-23,0,2.150896,0.340379189708348
2007-04-24,0,2.509893,0.334066106371417
2007-04-25,0.07,3.020765,0.331649620688727
2007-04-26,0,3.271975,0.329263496674078
2007-04-27,0.06,2.898417,0.326036213035536
2007-04-28,0.13,2.844012,0.328595465342692
2007-04-29,0.27,2.757627,0.338745392013069
2007-04-30,0.03,2.695275,0.341375293341035
2007-05-01,0.12,2.543535,0.335308556487716
2007-05-02,0.38,2.52194,0.345308744193125
2007-05-03,0.42,2.378257,0.365239535801637
2007-05-04,0.04,2.31667,0.3644570475233
2007-05-05,2.18,2.334802,0.436621367132937
2007-05-06,0,2.98098,0.492672971678987
2007-05-07,0.03,2.799354,0.434265370585638
2007-05-08,13.9,2.359743,0.982639554386891
2007-05-09,1.7,2.432111,1.4899446483382
2007-05-10,16.27,2.296554,1.91967217606404
2007-05-11,0,2.832992,2.20218045287898
2007-05-12,1.85,2.430684,1.73930189841988
2007-05-13,7.03,2.432104,1.71432639320615
2007-05-14,12.83,2.564849,2.18423107483575
2007-05-15,2.6,2.491665,2.35181103680931
2007-05-16,3.76,2.153939,2.05262086975329
2007-05-17,16.22,2.091313,2.4299577125581
2007-05-18,6.62,2.256397,2.86563803036847
2007-05-19,0.03,2.471938,2.45232819653312
2007-05-20,1.88,2.900028,1.93219397079355
2007-05-21,4.18,3.202664,1.74491838783962
2007-05-22,0,3.571619,1.53764959666863
2007-05-23,0,3.647683,1.19617636909009
2007-05-24,0,3.439071,0.951457647388934
2007-05-25,0,3.89349,0.775811597923798
2007-05-26,1.06,4.039923,0.694884239254652
2007-05-27,6.98,3.436336,0.939017697984673
2007-05-28,5.02,2.637963,1.30243325346632
2007-05-29,1.49,2.297534,1.32147781760467
2007-05-30,0.6,2.112245,1.13445222486577
2007-05-31,1.34,2.319103,0.991082252078871
2007-06-01,1.79,2.886993,0.941441763663398
2007-06-02,20.56,2.596715,1.7357201849521
2007-06-03,0,3.345914,2.28840899372424
2007-06-04,0,3.388029,1.73448115191015
2007-06-05,0,3.557964,1.33808920386561
2007-06-06,0,3.826997,1.05415569188789
2007-06-07,0,4.307184,0.850504397447933
2007-06-08,3.94,4.445396,0.872928443687578
2007-06-09,29.31,4.069629,2.1666226059591
2007-06-10,10.6,4.046522,3.46539782347166
2007-06-11,0.26,3.653285,3.08508452009912
2007-06-12,0,3.829153,2.32304715053394
2007-06-13,0,3.68477,1.76601512060672
2007-06-14,0.07,3.548856,1.37035444813589
2007-06-15,4.72,3.792321,1.29042531905628
2007-06-16,1.56,3.390762,1.31202017863111
2007-06-17,2.44,2.987031,1.21922766838972
2007-06-18,2.19,3.351696,1.18250549764426
2007-06-19,1.94,3.590299,1.13368728802783
2007-06-20,0,4.275302,1.00352479686257
2007-06-21,5.57,3.97617,1.05967557154604
2007-06-22,1.22,3.414429,1.16964950683966
2007-06-23,7.81,2.879175,1.33113128702055
2007-06-24,15.35,2.890103,2.07801670071798
2007-06-25,16.25,3.422012,3.00673046461204
2007-06-26,12.71,2.821688,3.56727290618545
2007-06-27,12.36,2.464177,3.79507211599564
2007-06-28,0.24,2.467374,3.41794132931198
2007-06-29,6.39,2.686004,2.85082382078943
2007-06-30,2.92,2.81332,2.58263621073957
2007-07-01,0.47,3.224695,2.12229828120002
2007-07-02,0,3.444295,1.65788886481572
2007-07-03,4.74,3.087645,1.50976176837941
2007-07-04,19.89,2.581028,2.28988418237848
2007-07-05,6.38,2.61873,2.9720266999642
2007-07-06,6.2,2.754533,2.82018173707758
2007-07-07,2.8,2.981329,2.55543627824312
2007-07-08,0,2.818891,2.08379481038848
2007-07-09,0.54,3.114996,1.63815354955057
2007-07-10,2.31,2.686867,1.42180416911181
2007-07-11,0.5,2.718639,1.27056205611503
2007-07-12,0.93,2.523867,1.0955682102564
2007-07-13,0.56,2.937147,0.973658408339971
2007-07-14,0.13,4.014497,0.849493291596073
2007-07-15,0,4.531443,0.733920701063961
2007-07-16,0,5.0155,0.644155123530742
2007-07-17,0,4.6067,0.578889730483217
2007-07-18,1.56,3.865216,0.598855466151363
2007-07-19,0,3.681824,0.617190004497814
2007-07-20,4.52,3.436576,0.752769942367787
2007-07-21,10.41,3.519786,1.31612890769639
2007-07-22,0,3.150485,1.54254626078067
2007-07-23,0,3.138306,1.21914717288339
2007-07-24,1.98,2.684003,1.07301097040161
2007-07-25,3.09,3.013151,1.10821351288635
2007-07-26,0,3.201598,1.05076279924421
2007-07-27,0,3.529157,0.865317529306146
2007-07-28,0,3.510686,0.731805823176491
2007-07-29,7.5,3.272223,0.959990942500096
2007-07-30,4.42,2.760532,1.33831664846097
2007-07-31,0,2.544953,1.27499837536114
2007-08-01,0,2.506059,1.02402130080001
2007-08-02,0,2.93718,0.843746652622065
2007-08-03,4.35,3.03917,0.901902928054494
2007-08-04,0,3.266202,0.95687920872292
2007-08-05,0,3.353098,0.794057477966898
2007-08-06,0,3.860483,0.676736416014318
2007-08-07,6.47,3.64281,0.870744149262782
2007-08-08,0.32,3.062259,1.04354324515661
2007-08-09,0.88,2.778073,0.906605547950581
2007-08-10,4.67,2.509406,0.997075997972605
2007-08-11,1.23,3.238931,1.08861178454262
2007-08-12,0,3.401731,0.941971630643877
2007-08-13,2.2,3.156409,0.874171286763341
2007-08-14,0,3.074136,0.832042010732417
2007-08-15,0.62,3.234817,0.726429916660012
2007-08-16,17.63,3.471575,1.41162701771128
2007-08-17,1.03,2.780097,1.97448058539777
2007-08-18,0.17,2.514845,1.57379403867418
2007-08-19,0,2.505285,1.23984801597203
2007-08-20,6.46,2.754937,1.27062639425206
2007-08-21,4.96,2.387256,1.52674019420536
2007-08-22,3.36,2.638337,1.57252715501808
2007-08-23,26.28,2.428957,2.52774408931766
2007-08-24,0.19,2.840125,3.15039082709456
2007-08-25,0,3.021453,2.37456323129985
2007-08-26,0,3.296874,1.81081086307644
2007-08-27,0,3.230543,1.40725932772464
2007-08-28,0,2.847615,1.11806990635968
2007-08-29,0,2.279299,0.910522980671301
2007-08-30,0,2.469016,0.761263298308966
2007-08-31,0,2.286143,0.653619857367979
2007-09-01,0,2.66167,0.575692849964527
2007-09-02,0.03,2.598874,0.520278855603367
2007-09-03,0,2.415577,0.479754600620005
2007-09-04,8.24,2.22065,0.80330652581142
2007-09-05,1.19,1.870173,1.11196600965132
2007-09-06,0.28,1.809521,0.967775293262103
2007-09-07,0.27,2.387941,0.821549099953318
2007-09-08,0.13,2.371202,0.709723784107978
2007-09-09,0,2.38547,0.616877523306487
2007-09-10,0,2.283628,0.543597594206127
2007-09-11,1.23,1.880311,0.543040275555642
2007-09-12,0.03,2.055126,0.547007270249854
2007-09-13,0,2.068384,0.492509382142579
2007-09-14,0,1.953667,0.451236797510738
2007-09-15,0,2.049237,0.420789499855102
2007-09-16,0,2.215427,0.398079025532181
2007-09-17,0,2.000933,0.380900743980479
2007-09-18,0.77,2.077052,0.400569901033108
2007-09-19,1.61,1.658407,0.484977217997381
2007-09-20,0,1.417313,0.51445198272029
2007-09-21,0,1.713372,0.461029728807456
2007-09-22,0,1.715962,0.421968163426162
2007-09-23,0,1.948336,0.393166402255333
2007-09-24,0,2.258395,0.371697158345006
2007-09-25,3.34,2.001274,0.497767917788264
2007-09-26,0,1.654806,0.597895202354647
2007-09-27,0.81,1.47894,0.550813293277747
2007-09-28,17.91,1.520576,1.28551152470452
2007-09-29,1.98,1.556552,1.91636150842863
2007-09-30,1.31,1.601824,1.60882413959541
2007-10-01,0.11,1.821827,1.30680960539921
2007-10-02,0,1.911037,1.03072320913177
2007-10-03,0,2.339129,0.827703137087038
2007-10-04,0.03,2.279755,0.683157955318258
2007-10-05,0,2.271092,0.579179683607125
2007-10-06,0,1.800353,0.502698365034866
2007-10-07,0,1.587189,0.447222218734369
2007-10-08,0,1.40789,0.406748239718585
2007-10-09,0,1.407783,0.376991418833245
2007-10-10,1.44,1.478465,0.416187199793625
2007-10-11,5.62,1.565396,0.687600781534279
2007-10-12,0,1.412938,0.833523900068927
2007-10-13,0,1.420557,0.680723664463576
2007-10-14,0,1.411482,0.570806262016252
2007-10-15,0,1.321315,0.491506873652742
2007-10-16,0.03,1.332127,0.43534660465896
2007-10-17,0,1.514491,0.39453432497956
2007-10-18,1.71,1.321046,0.435914515826205
2007-10-19,0,1.195626,0.470278718872483
2007-10-20,0,0.9941499,0.416281686037046
2007-10-21,0,0.9254265,0.376940723119546
2007-10-22,0.83,0.8711892,0.383315811701335
2007-10-23,0,0.9185676,0.389816365891316
2007-10-24,0,0.914166,0.355994240360574
2007-10-25,0,0.9609404,0.331082308120239
2007-10-26,0,1.148504,0.312538061257071
2007-10-27,0,1.144724,0.298546591666334
2007-10-28,0,1.122187,0.287812350008413
2007-10-29,0,1.059696,0.279410504024727
2007-10-30,15.28,1.071194,0.92303481720981
2007-10-31,0.77,1.080656,1.4649127037266
2007-11-01,0,0.8699238,1.15813350261349
2007-11-02,0,0.9150839,0.903352427407427
2007-11-03,0.17,1.325481,0.727959246037567
2007-11-04,0.06,1.380964,0.605122709793598
2007-11-05,0,1.182654,0.509167363779023
2007-11-06,0,1.052429,0.437210746543023
2007-11-07,4.39,0.9893813,0.571757659970149
2007-11-08,0.33,0.9550949,0.695569195475356
2007-11-09,9.78,1.100047,1.00164049855356
2007-11-10,9.4,0.776849,1.63852276295124
2007-11-11,3.16,0.8975085,1.81297615087076
2007-11-12,2.27,1.04977,1.61473649344825
2007-11-13,0.07,0.7597936,1.33845070622984
2007-11-14,4.77,0.7299483,1.24117514678418
2007-11-15,0.53,0.7116808,1.20630884469241
2007-11-16,0.07,0.6309774,0.966912703229095
2007-11-17,0,0.5476907,0.77121257213788
2007-11-18,0,0.6117775,0.627546439383335
2007-11-19,0,0.6262208,0.524235068753916
2007-11-20,8.54,0.6702339,0.816217067541101
2007-11-21,4.12,0.8734195,1.22928242825121
2007-11-22,7.4,0.9561988,1.46379266445302
2007-11-23,0,1.021733,1.46587226936649
2007-11-24,1.51,0.9140477,1.19097160204682
2007-11-25,0,0.6137285,0.998998101291692
2007-11-26,1.24,0.7302099,0.845063421826591
2007-11-27,2.09,0.7178354,0.828533676823001
2007-11-28,1.41,0.7513988,0.826599868688753
2007-11-29,0,0.6026742,0.732938007853161
2007-11-30,1.29,0.5585133,0.655944020878646
2007-12-01,0.28,0.7762789,0.616585183084953
2007-12-02,12.38,0.8895213,1.06430466913419
2007-12-03,32.79,0.946073,2.84307432272428
2007-12-04,8.94,0.8325739,4.04210846321641
2007-12-05,4.38,0.7837103,3.58892867943389
2007-12-06,3.72,1.008369,3.02421550679749
2007-12-07,11.21,0.9921537,2.92074155534582
2007-12-08,12.32,0.9966976,3.25354406510148
2007-12-09,8.2,0.7202448,3.36785652392958
2007-12-10,15.1,0.8409903,3.56605835893275
2007-12-11,2.89,0.8034015,3.49915748061587
2007-12-12,1.83,0.7235334,2.82440331935408
2007-12-13,0,0.654707,2.21064273392365
2007-12-14,0,0.7352492,1.684468965206
2007-12-15,0,0.5655723,1.30783333871888
2007-12-16,0,0.5305481,1.03794792219167
2007-12-17,0,0.4869337,0.844270746435224
2007-12-18,0,0.4699497,0.705000965858533
2007-12-19,0,0.480215,0.6045771171646
2007-12-20,0,0.4960719,0.531891385768999
2007-12-21,0,0.4392978,0.479014955848884
2007-12-22,0,0.384399,0.440288169972966
2007-12-23,0.14,0.345081,0.417885787204744
2007-12-24,0,0.3718117,0.40141242454378
2007-12-25,0,0.407578,0.38205387172664
2007-12-26,0,0.4069361,0.367289902804085
2007-12-27,1.87,0.4828996,0.438827469564965
2007-12-28,0.42,0.6035321,0.514041998712848
2007-12-29,0.32,0.6235852,0.493698579689867
2007-12-30,4.16,0.6364212,0.644260325300258
2007-12-31,1.4,0.6876386,0.812180058042793
2008-01-01,0.03,0.621906,0.739664357353345
2008-01-02,0.03,0.58448,0.621908317106286
2008-01-03,0,0.4672828,0.535629812346189
2008-01-04,1.14,0.5013281,0.522369328032978
2008-01-05,0,0.5589762,0.515944860114786
2008-01-06,16.79,0.7875598,1.20566735878388
2008-01-07,1.87,0.6959366,1.83869263941038
2008-01-08,3.27,0.788749,1.6410186256146
2008-01-09,0.68,0.7426555,1.45144109140429
2008-01-10,4.06,0.6748454,1.34291419512399
2008-01-11,5.15,0.8309017,1.47672360106717
2008-01-12,13.18,1.036875,1.987339487026
2008-01-13,0.61,0.7670174,2.17765363971842
2008-01-14,0,0.6155949,1.68140889923979
2008-01-15,3.38,0.6886255,1.44888351896112
2008-01-16,8.38,0.8901357,1.67132183316386
2008-01-17,13.9,0.8797913,2.324628042931
2008-01-18,8.22,0.8656537,2.80758180582692
2008-01-19,2.91,0.9967545,2.63995582895122
2008-01-20,0.95,1.172118,2.17421703793763
2008-01-21,0.28,1.128609,1.71566469930016
2008-01-22,3.37,1.014853,1.49510837335609
2008-01-23,5.01,0.8115083,1.56246043061168
2008-01-24,0,0.6427591,1.46369912216484
2008-01-25,0.79,0.7812077,1.18475990625931
2008-01-26,0.03,0.6253767,0.98876592890524
2008-01-27,0,0.7022861,0.809596610191339
2008-01-28,0,0.7244935,0.679236522618724
2008-01-29,0,0.797089,0.585182421733064
2008-01-30,0,0.6987271,0.517053335340979
2008-01-31,2.18,0.6267238,0.566353110438481
2008-02-01,5.25,0.6489212,0.846760795319395
2008-02-02,21.52,0.7490634,1.9422432568131
2008-02-03,0.1,0.6599474,2.54900739047904
2008-02-04,0,0.6299449,1.92981543286795
2008-02-05,9.06,0.8294688,1.89679746975978
2008-02-06,20.58,0.895276,2.85204175902602
2008-02-07,12.38,1.021215,3.73460318028602
2008-02-08,0.03,0.6629166,3.39593258130134
2008-02-09,0,0.70842,2.54168975257362
2008-02-10,0,0.7958283,1.92930237941454
2008-02-11,0,0.8152787,1.49104330870847
2008-02-12,0,0.9415926,1.17708764889361
2008-02-13,0,0.8856408,0.951870467314427
2008-02-14,0,0.6740624,0.79000553767095
2008-02-15,0.03,0.6989262,0.674755251204218
2008-02-16,0,0.7226058,0.591513289368949
2008-02-17,0,0.6552571,0.529543387525832
2008-02-18,0,0.6777739,0.484246791480187
2008-02-19,0,0.7049456,0.450862061589342
2008-02-20,0,0.7162226,0.425990395875039
2008-02-21,2.6,0.7442772,0.52699837615939
2008-02-22,0,0.9790944,0.607362829536013
2008-02-23,0,1.192035,0.535626984338241
2008-02-24,0,1.185586,0.483411279243993
2008-02-25,0,1.000129,0.445138987197553
2008-02-26,2.12,1.201867,0.514389675262999
2008-02-27,4.58,1.285197,0.781355536828019
2008-02-28,0,1.055688,0.882980295725053
2008-02-29,7.64,1.104381,1.08139811596972
2008-03-01,13.98,1.297897,1.89649305686378
2008-03-02,14.51,1.311042,2.82478538253482
2008-03-03,2.27,1.317964,2.95221018582263
2008-03-04,3.79,1.144552,2.50576349064857
2008-03-05,6.18,0.8297875,2.37467269330054
2008-03-06,0.06,0.8047804,2.11669476210526
2008-03-07,0,0.7896094,1.62398173637604
2008-03-08,0,1.051532,1.26820824856236
2008-03-09,0,1.079973,1.01317899188437
2008-03-10,1.3,1.173151,0.890534615036916
2008-03-11,8.65,1.125538,1.20975400129755
2008-03-12,25.72,1.241975,2.60985384972634
2008-03-13,7.3,1.291372,3.61372115725191
2008-03-14,3.1,1.175764,3.21128951418177
2008-03-15,4.6,1.423751,2.78382299337891
2008-03-16,1.99,1.509442,2.43211018571451
2008-03-17,13.68,1.393486,2.60150346966528
2008-03-18,1.12,1.11256,2.72405014429464
2008-03-19,0.21,1.005028,2.13386659557219
2008-03-20,1.11,0.9537075,1.70800279933915
2008-03-21,3.96,0.9723478,1.58329523070951
2008-03-22,14.98,1.012238,2.16163758575594
2008-03-23,4.63,0.9656111,2.64801909085929
2008-03-24,0,0.8544,2.25179800448061
2008-03-25,4.28,0.8129117,1.93604507121373
2008-03-26,0.83,0.8733795,1.76457119560561
2008-03-27,1.44,1.075798,1.49509967219994
2008-03-28,7.23,1.047708,1.60846193876204
2008-03-29,5.79,1.253853,1.91732743337748
2008-03-30,0,1.425041,1.790359268918
2008-03-31,3.51,1.584664,1.57086767672076
2008-04-01,2.08,1.558716,1.52491686844201
2008-04-02,0,1.373512,1.31990965276521
2008-04-03,0,1.468333,1.06646900248767
2008-04-04,0,1.390292,0.884332979839848
2008-04-05,0.03,1.42444,0.754531642719989
2008-04-06,3.9,1.377234,0.846211937954159
2008-04-07,7.38,1.111414,1.27475992164559
2008-04-08,2.31,0.9883765,1.51848816962968
2008-04-09,0,1.064545,1.32401465452202
2008-04-10,3.14,1.20845,1.2159296934961
2008-04-11,0,1.40786,1.14917511192274
2008-04-12,0.28,1.507517,0.953712402150741
2008-04-13,0.58,1.357282,0.841636019058686
2008-04-14,8.4,1.536396,1.1487698258657
2008-04-15,14.78,1.365623,2.07536010875763
2008-04-16,0.69,1.375489,2.39525200548302
2008-04-17,0,1.221062,1.8690118048824
2008-04-18,0,1.254604,1.45687585111124
2008-04-19,0.03,1.742833,1.16291170198982
2008-04-20,3.74,1.660896,1.13068404350313
2008-04-21,0,1.951244,1.11880912159527
2008-04-22,0.26,2.048953,0.930489830199502
2008-04-23,0,2.174279,0.795846995527532
2008-04-24,5.04,2.025521,0.925813878965598
2008-04-25,1.65,2.074031,1.11478917748791
2008-04-26,0,1.909961,0.997463870969935
2008-04-27,0.03,2.157325,0.829816580676187
2008-04-28,0.03,2.335531,0.710537160939681
2008-04-29,11.5,2.059992,1.17168819808737
2008-04-30,4.31,1.869742,1.74655759527069
2008-05-01,3.17,1.863719,1.73628303055147
2008-05-02,1.36,1.690947,1.58441661586874
2008-05-03,0,2.075866,1.31799635677092
2008-05-04,0,2.265371,1.05722359161344
2008-05-05,0,2.499134,0.869931957382202
2008-05-06,0,2.454337,0.735102296218212
2008-05-07,0,2.760771,0.637731098928152
2008-05-08,0,2.772447,0.567108804921046
2008-05-09,0,2.752635,0.51559085914147
2008-05-10,0,2.856082,0.47772049710113
2008-05-11,0.19,3.075909,0.458608095997628
2008-05-12,0.15,2.946628,0.451691591755726
2008-05-13,0.04,2.949599,0.438503740626987
2008-05-14,0,3.09572,0.420586969765112
2008-05-15,2.7,3.083371,0.532305530081021
2008-05-16,1.65,2.917915,0.698829509977149
2008-05-17,3.85,3.028585,0.868134976078693
2008-05-18,6.12,2.639001,1.20801480518255
2008-05-19,2.02,2.339387,1.37305719027735
2008-05-20,0,2.383156,1.187925199897
2008-05-21,0,2.42365,0.952666914785988
2008-05-22,0,2.461305,0.783703396283517
2008-05-23,0,2.606313,0.662071102534147
2008-05-24,0,2.867994,0.574233826718798
2008-05-25,1.17,2.629301,0.56556587019984
2008-05-26,1.54,3.350946,0.635042086764799
2008-05-27,1.75,3.523205,0.712622597688627
2008-05-28,3.7,3.655748,0.869772786287322
2008-05-29,3.92,3.761087,1.09063217275321
2008-05-30,44.47,3.50933,3.18693105257433
2008-05-31,5.93,3.697579,4.93073341491742
2008-06-01,0,3.368706,3.93892185433176
2008-06-02,0,3.454565,2.9286859130681
2008-06-03,0.52,3.971857,2.23103795989569
2008-06-04,0.03,3.45583,1.73523806685255
2008-06-05,0,3.141066,1.35399252283323
2008-06-06,6.47,3.078773,1.38505737335551
2008-06-07,6.19,3.13277,1.7226220461436
2008-06-08,0.92,2.787799,1.70163621043329
2008-06-09,2.18,3.755817,1.47882110892424
2008-06-10,0,4.159685,1.28012692695505
2008-06-11,0,4.07287,1.02705621950445
2008-06-12,0,3.136269,0.845293340879636
2008-06-13,9.25,2.231893,1.15060952468658
2008-06-14,1.04,2.320891,1.4502725952341
2008-06-15,4.75,2.339798,1.42450156659248
2008-06-16,0,2.462896,1.36994569628416
2008-06-17,0,2.820332,1.09039145047191
2008-06-18,0,3.041625,0.88973241588964
2008-06-19,0,3.119525,0.745399520911478
2008-06-20,4.62,3.22411,0.85839257116272
2008-06-21,0,3.121795,0.954795880528724
2008-06-22,0,3.957402,0.790392625228947
2008-06-23,7.5,3.921468,1.02388875728545
2008-06-24,0,3.118923,1.21677204475161
2008-06-25,0,3.932298,0.977098888408759
2008-06-26,2.13,3.92766,0.904597782573314
2008-06-27,0,3.264205,0.859507546761902
2008-06-28,0.95,2.940106,0.764084015076397
2008-06-29,0.07,3.492742,0.701624604210092
2008-06-30,0,3.630979,0.608812298508216
2008-07-01,0,3.509337,0.538036918663289
2008-07-02,0,3.987754,0.486493171886434
2008-07-03,16.77,4.305755,1.23077677630685
2008-07-04,11.97,3.173422,2.38117662793111
2008-07-05,1.13,2.994688,2.46124143388369
2008-07-06,0.13,3.229766,1.92924625090818
2008-07-07,0,3.301082,1.49245639770116
2008-07-08,9.3,2.906226,1.60734334545091
2008-07-09,2.43,2.796363,1.83537804486945
2008-07-10,0,3.03377,1.54158390410472
2008-07-11,0,3.840116,1.20950340111574
2008-07-12,2.24,3.249845,1.07567333925184
2008-07-13,0,2.98676,0.987160718353106
2008-07-14,0,2.936294,0.811411022139238
2008-07-15,0,3.006315,0.68490422193695
2008-07-16,0,3.390598,0.593557286038185
2008-07-17,1.09,3.188794,0.577827028647372
2008-07-18,0.4,2.974626,0.588007995557668
2008-07-19,0.21,3.080645,0.551401377020312
2008-07-20,7.19,3.261246,0.838114718330452
2008-07-21,0.21,2.597297,1.06690433116799
2008-07-22,1.34,2.307831,0.935989428864341
2008-07-23,0.06,2.812069,0.838721056401985
2008-07-24,0,3.277093,0.702242058541132
2008-07-25,0,3.537541,0.600863563259708
2008-07-26,0,3.927065,0.527513680262185
2008-07-27,2.42,3.987414,0.585544668473716
2008-07-28,0.06,3.798034,0.637391064667662
2008-07-29,1.85,4.33812,0.63953510396606
2008-07-30,0,3.829969,0.643745836815309
2008-07-31,0,4.094183,0.554964109484287
2008-08-01,0,4.489154,0.490646796580382
2008-08-02,1.8,3.655958,0.526075269693523
2008-08-03,1.33,3.235747,0.617566151792611
2008-08-04,0.73,3.530902,0.632005959885562
2008-08-05,19.38,3.289647,1.46739727194706
2008-08-06,0,3.059017,2.0960337807499
2008-08-07,0,3.816206,1.59395152856322
2008-08-08,1.47,3.372968,1.3017881571804
2008-08-09,12.14,2.922485,1.65378351713407
2008-08-10,0,3.065935,1.87536929486275
2008-08-11,0.59,3.044565,1.46476284369253
2008-08-12,0.17,3.0177,1.18055243668197
2008-08-13,10.38,3.14744,1.42372940351878
2008-08-14,0.12,2.845515,1.63037056103018
2008-08-15,0,2.63938,1.26915634415141
2008-08-16,0,2.581485,1.00446810718477
2008-08-17,0,2.573532,0.814558806222786
2008-08-18,3.53,2.644942,0.839139986328638
2008-08-19,0,3.151406,0.868218443274114
2008-08-20,2,3.057616,0.806912997539737
2008-08-21,2.14,2.546305,0.866774521162878
2008-08-22,0,2.659502,0.818662635425426
2008-08-23,17.94,2.472761,1.49939961608727
2008-08-24,0.82,2.336311,2.08543198555304
2008-08-25,4.22,2.28043,1.82157629013045
2008-08-26,0.73,2.543905,1.6404946591083
2008-08-27,0,2.736315,1.30653968872402
2008-08-28,0,2.422829,1.03151152803615
2008-08-29,0,2.708872,0.834218070188463
2008-08-30,0,2.834149,0.692421049885216
2008-08-31,0,2.963003,0.590246780635166
2008-09-01,0,3.136793,0.516364589406855
2008-09-02,0,2.765324,0.462686590099729
2008-09-03,8.98,2.591131,0.83189033293741
2008-09-04,5.54,2.02723,1.37839077084266
2008-09-05,0,2.087481,1.35038351602687
2008-09-06,22.84,2.234071,2.10500084915641
2008-09-07,2.08,2.491171,2.81889135172963
2008-09-08,5.07,2.183521,2.44942561589513
2008-09-09,0,2.223232,2.10092413577126
2008-09-10,0.48,2.357897,1.62487877163382
2008-09-11,0.05,2.711845,1.28804236214524
2008-09-12,1.02,2.571753,1.06988096998692
2008-09-13,19.29,2.192404,1.79938925571465
2008-09-14,17.53,1.801987,3.14577828431304
2008-09-15,0,1.65603,3.22210365090425
2008-09-16,0,1.569091,2.41173596674628
2008-09-17,0,1.723211,1.83219140675698
2008-09-18,0,1.538599,1.41741849101838
2008-09-19,0,1.440773,1.12026981204001
2008-09-20,0,1.624273,0.907091619490368
2008-09-21,0,1.499982,0.753861886034969
2008-09-22,0,1.462788,0.643433673187875
2008-09-23,0,1.543511,0.563567456172413
2008-09-24,1.27,1.557238,0.563779351274556
2008-09-25,0.03,1.743072,0.568799337682425
2008-09-26,0,1.777951,0.509190068792902
2008-09-27,0,1.691646,0.464163628297339
2008-09-28,0,1.566538,0.4310267402184
2008-09-29,0,1.479006,0.406386444188091
2008-09-30,0.09,1.403472,0.391936152659952
2008-10-01,12.24,1.423459,0.942369695571886
2008-10-02,10.71,1.603801,1.86589480277518
2008-10-03,7.7,1.331589,2.31673807524284
2008-10-04,2.2,1.207945,2.23984951973051
2008-10-05,0.46,1.28195,1.8337524657578
2008-10-06,19.77,1.357242,2.3513923143799
2008-10-07,18.28,1.796667,3.61827975911641
2008-10-08,0.39,1.851831,3.62691861592677
2008-10-09,3.01,1.693426,2.86435182043225
2008-10-10,0,1.541978,2.31035176320448
2008-10-11,0,1.505726,1.7641223342148
2008-10-12,0,1.464269,1.37308706969498
2008-10-13,0,1.640103,1.09284009421702
2008-10-14,0.03,1.684482,0.89307594003244
2008-10-15,0,1.723606,0.749487647858453
2008-10-16,6.44,1.607637,0.943314175923843
2008-10-17,6.29,1.359308,1.3960779003731
2008-10-18,0,1.061353,1.4212468572053
2008-10-19,0,0.9860402,1.12555862143291
2008-10-20,0,1.017413,0.913397577015425
2008-10-21,0,1.192877,0.760868819955205
2008-10-22,8.05,1.485108,1.02517903847679
2008-10-23,0,1.128306,1.24178876525416
2008-10-24,0,1.0494,0.995165860126554
2008-10-25,0.56,1.046068,0.844062847579223
2008-10-26,0.03,1.328017,0.738549098998846
2008-10-27,0.36,1.20419,0.651182340675339
2008-10-28,16.64,1.214173,1.36324877841978
2008-10-29,0.09,0.8992387,1.9169397432008
2008-10-30,0.03,0.8252401,1.48347031696712
2008-10-31,6.76,0.8487676,1.48405743660929
2008-11-01,6.67,0.9492341,1.81809703665809
2008-11-02,5.93,1.065562,2.0198425579305
2008-11-03,0,1.212667,1.8509644994218
2008-11-04,0,1.21,1.43260743396836
2008-11-05,0,1.229064,1.13288268992339
2008-11-06,0.04,1.220242,0.919717119993149
2008-11-07,0,1.106355,0.766623917571751
2008-11-08,0.22,1.076346,0.664550181960152
2008-11-09,0.12,1.066963,0.597028022408673
2008-11-10,16.72,1.144974,1.3210068126631
2008-11-11,3.07,1.35316,2.03547960782988
2008-11-12,7.76,1.217076,2.0820831130653
2008-11-13,2.81,0.984596,2.12064814110188
2008-11-14,0,0.9072889,1.76754562954119
2008-11-15,0,0.8128485,1.37318908895684
2008-11-16,0,1.049573,1.09059458466584
2008-11-17,1.05,1.131416,0.937085962728742
2008-11-18,0,0.722122,0.830251368760467
2008-11-19,0.15,0.7668845,0.707247448255876
2008-11-20,0.06,0.932976,0.621743300410254
2008-11-21,0.45,1.017081,0.573455898161205
2008-11-22,3.59,0.8411904,0.705091114017303
2008-11-23,5.45,0.5957714,1.04467478056797
2008-11-24,6.59,0.5635995,1.43595560620401
2008-11-25,1.93,0.6263418,1.55525814403663
2008-11-26,0.24,0.5752641,1.32599088563524
2008-11-27,0,0.583843,1.06497629358418
2008-11-28,0.11,0.587428,0.870706517141049
2008-11-29,0,0.5019052,0.731395680502177
2008-11-30,0,0.5312045,0.625386816018772
2008-12-01,9.93,0.603584,1.01712801359281
2008-12-02,8.54,0.5807372,1.73576827068876
2008-12-03,6.06,0.6438079,2.06503787963622
2008-12-04,16.63,0.5693876,2.68024408067798
2008-12-05,12.41,0.5931328,3.46470363411181
2008-12-06,14.54,0.7686026,3.9199843262308
2008-12-07,2.09,0.7174219,3.76502459300075
2008-12-08,0.35,0.6800738,2.93365928575734
2008-12-09,0,0.4742816,2.2333349764252
2008-12-10,1.35,0.5283458,1.77895877593987
2008-12-11,0,0.5824368,1.4584468241419
2008-12-12,0,0.5523222,1.15938415566358
2008-12-13,0,0.5418535,0.944742443425054
2008-12-14,0,0.4912891,0.790371697614681
2008-12-15,1.34,0.5968961,0.743149129088909
2008-12-16,0,0.6298593,0.713274769559932
2008-12-17,0,0.5125397,0.622268804130802
2008-12-18,3.14,0.4948456,0.706474829783899
2008-12-19,0.18,0.5711073,0.785736028073576
2008-12-20,0.82,0.6786007,0.720429660303532
2008-12-21,2.84,0.8044328,0.802521337922998
2008-12-22,0.42,0.9259063,0.848716184362606
2008-12-23,0.46,0.8907094,0.75879138056532
2008-12-24,0,0.7651861,0.673730293350117
2008-12-25,0,0.6401317,0.588399720165495
2008-12-26,0,0.6911374,0.52642667967433
2008-12-27,0,0.5303401,0.481136698139525
2008-12-28,0,0.4579273,0.447765456847264
2008-12-29,0,0.4541913,0.4229120996173
2008-12-30,0,0.4023186,0.404149005741477
2008-12-31,0,0.3799093,0.389743247358907
2009-01-01,1.31,0.4981534,0.441081300145043
2009-01-02,0,0.5284282,0.481588138298799
2009-01-03,0,0.4171373,0.442558516693422
2009-01-04,0,0.4748072,0.413720978479558
2009-01-05,0,0.4247358,0.392168198700227
2009-01-06,0.8,0.4707253,0.414047856085618
2009-01-07,0,0.3720257,0.431679034468626
2009-01-08,0,0.2919532,0.402453928662382
2009-01-17,0.42,0.5584137,0.400720602690751
2009-01-18,1.32,0.6813924,0.463172218026103
2009-01-19,22.13,0.7308494,1.553354743616
2009-01-20,12.78,0.8144309,2.9614121682052
2009-01-21,1.41,0.6632489,2.94456204598088
2009-01-22,0.06,0.6236257,2.28125477499359
2009-01-23,4.57,0.6471815,1.95474803263655
2009-01-24,33.84,0.7914717,3.38059543559344
2009-01-25,0,0.6569303,4.28926666366059
2009-01-26,0,0.5699618,3.17694355365277
2009-01-27,0,0.5521673,2.38182997581585
2009-01-28,0,0.5509913,1.8131506769487
2009-01-29,0,0.5108741,1.40611050943711
2009-01-30,0,0.5765682,1.11445882882154
2009-01-31,0,0.5665488,0.905181988623773
2009-02-01,0,0.5220466,0.754714863025271
2009-02-02,0,0.5541468,0.646236645935838
2009-02-03,2.77,0.6129549,0.702320200141093
2009-02-04,2.17,0.6787131,0.85719547754634
2009-02-05,0.51,0.666439,0.855762011891617
2009-02-06,0.96,0.7441937,0.789501342212466
2009-02-07,0.07,0.812506,0.721678841686715
2009-02-08,0.25,0.7806473,0.634756487469783
2009-02-09,0,0.678167,0.568988577309104
2009-02-10,15.43,0.6765619,1.26019804627907
2009-02-11,20.33,0.8420598,2.80671893983632
2009-02-12,4.13,0.6997881,3.3850418545017
2009-02-13,0.9,0.6415553,2.79181201643849
2009-02-14,0.18,0.6504734,2.16299990274965
2009-02-15,0.41,0.6711149,1.68662973746987
2009-02-16,0.42,0.552574,1.35818570560973
2009-02-17,2.34,0.7636287,1.21746096568268
2009-02-18,3.1,0.9284083,1.2548455822998
2009-02-19,0,0.6204886,1.16956522937321
2009-02-20,0.2,0.6515353,0.954830469999471
2009-02-21,0.37,0.8463477,0.819360760966168
2009-02-22,0.16,0.9237023,0.720345063563609
2009-02-23,0.76,0.9415536,0.667054332224405
2009-02-24,3.07,0.9503117,0.772969417271525
2009-02-25,0,0.9155488,0.819365633841293
2009-02-26,0,0.7839816,0.690503273974321
2009-02-27,0.03,0.9587813,0.598945297903051
2009-02-28,0.23,1.007072,0.543933478417561
2009-03-01,0,1.191543,0.502942635395963
2009-03-02,0.53,1.088806,0.486564415124362
2009-03-03,0,1.150314,0.475878334496511
2009-03-04,0,0.8627117,0.439517873734996
2009-03-05,12.68,0.9743282,1.03456377095075
2009-03-06,0.84,0.9225834,1.54774512731816
2009-03-07,0.99,0.9523436,1.29977022932605
2009-03-08,0,0.939773,1.08146630849536
2009-03-09,5.36,1.143397,1.13578388108664
2009-03-10,3.37,0.9731626,1.3594355100761
2009-03-11,8.83,1.015949,1.68405086782746
2009-03-12,0.06,1.048857,1.77444333856763
2009-03-13,0.48,1.019982,1.3972947660032
2009-03-14,0.72,1.293924,1.16112827410828
2009-03-15,0.19,1.283224,0.978378502114145
2009-03-16,0,1.359721,0.809798793137657
2009-03-17,0,1.362313,0.678479762870423
2009-03-18,0,1.166164,0.583750094712251
2009-03-19,0,1.158998,0.515147625012873
2009-03-20,0,1.102972,0.465204403027104
2009-03-21,0,0.983947,0.428589736930748
2009-03-22,0,1.010108,0.401498503267337
2009-03-23,0,1.030969,0.381214524513143
2009-03-24,7.42,1.207847,0.729904153352272
2009-03-25,3.03,1.04511,1.15484362723399
2009-03-26,9.97,0.9790548,1.56996577346185
2009-03-27,8.64,1.175474,2.17014515904116
2009-03-28,6.76,1.249385,2.43973991945648
2009-03-29,7.82,1.244052,2.58824573407902
2009-03-30,0.22,1.239028,2.37738256056539
2009-03-31,0,1.257783,1.81342992510324
2009-04-01,0,1.32152,1.3982229549791
2009-04-02,0,1.635394,1.10082191722599
2009-04-03,0,1.998539,0.887520490505855
2009-04-04,0,1.927537,0.734259128131304
2009-04-05,0,1.846024,0.623864116021677
2009-04-06,0,1.729523,0.544076822604688
2009-04-07,0,1.879651,0.486146984768875
2009-04-08,0.04,1.726466,0.44579528692374
2009-04-09,2.02,1.751832,0.515498316000743
2009-04-10,0.75,2.091525,0.606754474499454
2009-04-11,0,2.379295,0.567620268642935
2009-04-12,0.58,2.365185,0.527802353908777
2009-04-13,0,2.273704,0.50065444445241
2009-04-14,0,2.278798,0.449919379619791
2009-04-15,0,2.300572,0.412788413220222
2009-04-16,0,2.3718,0.385377076143031
2009-04-17,3.56,1.90995,0.539149736188279
2009-04-18,15.77,1.691137,1.4359984499322
2009-04-19,5.1,1.740955,2.19966223540788
2009-04-20,0.18,2.139026,1.94404542062928
2009-04-21,0,2.229018,1.49333197894663
2009-04-22,0,2.324557,1.16120952990686
2009-04-23,0,2.078975,0.923198363021165
2009-04-24,0,1.648623,0.752372818373796
2009-04-25,0,1.794894,0.629513368280559
2009-04-26,0.46,1.865264,0.563410163989523
2009-04-27,6.76,2.318762,0.848167259369534
2009-04-28,1.71,1.983741,1.13586636289643
2009-04-29,2.46,1.786177,1.1132648819144
2009-04-30,7.16,1.590243,1.36711756655042
2009-05-01,0,1.930967,1.44581320740796
2009-05-02,0.75,2.3378,1.16240533278681
2009-05-03,0,2.708936,0.962030109827828
2009-05-04,0,2.077851,0.778807769868249
2009-05-05,0,1.902105,0.647112237973763
2009-05-06,0.44,1.818944,0.573699391146094
2009-05-07,0,2.122687,0.522069697565988
2009-05-08,0,2.36927,0.461348828498176
2009-05-09,1.77,2.434079,0.503440159242815
2009-05-10,4.72,2.094593,0.769592632699237
2009-05-11,3.48,2.453522,1.05407723821118
2009-05-12,12.49,2.420822,1.6341025128723
2009-05-13,10.29,2.145917,2.41729319613964
2009-05-14,0,2.610996,2.36135046507835
2009-05-15,18.19,2.775262,2.67523673995606
2009-05-16,4.95,2.446969,3.21100123291434
2009-05-17,0.25,2.197536,2.66783370014294
2009-05-18,1.37,2.456547,2.08713577541327
2009-05-19,0,2.339,1.66370446922473
2009-05-20,0,2.561159,1.2885142738817
2009-05-21,0,2.958158,1.01970513421757
2009-05-22,4.02,3.057369,1.02378025649241
2009-05-23,0,2.734146,1.04097616854079
2009-05-24,0,2.907868,0.841701821406576
2009-05-25,0,3.913302,0.698483641853678
2009-05-26,0,4.20187,0.595287817929866
2009-05-27,1.01,2.944525,0.569898406130776
2009-05-28,0,2.174284,0.554643709702536
2009-05-29,0.68,2.622108,0.523277172050016
2009-05-30,0,2.931649,0.502520260771606
2009-05-31,0,2.895581,0.451388426637614
2009-06-01,0,2.892344,0.41397288890821
2009-06-02,0,3.310001,0.386357080448638
2009-06-03,0,3.607307,0.365745280317813
2009-06-04,0,2.896547,0.350141824280099
2009-06-05,0,2.329021,0.33812212646146
2009-06-06,0,2.304042,0.328669235456649
2009-06-07,1.87,2.10746,0.411389803733116
2009-06-08,6.38,2.410382,0.785045380980416
2009-06-09,1.94,2.655424,1.07199932897157
2009-06-10,2.03,3.00336,1.05149337925908
2009-06-11,13.09,2.789467,1.57728957647069
2009-06-12,6.23,2.703289,2.19796333371976
2009-06-13,0,2.706008,1.98569035820759
2009-06-14,0,3.054897,1.51041392129065
2009-06-15,2.03,3.646948,1.26838284621382
2009-06-16,26.93,3.054263,2.41197017434743
2009-06-17,1.2,2.916752,3.28226673471616
2009-06-18,0,3.165088,2.50675257492158
2009-06-19,0,3.165592,1.88983265942472
2009-06-20,0,2.899616,1.44848216923278
2009-06-21,0.5,2.424626,1.15667553412384
2009-06-22,5.11,2.306557,1.19688739864708
2009-06-23,0,2.570292,1.21792892398878
2009-06-24,0,3.037999,0.967241999157509
2009-06-25,0,3.666297,0.787333319300516
2009-06-26,0,4.08087,0.657955483461714
2009-06-27,0,3.896434,0.564655877647528
2009-06-28,4.36,3.516741,0.707214853752951
2009-06-29,0.19,3.851752,0.83347331188159
2009-06-30,3.32,4.325484,0.858445470099197
2009-07-01,0,4.590717,0.877943113445253
2009-07-02,0,4.611983,0.720169688223079
2009-07-03,0,4.923543,0.606625802901456
2009-07-04,0.33,4.393494,0.540443957927622
2009-07-05,0,4.346181,0.493519495547087
2009-07-06,0.22,4.249085,0.452744433250166
2009-07-07,9.25,3.612511,0.865309620685017
2009-07-08,4.31,2.889095,1.38781452938988
2009-07-09,7.1,2.987057,1.64297533021956
2009-07-10,3.41,2.577553,1.7934349627502
2009-07-11,0.05,2.505075,1.55199073887567
2009-07-12,0,2.786487,1.20456976969209
2009-07-13,4.19,3.123471,1.15311771922003
2009-07-14,4.31,3.615325,1.33672075106495
2009-07-15,0,3.802904,1.26893684058045
2009-07-16,0,3.788282,0.999636074191771
2009-07-17,0,3.844505,0.806480662159797
2009-07-18,4.98,3.326695,0.904606237112305
2009-07-19,1.22,2.89138,1.05010862756198
2009-07-20,5.51,2.987741,1.16634401284026
2009-07-21,0.16,3.315642,1.21429983539119
2009-07-22,9.65,4.311081,1.42707217357536
2009-07-23,5.99,4.281851,1.8905391874817
2009-07-24,8.85,3.467221,2.17330161249082
2009-07-25,3.42,3.112767,2.26503032379403
2009-07-26,0.59,2.964768,1.91939597059858
2009-07-27,0,3.303321,1.49966133360768
2009-07-28,2.58,3.164488,1.29168916199297
2009-07-29,0,3.047309,1.15177110675484
2009-07-30,9.48,3.582638,1.37062844678333
2009-07-31,0.08,3.123845,1.56463168771946
2009-08-01,0,2.961106,1.22038802475024
2009-08-02,0,3.487834,0.969619278480484
2009-08-03,9.39,3.043829,1.23552401572047
2009-08-04,0.63,2.967963,1.48881703297749
2009-08-05,0,3.08849,1.19422198086698
2009-08-06,0,3.394183,0.950996186419677
2009-08-07,0,3.823559,0.776406538622642
2009-08-08,0.15,3.863287,0.657903751429938
2009-08-09,0,3.549021,0.57290939313677
2009-08-10,0,3.526416,0.503717841277505
2009-08-11,0,3.736363,0.453390690033134
2009-08-12,1.65,3.35621,0.494152950159374
2009-08-13,0,3.343398,0.528345767461694
2009-08-14,30.19,3.129776,1.897604338346
2009-08-15,0,2.944408,2.98482756407846
2009-08-16,0,3.172161,2.2322885212484
2009-08-17,0,3.704509,1.694121647146
2009-08-18,0,3.453029,1.30898279852863
2009-08-19,0,3.122391,1.03308465697805
2009-08-20,0,3.664809,0.835171900845777
2009-08-21,2.08,4.415073,0.790653897981094
2009-08-22,5.15,2.893412,1.00755766293589
2009-08-23,0,2.789335,1.07571247032049
2009-08-24,0,2.830374,0.864586737740998
2009-08-25,0,3.23881,0.712927993681736
2009-08-26,2.52,3.113473,0.721798063967576
2009-08-27,0,2.899563,0.736343560961807
2009-08-28,0,3.16247,0.619547595439367
2009-08-29,0.17,2.683121,0.543191916839354
2009-08-30,0,2.244487,0.488384225025588
2009-08-31,0,2.166915,0.439857569956591
2009-09-01,0,2.650404,0.404315864121675
2009-09-02,11.1,2.558096,0.89666943500438
2009-09-03,0.46,2.521474,1.30890563245681
2009-09-04,11.03,2.443825,1.56556533512982
2009-09-05,15.91,1.931925,2.5121984946591
2009-09-06,0,2.043467,2.69303375461753
2009-09-07,0,1.951387,2.02213238190013
2009-09-08,0,2.27679,1.54225673521599
2009-09-09,0,2.516431,1.19874432685441
2009-09-10,0,2.670638,0.952577180906572
2009-09-11,0.13,2.524838,0.781983169440317
2009-09-12,0,2.304254,0.65973487294101
2009-09-13,0,2.255469,0.565033907521833
2009-09-14,0.23,1.891005,0.507237981644718
2009-09-15,1.65,1.85738,0.542880939495917
2009-09-16,0,2.043344,0.561900933311942
2009-09-17,0,2.336488,0.492252241184177
2009-09-18,0,2.48835,0.441634509248835
2009-09-19,0,2.431557,0.4046099444671
2009-09-20,0.65,2.425047,0.407516539590786
2009-09-21,0.23,2.541699,0.421742720266027
2009-09-22,0,2.51324,0.3995458021683
2009-09-23,0,2.130404,0.371415375508336
2009-09-24,0,2.048132,0.350482224612484
2009-09-25,0,2.136672,0.334694916071366
2009-09-26,0,1.807652,0.3225890606921
2009-09-27,0,1.744725,0.313119300073366
2009-09-28,0,1.806492,0.305539379243855
2009-09-29,0,1.737427,0.299316542952714
2009-09-30,0,1.9004,0.294070432054296
2009-10-01,0.05,2.088927,0.291837423627553
2009-10-02,0,1.704401,0.289634003251138
2009-10-03,0,1.398388,0.284812807232057
2009-10-04,0,1.361371,0.280598378411598
2009-10-05,0.79,1.736741,0.313225489542153
2009-10-06,16.58,1.611057,1.10570753124719
2009-10-07,3.44,2.17422,1.85038064159341
2009-10-08,4.29,2.514847,1.77188874479559
2009-10-09,7.33,2.106764,1.90006196448325
2009-10-10,0.03,1.651734,1.80610413447418
2009-10-11,10.96,1.763238,1.88408977773674
2009-10-12,11.68,1.523339,2.52097232471236
2009-10-13,3.97,1.425926,2.65758797498821
2009-10-14,0.55,1.263709,2.21247200789693
2009-10-15,0,0.9227384,1.69798031031465
2009-10-16,0,0.8372267,1.3024314901618
2009-10-17,0.47,1.013969,1.04107973819669
2009-10-18,2.54,1.11932,0.97364981050133
2009-10-19,0,0.9196151,0.910412269185918
2009-10-20,0,0.8473702,0.737897606487738
2009-10-21,0,1.016953,0.613885431349017
2009-10-22,0.1,1.374926,0.529154610185043
2009-10-23,0.44,1.216016,0.488642519058447
2009-10-24,0,1.176927,0.455491250988567
2009-10-25,4.47,1.266465,0.617085040625464
2009-10-26,0.56,1.360998,0.773768743315396
2009-10-27,0.05,1.25101,0.666752281875353
2009-10-28,0,1.286191,0.561860865129356
2009-10-29,0,1.015541,0.483677871157918
2009-10-30,0,1.051226,0.427053006408967
2009-10-31,0,1.129001,0.385824354697852
2009-11-01,0,1.032294,0.355593483117202
2009-11-02,20.83,1.156498,1.30523146189039
2009-11-03,6.45,1.144117,2.35905286444757
2009-11-04,12.17,1.024777,2.66494609450157
2009-11-05,10.72,1.058499,3.10813538469043
2009-11-06,3.44,1.012393,3.01450087600744
2009-11-07,1.53,1.027264,2.49260707603305
2009-11-08,9.83,0.9694805,2.41511271529436
2009-11-09,0,0.9081361,2.31784549408663
2009-11-10,0.68,0.9466661,1.7840868897878
2009-11-11,0.4,0.9018559,1.42345257449892
2009-11-12,0,0.802691,1.13227946591487
2009-11-13,0.44,0.8808149,0.924062024115893
2009-11-14,0.28,1.266484,0.789281595789538
2009-11-15,3.53,1.267145,0.837267641332927
2009-11-16,2.45,1.136858,0.984815058704305
2009-11-17,13.31,1.21371,1.54947007590287
2009-11-18,11.27,1.138559,2.4110235348466
2009-11-19,0,1.074777,2.39383888739202
2009-11-20,0,0.9915159,1.80954548273635
2009-11-21,0,0.9228478,1.39148060226981
2009-11-22,0.21,1.127094,1.1020180426356
2009-11-23,4.53,1.124333,1.10977728416433
2009-11-24,24.24,1.063332,2.27563376451086
2009-11-25,7.41,1.147095,3.32069600419175
2009-11-26,8.44,1.082727,3.26147620732928
2009-11-27,7.14,0.9823672,3.2132339866301
2009-11-28,10.81,0.9250795,3.29175588148935
2009-11-29,18.35,0.9301861,3.90641048206456
2009-11-30,5.78,0.966407,4.13672899269379
2009-12-01,0.33,0.810569,3.39111025644201
2009-12-02,2.78,0.7297961,2.69474892367439
2009-12-03,5.76,0.7424351,2.46845660555199
2009-12-04,20.28,0.8859177,3.16948659013593
2009-12-05,0,0.6863083,3.44719035614657
2009-12-06,10.46,0.767214,3.09972545973918
2009-12-07,13.32,0.979632,3.54078987041768
2009-12-08,2.62,0.802062,3.48803909543882
2009-12-09,8.31,0.8043016,3.17004492181909
2009-12-10,1.23,0.7992892,2.89656712112046
2009-12-11,6.79,0.9395251,2.60255497104939
2009-12-12,1.91,0.8305926,2.4464321902118
2009-12-13,0.1,0.6603587,1.98973589508107
2009-12-14,0.29,0.5729269,1.5768030470918
2009-12-15,0,0.4644361,1.27655449682559
2009-12-16,0,0.4829431,1.04568768329962
2009-12-17,0,0.4667883,0.87956412308891
2009-12-18,0,0.4009569,0.759667240943206
2009-12-19,0,0.4173667,0.672779844241047
2009-12-20,0.49,0.2637233,0.633481159301671
2009-12-21,6.53,0.3118097,0.926523862617474
2009-12-22,5.62,0.4667029,1.4097927782741
2009-12-23,15.94,0.6197243,2.21851359493749
2009-12-24,0,0.5673743,2.56014228487293
2009-12-25,6.54,0.5962517,2.28496298860206
2009-12-26,7.98,0.6521371,2.50708850969052
2009-12-27,0,0.5833494,2.34954086483209
2009-12-28,8.93,0.5283053,2.25622695771718
2009-12-29,0.2,0.596746,2.23249662813846
2009-12-30,13.94,0.6006402,2.43480522622374
2009-12-31,4.82,0.9727193,2.86085358353658
