"Date","P","E","MXI_Q_sim"
2004-09-02,0,2.113637,0
2004-09-03,0,2.284305,0
2004-09-04,0,2.757288,0
2004-09-05,0,2.852728,0
2004-09-06,0,2.882288,0
2004-09-07,0,2.759263,0
2004-09-08,0,2.680601,0
2004-09-09,0,2.677378,0
2004-09-10,0,2.387042,0
2004-09-11,0,2.376496,0
2004-09-12,2.56,2.716567,0.0222607584862233
2004-09-13,0.4,2.149183,0.0433512828004039
2004-09-14,0,2.107571,0.0348726740000933
2004-09-15,1.41,1.976001,0.0373447193092717
2004-09-16,0.28,1.704098,0.042485309762234
2004-09-17,0,1.448402,0.0332514228538415
2004-09-18,0,1.587894,0.0240598951670571
2004-09-19,0,1.871197,0.0174957974726943
2004-09-20,2.26,1.978648,0.0323879841633641
2004-09-21,0,1.634728,0.0445327587418929
2004-09-22,1.32,1.840719,0.043693838543531
2004-09-23,1.79,1.640583,0.0595041109662437
2004-09-24,14.07,1.869767,0.184298018722125
2004-09-25,0.45,1.48158,0.270402685467554
2004-09-26,0.67,1.552072,0.204936067123229
2004-09-27,0.19,1.701439,0.156071087886121
2004-09-28,0.17,1.707937,0.116467676201958
2004-09-29,0.22,1.918793,0.0884430610057709
2004-09-30,0.24,1.802173,0.0690825560708066
2004-10-01,0,1.592697,0.0533344671293754
2004-10-02,1.83,1.870887,0.0559510424555826
2004-10-03,0,1.646764,0.0590524281357805
2004-10-04,0,1.448458,0.0439948068231543
2004-10-05,0,1.877995,0.0332284798141084
2004-10-06,0.18,2.073062,0.0271053497297745
2004-10-07,6.15,1.500013,0.0772691537492012
2004-10-08,0,1.218998,0.115588371209397
2004-10-09,0.46,1.205347,0.0887907420421654
2004-10-10,1.81,1.369293,0.0859881499970037
2004-10-11,0,1.256048,0.0808599544683952
2004-10-12,0.03,1.158983,0.0603005457587249
2004-10-13,0.09,1.209478,0.0464182502241612
2004-10-14,0,1.27022,0.0362643873021254
2004-10-15,12.23,1.358412,0.138029958344022
2004-10-16,6.52,1.145263,0.278275810261467
2004-10-17,7.73,1.05341,0.336285417873541
2004-10-18,8.21,1.068011,0.396049560584749
2004-10-19,3.43,1.118989,0.400758015363941
2004-10-20,0,1.071919,0.325183567675482
2004-10-21,26.45,1.69434,0.492416548177766
2004-10-22,6.71,1.454203,0.696877412275847
2004-10-23,0,1.153814,0.574788614390973
2004-10-24,0,1.585888,0.417705085914551
2004-10-25,1.91,1.457917,0.324102796764988
2004-10-26,0.13,1.476742,0.259923423323987
2004-10-27,0,1.06086,0.194253706181071
2004-10-28,1.34,1.060081,0.158995821984069
2004-10-29,11.48,1.32757,0.24823743328846
2004-10-30,9.61,1.257509,0.402917201960941
2004-10-31,1.02,1.106807,0.409602507179323
2004-11-01,0,1.089128,0.312224271820475
2004-11-02,0.51,1.114508,0.236808108366376
2004-11-03,2.28,1.132146,0.206160675511393
2004-11-04,0.87,1.165112,0.189245973395971
2004-11-05,7.84,1.214399,0.232798971164996
2004-11-06,0,0.9872853,0.260624942545973
2004-11-07,5.06,0.9161867,0.247001227400117
2004-11-08,0.3,0.8776983,0.244243168525117
2004-11-09,2.13,0.7714481,0.209014334684404
2004-11-10,0,0.6820809,0.182190000327399
2004-11-11,7.52,0.6343335,0.217266264138961
2004-11-12,0.06,0.6871911,0.248842586441314
2004-11-13,0.32,0.7144714,0.191665777138401
2004-11-14,0.25,0.7467596,0.152925645166402
2004-11-15,0.03,0.6498458,0.122154270208657
2004-11-16,0,0.5261134,0.0973589914316588
2004-11-17,0.13,0.7804892,0.0805712972498127
2004-11-18,1.38,0.9692749,0.0828284621118399
2004-11-19,8.88,0.9393669,0.176665853701971
2004-11-20,5.37,0.6592451,0.291931835944457
2004-11-21,0,0.4911742,0.279420515756967
2004-11-22,1.16,0.5215181,0.222263265570257
2004-11-23,1.51,0.9227881,0.198205503550338
2004-11-24,3.09,0.943699,0.201773506337229
2004-11-25,0,0.5339188,0.189746138188368
2004-11-26,0,0.4981881,0.14614141623588
2004-11-27,0.03,0.6245914,0.115227246381825
2004-11-28,4.11,0.839671,0.136683671658459
2004-11-29,0.04,0.8040129,0.155361060113805
2004-11-30,0,0.7893474,0.122000121767607
2004-12-01,0,0.6858214,0.0976282590760923
2004-12-02,4.03,0.6522361,0.123031996205504
2004-12-03,0.91,0.6546811,0.1540835110176
2004-12-04,0.34,0.6343503,0.13464400633718
2004-12-05,0,0.4875218,0.110576948959405
2004-12-06,0,0.4631441,0.0894198060422125
2004-12-07,0,0.6280405,0.0742140412137061
2004-12-08,0,0.6087703,0.0632573763418252
2004-12-09,0,0.6529787,0.0553347214877755
2004-12-10,0,0.5383515,0.0495787399209589
2004-12-11,0,0.422851,0.0453703199479541
2004-12-12,0,0.3872977,0.0422675320758882
2004-12-13,0,0.3944114,0.0399549189007986
2004-12-14,0,0.3857142,0.0382072984189364
2004-12-15,0,0.363615,0.0368639269650086
2004-12-16,0,0.3932182,0.0358100568133307
2004-12-17,4.62,0.4902821,0.0842876419543429
2004-12-18,17.88,0.6691674,0.318050360594714
2004-12-19,2.04,0.611173,0.469576109212893
2004-12-20,5.29,0.5502534,0.428748159715259
2004-12-21,0,0.3892653,0.380121304439581
2004-12-22,0.12,0.3102131,0.28424430803648
2004-12-23,1.32,0.4280471,0.230369188355516
2004-12-24,3.09,0.6583146,0.22575493460398
2004-12-25,5.01,0.8281793,0.26527151706006
2004-12-26,7.73,0.6941871,0.348094600486578
2004-12-27,0,0.5527822,0.354124946561893
2004-12-28,0,0.4746404,0.265275439254076
2004-12-29,5.72,0.4642913,0.266533016169728
2004-12-30,4.41,0.5442014,0.322561072776609
2004-12-31,0.03,0.5549419,0.297378355011137
2005-01-01,1.26,0.6894726,0.239959274721164
2005-01-02,2.69,0.8096346,0.230347804560768
2005-01-03,1.61,0.6931758,0.228822883137727
2005-01-04,0.55,0.6132231,0.202452690311672
2005-01-05,0.03,0.6386116,0.1646201714677
2005-01-06,3.78,0.6912808,0.174249674214055
2005-01-07,1.83,0.7893056,0.205082720853507
2005-01-08,0.06,0.9149299,0.182807233025098
2005-01-09,1.97,0.8233667,0.167017168046508
2005-01-10,0.07,0.7597027,0.15744763466685
2005-01-11,1.94,0.9431185,0.148663174334405
2005-01-12,1.97,0.8727531,0.165945279733861
2005-01-13,4.68,0.8354181,0.210428765149543
2005-01-14,0.04,0.6119324,0.22235538704063
2005-01-15,0,0.4819481,0.172528412916306
2005-01-16,0,0.4505649,0.136332644973511
2005-01-17,0,0.3954557,0.110365708709632
2005-01-18,5.88,0.5186266,0.160548808506159
2005-01-19,17.98,0.7058651,0.416840427375778
2005-01-20,0.63,0.6284215,0.550271339999244
2005-01-21,11.24,0.902652,0.552238507644151
2005-01-22,5.7,0.7698514,0.625651299515094
2005-01-23,0.09,0.6219703,0.538516433183154
2005-01-24,0.58,0.5759695,0.408865913529433
2005-01-25,0.8,0.4979846,0.325316900861917
2005-01-26,0,0.439901,0.25870149140999
2005-01-27,0,0.4464809,0.200534756502418
2005-01-28,0,0.4250468,0.158858369344338
2005-01-29,0,0.5114991,0.128954287122913
2005-01-30,0.09,0.4399706,0.108553632092066
2005-01-31,0.78,0.4875022,0.103453857386066
2005-02-01,1.74,0.6468565,0.120521130475007
2005-02-02,1.62,0.7295738,0.143871540869937
2005-02-03,1.58,0.7273596,0.158554098941434
2005-02-04,1.55,0.7654879,0.168210085463837
2005-02-05,0,0.6740511,0.155692831103715
2005-02-06,0,0.5420755,0.126236586198569
2005-02-07,0.03,0.5622185,0.105429601799991
2005-02-08,0,0.5549156,0.0904581332237674
2005-02-09,0,0.5920999,0.0792311109705182
2005-02-10,0.04,0.6052468,0.0715626626152102
2005-02-11,11.21,0.782225,0.20529629641196
2005-02-12,7.9,1.006207,0.409951636787075
2005-02-13,10.86,1.13618,0.552495449760156
2005-02-14,8.73,0.6962438,0.67081736532689
2005-02-15,8.43,0.692138,0.725524717259407
2005-02-16,0.33,0.6141471,0.657428522818536
2005-02-17,0.11,0.5508775,0.49368261149984
2005-02-18,0,0.5539304,0.37216074803249
2005-02-19,0.44,0.5415132,0.289410524505437
2005-02-20,4.57,0.6248027,0.290053457055128
2005-02-21,1.55,0.6320815,0.309045727153474
2005-02-22,0.58,0.5840309,0.267985444175116
2005-02-23,0.6,0.5496272,0.22531511018122
2005-02-24,0,0.4561931,0.187203565661106
2005-02-25,0.32,0.4425995,0.155629634952149
2005-02-26,0,0.4348168,0.133238973187497
2005-02-27,0.6,0.4946571,0.120442594057481
2005-02-28,0.36,0.5022481,0.116433682414738
2005-03-01,0,0.3873481,0.105402753691672
2005-03-05,0.23,0.5887297,0.0953376772490402
2005-03-06,4.94,0.6015626,0.152933305016991
2005-03-07,0.49,0.5458912,0.202110573311999
2005-03-08,0.94,0.6820855,0.18067100079525
2005-03-09,1.4,0.839284,0.17766460055668
2005-03-10,1.3,0.8456676,0.180676426616603
2005-03-11,0.43,0.8152473,0.16998235723975
2005-03-12,0.34,0.838068,0.148821714021312
2005-03-13,4.26,0.8197186,0.184067416322978
2005-03-14,0.09,0.8383325,0.20982824361726
2005-03-15,0,0.9326511,0.168037914262781
2005-03-16,0,0.9829395,0.136770713509189
2005-03-17,0,1.411184,0.114285693539812
2005-03-18,0,1.589331,0.0980710110738534
2005-03-19,0,1.507555,0.0863337054510137
2005-03-20,0,1.502384,0.0777939518943293
2005-03-21,0,1.472723,0.0715382002583062
2005-03-22,0,1.40291,0.0669143460158974
2005-03-23,1.43,1.498569,0.0821933715805564
2005-03-24,0,1.70044,0.0943965736094356
2005-03-25,2.74,1.542112,0.118858036066747
2005-03-26,0,1.616185,0.1389507084815
2005-03-27,0.41,1.450103,0.120082084840565
2005-03-28,0.13,1.625386,0.108576996128096
2005-03-29,2.35,1.619739,0.125400967812527
2005-03-30,0.8,1.605759,0.148310454026463
2005-03-31,5.6,1.557586,0.206186112552323
2005-04-01,0,1.604459,0.241858218606595
2005-04-02,0,1.462536,0.188269906496805
2005-04-03,0,1.440072,0.14986397848706
2005-04-04,0,1.586499,0.122296712114679
2005-04-05,0,1.552986,0.102467559380264
2005-04-06,2.32,1.541074,0.118628293423393
2005-04-07,6.78,1.396284,0.222039265769187
2005-04-08,3.63,1.530486,0.318243535940581
2005-04-09,6.71,1.224065,0.38428179275253
2005-04-10,0.52,1.093089,0.393666402342567
2005-04-11,0.39,1.224756,0.310092067134153
2005-04-12,0,1.451623,0.243250285261385
2005-04-13,0,1.538495,0.189808496447809
2005-04-14,0,1.675045,0.151501760263547
2005-04-15,0,1.745112,0.123999954120675
2005-04-16,4.33,1.592329,0.162019628887897
2005-04-17,1.58,1.512652,0.214595021859684
2005-04-18,0.2,1.785537,0.194464865175836
2005-04-19,0.17,1.748204,0.159839682174824
2005-04-20,5.69,1.599067,0.208591749563548
2005-04-21,0.44,1.423264,0.25262381246448
2005-04-22,0,1.379885,0.20276862444261
2005-04-23,0,1.460161,0.160716582333015
2005-04-24,2.18,1.509001,0.159751590669017
2005-04-25,0.33,1.940844,0.165588107699912
2005-04-26,7.72,1.824589,0.242860129230808
2005-04-27,8.3,1.884232,0.414126927142062
2005-04-28,0.76,1.886999,0.443946525356247
2005-04-29,0,1.817897,0.345135666931147
2005-04-30,1.08,2.491382,0.278047126114795
2005-05-01,0,2.654647,0.231127648789693
2005-05-02,0,2.979977,0.181791662408585
2005-05-03,0.07,2.734749,0.147354425721884
2005-05-04,5.47,2.253556,0.196891655546975
2005-05-05,4.04,1.959461,0.291824230576102
2005-05-06,0.18,1.966407,0.286786687009486
2005-05-07,1.99,1.840794,0.251499325123235
2005-05-08,11.17,1.538772,0.379475848130333
2005-05-09,0.32,1.431704,0.458026216437561
2005-05-10,0,1.499452,0.349763533003741
2005-05-11,0.08,1.527832,0.268696138711568
2005-05-12,0,1.616271,0.210738126943924
2005-05-13,0.1,1.963023,0.169387571855027
2005-05-14,0,2.134367,0.139803758011802
2005-05-15,16.04,2.091104,0.340349279798044
2005-05-16,0.86,2.068168,0.512605307110309
2005-05-17,0,2.115844,0.397555234608399
2005-05-18,0,1.993742,0.302450788739276
2005-05-19,0.03,1.84385,0.234796468728981
2005-05-20,0,2.129164,0.186354192614087
2005-05-21,10.91,2.984589,0.303735664691871
2005-05-22,0,2.696783,0.399171306309588
2005-05-23,0,2.48452,0.303963091578154
2005-05-24,0.2,2.461813,0.238598796775667
2005-05-25,0,2.439509,0.191971159706344
2005-05-26,0,3.291149,0.155527520458206
2005-05-27,0,3.752751,0.129331008676175
2005-05-28,0.05,4.226289,0.11114019340147
2005-05-29,0.05,4.319947,0.098717102217781
2005-05-30,12.94,4.156369,0.269076105947714
2005-05-31,1.46,2.537844,0.424045516029469
2005-06-01,0.23,2.296298,0.346699827629153
2005-06-02,0,2.706445,0.26982585242554
2005-06-03,0,3.043817,0.211348170467474
2005-06-04,3.33,3.260307,0.215600216103439
2005-06-05,1.08,2.522418,0.237001393584866
2005-06-06,0,2.289379,0.203879214960388
2005-06-07,2.65,2.518276,0.200770586338554
2005-06-08,0,2.14433,0.201215255206774
2005-06-09,0,2.289801,0.162083366818252
2005-06-10,0,2.503968,0.133968414241795
2005-06-11,0,2.648957,0.113719118833435
2005-06-12,0,2.54047,0.0990860917826765
2005-06-13,0,2.333608,0.0884637100411058
2005-06-14,0,2.605817,0.0807058683254146
2005-06-15,0,2.823523,0.0749944635856093
2005-06-16,0,3.095813,0.0707455197093549
2005-06-17,0,3.523176,0.0675421796858875
2005-06-18,0.03,3.933271,0.0654942087087942
2005-06-19,0.03,4.415076,0.0643029891742622
2005-06-20,0,4.288468,0.0628831981914904
2005-06-21,0,4.673518,0.0612716518865322
2005-06-22,0.04,4.772464,0.0604956387999426
2005-06-23,0,4.534642,0.0598226728534682
2005-06-24,0,4.682284,0.0586095454681258
2005-06-25,0.03,5.340871,0.0579845958210378
2005-06-26,1.11,4.299456,0.0721344422217705
2005-06-27,0,4.406134,0.0827952355138862
2005-06-28,0,4.518274,0.0745114905918202
2005-06-29,0,4.98642,0.0684459699194802
2005-06-30,2.01,4.218043,0.0903608806062268
2005-07-01,2.51,3.436428,0.140883400821759
2005-07-02,2.69,3.093486,0.186518633133281
2005-07-03,2.75,3.373674,0.222631836185807
2005-07-04,0,4.070348,0.213228704699584
2005-07-05,4.95,3.306112,0.232884005271909
2005-07-06,0.16,2.719457,0.253923587902838
2005-07-07,11.16,2.822993,0.347696907549087
2005-07-08,8.05,2.484864,0.531687330049723
2005-07-09,8.76,2.743725,0.630905977456537
2005-07-10,0,3.170881,0.595320923122465
2005-07-11,2,3.857578,0.470069398669723
2005-07-12,0,4.588746,0.382577105816679
2005-07-13,0,4.193992,0.29109946732221
2005-07-14,0,4.556277,0.225624664428643
2005-07-15,0,4.689089,0.178712354761484
2005-07-16,0,4.450485,0.145051632312749
2005-07-17,0,4.211437,0.120851574949198
2005-07-18,0,4.029562,0.103406219505021
2005-07-19,3.24,3.882426,0.133646518692796
2005-07-20,1.48,3.19517,0.177957752313949
2005-07-21,6.02,2.886899,0.245123581526157
2005-07-22,0,2.960662,0.278174655361801
2005-07-23,0.11,3.049948,0.217496672966178
2005-07-24,0,3.209504,0.174124768118616
2005-07-25,8.18,3.193089,0.250313954694577
2005-07-26,3.12,3.480394,0.354550079038592
2005-07-27,0.16,3.439533,0.31772036528049
2005-07-28,1.46,4.334658,0.266352765582824
2005-07-29,3.98,4.477613,0.281692348266203
2005-07-30,16.48,3.663631,0.498806978047055
2005-07-31,2.37,3.064103,0.646358730839775
2005-08-01,3.14,2.728464,0.558166827509151
2005-08-02,0,3.112624,0.464013070744676
2005-08-03,0,3.147316,0.351072194312437
2005-08-04,0.35,2.867621,0.274978840142924
2005-08-05,0,2.868614,0.220834880316921
2005-08-06,5.47,2.5858,0.250914102759145
2005-08-07,0,2.442183,0.277927321748781
2005-08-08,3.93,2.238373,0.271148400504284
2005-08-09,0.38,2.33656,0.275381499912367
2005-08-10,0,2.587624,0.221706935647847
2005-08-11,0,2.605904,0.177704294341339
2005-08-12,2.64,2.491075,0.181736381913266
2005-08-13,0,2.714198,0.187186167735886
2005-08-14,0,2.682147,0.152786111098281
2005-08-15,13.68,2.459687,0.314649853980296
2005-08-16,3.24,2.452757,0.488754950489885
2005-08-17,0,3.099506,0.416746659817375
2005-08-18,0,3.126107,0.317791688329544
2005-08-19,0,3.283715,0.246956797640434
2005-08-20,0.68,2.803069,0.205421676742665
2005-08-21,0,2.626738,0.176292025603285
2005-08-22,0,2.588151,0.145439437589526
2005-08-23,0,2.943487,0.123222869189977
2005-08-24,0.97,2.549504,0.120253031321504
2005-08-25,0.03,2.660715,0.119360753087725
2005-08-26,4.24,2.348806,0.161848054033247
2005-08-27,0,2.122388,0.195995421297055
2005-08-28,0,2.173436,0.158950452842015
2005-08-29,0,2.540396,0.132319264193111
2005-08-30,0,2.784911,0.113123260356073
2005-08-31,0,3.151083,0.0992363128869703
2005-09-01,0,3.454235,0.0891407809552972
2005-09-02,0,2.969024,0.0817533600909382
2005-09-03,0,3.078266,0.0763007736703241
2005-09-04,0.03,2.997457,0.0726294061134803
2005-09-05,0.03,3.13647,0.0702612794091485
2005-09-06,0.06,3.023247,0.0687950995036808
2005-09-07,4.47,3.103573,0.12651646207172
2005-09-08,0,3.144351,0.171295832903443
2005-09-09,0,3.193396,0.139679122215698
2005-09-10,8.96,2.936333,0.236321596663451
2005-09-11,3.53,2.710608,0.361531105447894
2005-09-12,0.99,2.545185,0.339954465440495
2005-09-13,2.24,2.49724,0.304919558542895
2005-09-14,0,2.562524,0.267923563584492
2005-09-15,0.03,2.23683,0.20973837166973
2005-09-16,0.91,2.673458,0.180167525186641
2005-09-17,8.84,2.069236,0.278088899614677
2005-09-18,0,1.635706,0.344062223609948
2005-09-19,0,1.576464,0.264064250765138
2005-09-20,0,1.598641,0.206779069349662
2005-09-21,0,1.659914,0.165708004720822
2005-09-22,0,1.688629,0.136212309326828
2005-09-23,0,1.763874,0.114980844783693
2005-09-24,0,1.836622,0.0996501153340215
2005-09-25,0,1.970443,0.0885330491515051
2005-09-26,0.1,2.072422,0.0817540259641288
2005-09-27,0,2.098127,0.0768475629866777
2005-09-28,0.38,2.107799,0.0767924969204478
2005-09-29,2.12,1.840451,0.105111049021953
2005-09-30,2.11,1.626438,0.149995396049185
2005-10-01,1.19,1.46649,0.169780797993782
2005-10-02,6.97,1.711256,0.248299925099245
2005-10-03,2.11,1.495578,0.322789291189687
2005-10-04,0,1.52791,0.278207072396686
2005-10-05,0,1.784045,0.215962858588408
2005-10-06,0,2.027596,0.17136107890907
2005-10-07,0,2.041108,0.139354106680764
2005-10-08,0,2.00324,0.116338948015703
2005-10-09,0,1.791158,0.0997437826671715
2005-10-10,0,1.651373,0.0877328384360979
2005-10-11,0,1.661337,0.0789957316263697
2005-10-12,0,1.590911,0.0725970990493457
2005-10-13,0,1.62495,0.0678692659103513
2005-10-14,0,1.50876,0.0643356325465344
2005-10-15,0,1.456775,0.061655988165767
2005-10-16,0,1.358171,0.059587475996769
2005-10-17,0,1.379401,0.0579567303579483
2005-10-18,0,1.207543,0.056639988199986
2005-10-19,0.07,1.184507,0.0564713350956063
2005-10-20,5.79,1.236701,0.133030481379485
2005-10-21,2.08,1.521519,0.220107630708244
2005-10-22,19.97,1.701719,0.473233490128214
2005-10-23,4.47,1.730524,0.706162825124943
2005-10-24,0.92,1.514964,0.599713778915696
2005-10-25,0,1.368209,0.459396967193421
2005-10-26,0.84,1.68172,0.357092087104443
2005-10-27,0,1.751443,0.284778046941946
2005-10-28,0.03,1.709431,0.221167085864649
2005-10-29,0,1.723678,0.175620260343291
2005-10-30,0,1.571635,0.142501997560455
2005-10-31,0,1.531022,0.11869253738835
2005-11-01,0.43,1.626909,0.107347172763314
2005-11-02,16.79,1.390835,0.330922576346202
2005-11-03,9.61,1.239053,0.635851995626289
2005-11-04,0.04,1.5933,0.616860690300722
2005-11-05,4.76,1.381366,0.52661041279329
2005-11-06,2.16,1.086596,0.496788124431765
2005-11-07,0,1.118102,0.40655252767547
2005-11-08,1.96,1.00812,0.33708051554015
2005-11-09,0,1.213065,0.289427266579591
2005-11-10,0.44,0.9936017,0.232026527347254
2005-11-11,0,1.051076,0.191340459829591
2005-11-12,0.69,1.050091,0.165175444760442
2005-11-13,0.35,0.9528222,0.151952140036267
2005-11-14,0.78,1.148047,0.143295847492069
2005-11-15,0,0.9672437,0.132545995466234
2005-11-16,5.97,0.8645967,0.196960580755008
2005-11-17,2.47,0.8156803,0.284067250315563
2005-11-18,0.13,0.7428913,0.260848223645161
2005-11-19,0,0.721917,0.207017063237754
2005-11-20,0,0.584867,0.166447983785733
2005-11-21,0,0.5666367,0.137304958423584
2005-11-22,0.13,0.7606092,0.118147794924675
2005-11-23,0,0.5914326,0.104433882279238
2005-11-24,0.03,0.6131673,0.0929322117252169
2005-11-25,2.51,0.6668969,0.119931753196641
2005-11-26,0.2,0.568899,0.144134460629618
2005-11-27,2.1,0.5638723,0.153285221767912
2005-11-28,1.01,0.5914569,0.17319011893052
2005-11-29,3.98,0.6221925,0.213078003541451
2005-11-30,0.06,0.6370068,0.23134951990673
2005-12-01,0,0.5939674,0.183940764204384
2005-12-02,0,0.5795554,0.149014086347618
2005-12-03,10.96,0.6093981,0.280992582656894
2005-12-04,10.68,0.835227,0.542016744910925
2005-12-05,20.54,0.8852936,0.876562923013414
2005-12-06,0.86,0.780482,0.98598534632794
2005-12-07,0.42,0.7203354,0.745672148804234
2005-12-08,0.22,0.7266342,0.56403190586026
2005-12-09,5.11,0.6792817,0.503877356359815
2005-12-10,0,0.641126,0.463139718080272
2005-12-11,0,0.5554378,0.352457599172585
2005-12-12,0,0.4978358,0.273236559420309
2005-12-13,0.04,0.6092603,0.21706942363451
2005-12-14,0.06,0.6748322,0.177703458960729
2005-12-15,0.58,0.6955155,0.157452011895092
2005-12-16,0.39,0.6871021,0.148302591551825
2005-12-17,6.98,0.7945831,0.237322227229343
2005-12-18,4.19,0.5647568,0.365570907488819
2005-12-19,0,0.5699394,0.350027487830794
2005-12-20,2.13,0.5453842,0.30343099038721
2005-12-21,0,0.5635263,0.272444656835562
2005-12-22,0,0.5792199,0.215813317934052
2005-12-23,0.09,0.5903021,0.176532835855008
2005-12-24,0,0.6611409,0.148390298958579
2005-12-25,0,0.7195387,0.126647215657702
2005-12-26,0.06,0.689492,0.111823390137953
2005-12-27,3.57,0.5497398,0.15493832027107
2005-12-28,1.71,0.4394627,0.214545311731432
2005-12-29,0.69,0.4475311,0.211762825437108
2005-12-30,0.27,0.3878605,0.186850292688398
2005-12-31,9.99,0.4179907,0.310559366377218
2006-01-01,1.66,0.6755196,0.431501755827103
2006-01-02,3.85,0.6891219,0.415585889468901
2006-01-03,0,0.7122377,0.38145978064
2006-01-04,0,0.5916529,0.293726205922289
2006-01-05,0,0.5178823,0.230889994630539
2006-01-06,0.59,0.5177258,0.194872005714706
2006-01-07,0,0.4401883,0.169655515829654
2006-01-08,0,0.4579959,0.141779191621979
2006-01-09,0,0.5305783,0.12167640605532
2006-01-10,0,0.4316201,0.107124370873132
2006-01-11,0,0.4481434,0.0965364480670315
2006-01-12,3.3,0.4999456,0.139451384547647
2006-01-13,0.57,0.6123654,0.182569333111196
2006-01-14,0,0.541813,0.159650199803358
2006-01-15,0,0.4790324,0.133733261449191
2006-01-16,0,0.391807,0.115038031251038
2006-01-17,0.57,0.463781,0.110248002554741
2006-01-18,18.58,0.7064641,0.398010271595568
2006-01-19,0.82,0.716875,0.629239189456876
2006-01-20,0,0.6305717,0.48426937353466
2006-01-21,2.95,0.8116945,0.4131279048632
2006-01-22,1.28,0.7315867,0.385818981467427
2006-01-23,0,0.6536101,0.318200239398051
2006-01-24,0,0.4829788,0.248238898626467
2006-01-25,0,0.4536762,0.198091737552179
2006-01-26,0.42,0.4885271,0.168677172898969
2006-01-27,0.11,0.5368626,0.149711736093096
2006-01-28,0,0.4089335,0.129061703401533
2006-01-29,0.1,0.5597329,0.113843293246681
2006-01-30,0,0.7826701,0.102902390944495
2006-01-31,0,0.6719809,0.0932195504891336
2006-02-01,0,0.6150579,0.0861122312145422
2006-02-02,0,0.5432889,0.0808452475605408
2006-02-03,0.03,0.4630497,0.0773630097251173
2006-02-04,0,0.4412431,0.0747237882365437
2006-02-05,0,0.650513,0.0721501213677979
2006-02-06,0.5,0.6916068,0.0779416354359253
2006-02-07,0.03,0.7817963,0.0829656472172605
2006-02-08,0.45,0.7870484,0.0850790221967376
2006-02-09,2.95,0.7915451,0.132651872414055
2006-02-10,3.55,0.6819946,0.218276249024687
2006-02-11,0.36,0.7195751,0.239795066451721
2006-02-12,0,0.7037867,0.195768674389695
2006-02-13,2.59,0.6666952,0.1988780459097
2006-02-14,0.07,0.6449706,0.205177270295224
2006-02-15,0.27,0.7748904,0.170236674631608
2006-02-16,22.04,0.9732111,0.498772164548787
2006-02-17,8.62,1.034805,0.895829953540455
2006-02-18,1.93,0.9502857,0.842191380668308
2006-02-19,12.73,0.9093604,0.865955708017155
2006-02-20,1.49,0.9871904,0.889935895791579
2006-02-21,1.27,0.9610401,0.705857982720624
2006-02-22,0.92,0.8301464,0.564792513516265
2006-02-23,0.03,0.7976961,0.443178573724711
2006-02-24,0,0.7065107,0.339975224247325
2006-02-25,0,0.7650482,0.265552150734406
2006-02-26,0,0.7348837,0.212202691612116
2006-02-27,0,0.5994329,0.173897742769783
2006-02-28,0.4,0.594277,0.152907316691493
2006-03-01,3.36,0.7213423,0.193594721901097
2006-03-02,0.39,0.6346496,0.226111874689387
2006-03-03,0.54,0.6573148,0.199290181383052
2006-03-04,8.84,0.6795819,0.320703135386776
2006-03-05,0,0.5950798,0.409025356866744
2006-03-06,0.59,0.5040029,0.324524206453531
2006-03-07,2.9,0.5969318,0.313069027164185
2006-03-08,0.15,0.775813,0.300428115189737
2006-03-09,11.44,0.8606969,0.432364708244227
2006-03-10,7.09,1.154469,0.658739111923871
2006-03-11,2.47,0.9804657,0.665351304113492
2006-03-12,2.76,0.8441187,0.591570091402879
2006-03-13,0.03,0.6025251,0.497973187500079
2006-03-14,0,0.6547178,0.380745263769099
2006-03-15,0,0.7655962,0.296277784826905
2006-03-16,0,0.8944366,0.235742584638504
2006-03-17,0,0.8028612,0.192292557888213
2006-03-18,0,0.9173837,0.161040242661372
2006-03-19,0,0.9993356,0.138496963397709
2006-03-20,0,1.104287,0.122172493230083
2006-03-21,0.26,1.142912,0.114691563773395
2006-03-22,2.34,1.023736,0.149150402843886
2006-03-23,0.22,1.014172,0.175619571534796
2006-03-24,0,1.107618,0.152143551330013
2006-03-25,7.77,1.273506,0.263703236766453
2006-03-26,9.73,1.683638,0.520761817666642
2006-03-27,2.62,1.950993,0.620423480115932
2006-03-28,4.06,1.834449,0.585987581271599
2006-03-29,4.41,1.489434,0.594775454766692
2006-03-30,2.53,1.371952,0.575662534779768
2006-03-31,25.72,1.717335,0.94063618575016
2006-04-01,14.39,1.762839,1.44841930744766
2006-04-02,4.83,1.549207,1.42912073961075
2006-04-03,6.34,1.504987,1.2599664041871
2006-04-04,4.98,1.340376,1.14531190298431
2006-04-05,0,1.231758,0.947116781517248
2006-04-06,0,1.136354,0.708279464616772
2006-04-07,0,1.141842,0.537479131873207
2006-04-08,0,1.253996,0.415246503771028
2006-04-09,0,1.356024,0.327684450231688
2006-04-10,0.09,1.452778,0.2665055603932
2006-04-11,0,1.360654,0.222656144011606
2006-04-12,0,1.227348,0.189307554035365
2006-04-13,0.74,1.471256,0.178597757977241
2006-04-14,1.65,1.417903,0.20158014454372
2006-04-15,2.45,1.73055,0.250113650602996
2006-04-16,3.92,1.78059,0.327220124644842
2006-04-17,17.49,1.836359,0.662847099031699
2006-04-18,0,1.865053,0.850948310757084
2006-04-19,0,1.712098,0.639696598491881
2006-04-20,0,1.5832,0.488586154782245
2006-04-21,0,1.72232,0.380407489557298
2006-04-22,0,2.055787,0.302876501918873
2006-04-23,0,1.906578,0.247224815620214
2006-04-24,0,1.664318,0.207193565808203
2006-04-25,0,2.614495,0.178315167766197
2006-04-26,1,2.489932,0.175665369704799
2006-04-27,0.52,2.279525,0.184379723158729
2006-04-28,0,2.066842,0.171510656586645
2006-04-29,0,1.879394,0.151885737827294
2006-04-30,0,1.488974,0.137585812039801
2006-05-01,6.57,1.242226,0.247186287143005
2006-05-02,3.03,1.63297,0.389928684607777
2006-05-03,0,2.279322,0.367422480772448
2006-05-04,0,2.74471,0.291739133766361
2006-05-05,0,3.133681,0.237424790397074
2006-05-06,3.03,2.780145,0.253612924400646
2006-05-07,0.03,2.960251,0.269710617456973
2006-05-08,0,2.775521,0.221887771001865
2006-05-09,12.56,2.514195,0.417373719973391
2006-05-10,0.38,2.528348,0.58146109236376
2006-05-11,0.03,2.437027,0.452943203879251
2006-05-12,0,2.765869,0.353507997980231
2006-05-13,1.85,2.838433,0.315438032039952
2006-05-14,17.67,2.514401,0.618148181066761
2006-05-15,0,2.326371,0.823200452187255
2006-05-16,0,2.655017,0.619039485507377
2006-05-17,5.11,2.925123,0.567685647004158
2006-05-18,1.28,2.969827,0.56176170735051
2006-05-19,0.96,3.010565,0.475577243663745
2006-05-20,2.01,2.310091,0.426974271700627
2006-05-21,20.61,2.148815,0.764016052045628
2006-05-22,2.74,2.531541,1.04625926621971
2006-05-23,6.28,2.563149,0.955254361521645
2006-05-24,2.8,2.043834,0.897010400226726
2006-05-25,2.29,1.911688,0.77555421739466
2006-05-26,8.75,2.128356,0.802204087592162
2006-05-27,14.14,2.629082,1.06037580357898
2006-05-28,2.17,2.9359,1.12874634630956
2006-05-29,1.87,2.826622,0.924652287276201
2006-05-30,10.33,2.018782,0.937608542390108
2006-05-31,3.09,1.813142,0.983692293543666
2006-06-01,1.5,1.825399,0.835192517082685
2006-06-02,2.16,1.812284,0.708817748194952
2006-06-03,0,2.259227,0.590227743463302
2006-06-04,0,2.48771,0.460138895600748
2006-06-05,0,2.742347,0.366897405388272
2006-06-06,0.29,2.678804,0.305582491832149
2006-06-07,0,2.430686,0.261874928101859
2006-06-08,0,2.713694,0.224292842101084
2006-06-09,0,3.084712,0.197096878389819
2006-06-10,0,3.324333,0.177318153701719
2006-06-11,0,3.659721,0.162837454003518
2006-06-12,0,3.942612,0.152142056336898
2006-06-13,0,3.961734,0.144152149156592
2006-06-14,0,4.422082,0.138096931814445
2006-06-15,0.36,4.404413,0.140262248386317
2006-06-16,6.6,3.662155,0.267778362823505
2006-06-17,0,3.213944,0.36089887182514
2006-06-18,0,3.410493,0.292532536675112
2006-06-19,0,3.942181,0.243387083961723
2006-06-20,0.54,3.871599,0.218164633594231
2006-06-21,0,3.72498,0.200612646929507
2006-06-22,0,3.518181,0.176842322929732
2006-06-23,0.48,2.880505,0.168552524176929
2006-06-24,0,3.093686,0.163003951276217
2006-06-25,0,3.727085,0.14908228586664
2006-06-26,8.5,3.789807,0.298527954636068
2006-06-27,1.1,3.535503,0.437902755400366
2006-06-28,0,3.477216,0.36790345080544
2006-06-29,0,3.872422,0.295540017930442
2006-06-30,0.22,3.829599,0.24766009451928
2006-07-01,0,4.328485,0.213478479172599
2006-07-02,0,4.433869,0.184377335274115
2006-07-03,0,4.329465,0.163288212793257
2006-07-04,0,4.457209,0.147921178474725
2006-07-05,0,4.797611,0.136641655473681
2006-07-06,0.53,4.549896,0.137989578515181
2006-07-07,0,4.048904,0.139399734670996
2006-07-08,0.11,3.95075,0.131730168172899
2006-07-09,0.15,3.992552,0.128838061958956
2006-07-10,0,3.74398,0.124545684661381
2006-07-11,0,4.167972,0.118273174930108
2006-07-12,0,4.747865,0.113505031367957
2006-07-13,0,4.813864,0.109813578723371
2006-07-14,39.93,4.265984,0.849674323407834
2006-07-15,0,4.356479,1.4350837378218
2006-07-16,0,4.018706,1.05844780554165
2006-07-17,0,4.285995,0.789268926069774
2006-07-18,0,4.391714,0.59679583088255
2006-07-19,0,4.628929,0.459078346604616
2006-07-20,0,4.96938,0.36044848893623
2006-07-21,0,5.001661,0.289722476931219
2006-07-22,0,5.331844,0.23891733752062
2006-07-23,2.51,4.568414,0.247877493554616
2006-07-24,0.1,4.465701,0.259298233911682
2006-07-25,0,4.750831,0.218582277677855
2006-07-26,0,5.349794,0.187272408717293
2006-07-27,0,5.65498,0.164614113215763
2006-07-28,0.03,4.900592,0.148669822829808
2006-07-29,0.55,3.810304,0.146824747797497
2006-07-30,0,3.927917,0.145394388826374
2006-07-31,0.68,3.800787,0.145659723876247
2006-08-01,0.81,3.653794,0.160830963393902
2006-08-02,4.81,3.003323,0.244979055589667
2006-08-03,10.41,2.675501,0.482379191758012
2006-08-04,0.33,2.578596,0.580582062984606
2006-08-05,18.72,2.739754,0.791627310295547
2006-08-06,1.75,3.501988,0.993784299466464
2006-08-07,0.03,3.528031,0.777209082487873
2006-08-08,0,3.567246,0.588366686406495
2006-08-09,0,3.291851,0.452663856069468
2006-08-10,0.62,2.788448,0.366640235471063
2006-08-11,1.96,2.521464,0.341082718645753
2006-08-12,10.29,2.316128,0.500186454362976
2006-08-13,2.22,2.329921,0.630517573874524
2006-08-14,0,2.424958,0.526554293336341
2006-08-15,3.32,2.519591,0.469206161910224
2006-08-16,4.86,2.672488,0.521169597486633
2006-08-17,0.52,2.662792,0.509768030017918
2006-08-18,4.93,3.122262,0.497302105430882
2006-08-19,4.55,3.004925,0.568135159694607
2006-08-20,2.29,2.870884,0.570532330642165
2006-08-21,2.98,2.601081,0.540761575654664
2006-08-22,4.1,2.593484,0.553858990326714
2006-08-23,0,2.549566,0.510356715420562
2006-08-24,0,2.728572,0.398516712034953
2006-08-25,19.03,2.385486,0.672066872283969
2006-08-26,10.92,2.386554,1.09913365697637
2006-08-27,0.5,2.413896,1.05065814163661
2006-08-28,1.12,2.515089,0.818485832539173
2006-08-29,11.05,2.100826,0.852638592333836
2006-08-30,4.72,1.925744,0.959802767887722
2006-08-31,0,2.002639,0.819777213116248
2006-09-01,0,2.103298,0.623864216128778
2006-09-02,0,2.585042,0.483638944782938
2006-09-03,0,2.825362,0.383167158894301
2006-09-04,2.85,3.081168,0.364749001586281
2006-09-05,0,3.064568,0.35539107242795
2006-09-06,0,2.807721,0.290952083217004
2006-09-07,0,3.035901,0.244586675881864
2006-09-08,0,2.618402,0.211125778382067
2006-09-09,0,2.175367,0.18687969026884
2006-09-10,0,2.246124,0.169214681352177
2006-09-11,0,2.530095,0.156250769411917
2006-09-12,0,2.718208,0.146645995056515
2006-09-13,0,2.874105,0.139442437921867
2006-09-14,0,2.895916,0.133956303607408
2006-09-15,0,2.747738,0.12969946813943
2006-09-16,0,2.73487,0.126323476699506
2006-09-17,0,2.40794,0.123579570123286
2006-09-18,0,2.678368,0.121290151961767
2006-09-19,1.43,2.399691,0.145598420124401
2006-09-20,0,2.083848,0.164661765992516
2006-09-21,0.1,2.081233,0.151690994768462
2006-09-22,0,2.278032,0.142254474708842
2006-09-23,0,2.649146,0.133242722463004
2006-09-24,0,2.621812,0.126496255401405
2006-09-25,0.7,2.68054,0.134117872085305
2006-09-26,0.71,2.27936,0.153158136609974
2006-09-27,0.19,2.122584,0.157268146504103
2006-09-28,0,1.876615,0.146352694890468
2006-09-29,0,1.930407,0.13456826626286
2006-09-30,0,2.025467,0.125858513851962
2006-10-01,14.33,1.997627,0.381977472314469
2006-10-02,5.45,2.178683,0.685115222176559
2006-10-03,0.88,1.950745,0.644338069178648
2006-10-04,17.49,1.766855,0.835475656458945
2006-10-05,0.27,1.603188,0.984641624763513
2006-10-06,0.8,1.547164,0.757008617124988
2006-10-07,11.91,1.874038,0.81423830158937
2006-10-08,2.73,1.649406,0.907674338984761
2006-10-09,0,1.301947,0.738221409804199
2006-10-10,0,1.510334,0.561873725153698
2006-10-11,0.76,1.916001,0.449949294271497
2006-10-12,0,1.654135,0.370823959139904
2006-10-13,0.04,1.797016,0.29946839014433
2006-10-14,0,2.025724,0.248256347013548
2006-10-15,0,1.731451,0.210564966242438
2006-10-16,0,1.520572,0.183330665328144
2006-10-17,0,1.403569,0.163563859802713
2006-10-18,0,1.310002,0.149130563083004
2006-10-19,0,1.485701,0.138507511471691
2006-10-20,2.51,1.616091,0.177490452423013
2006-10-21,4.67,1.776714,0.296141681403505
2006-10-22,1.89,1.745203,0.372612851395301
2006-10-23,3.34,1.81631,0.398808760500262
2006-10-24,20.27,1.930539,0.77158487025963
2006-10-25,17.22,1.529007,1.33427146797171
2006-10-26,0,1.412991,1.34723825455613
2006-10-27,0,1.708703,0.9990511210618
2006-10-28,0,1.780439,0.750146140895283
2006-10-29,0.09,1.708365,0.573850151101023
2006-10-30,0.48,1.634229,0.457046428214568
2006-10-31,0,1.140033,0.372172652913698
2006-11-01,1.2,1.082988,0.324480005215676
2006-11-02,1.82,0.964431,0.327027496977418
2006-11-03,0.79,0.7605854,0.321726476182058
2006-11-04,0,0.8545902,0.281194543709048
2006-11-05,0,0.9481588,0.23559837530916
2006-11-06,0,0.9193982,0.20270659336054
2006-11-07,0,0.9116619,0.178886575084077
2006-11-08,0,0.8268558,0.161545334081037
2006-11-09,0.03,0.9273551,0.149409452419942
2006-11-10,1.1,1.114316,0.161639713853623
2006-11-11,0.03,0.7095165,0.171642813354796
2006-11-12,4.32,0.8355081,0.239279558367156
2006-11-13,1.85,0.9514834,0.328847479108978
2006-11-14,3.29,1.053415,0.369777254811799
2006-11-15,3.65,1.315407,0.436263973585298
2006-11-16,0,1.285559,0.420733030868088
2006-11-17,0.51,1.270585,0.343411401931625
2006-11-18,8.25,1.187549,0.449770963040651
2006-11-19,0.66,0.9402765,0.540164261965503
2006-11-20,16.94,0.9359483,0.768736390876656
2006-11-21,17.59,0.881795,1.29756586405518
2006-11-22,8.55,0.9763085,1.51638849336942
2006-11-23,1.98,0.8075814,1.3475250412735
2006-11-24,25.38,1.083009,1.57020285582217
2006-11-25,5.27,1.135842,1.83613443100561
2006-11-26,4.58,1.407379,1.56754408085495
2006-11-27,0.34,1.056545,1.27274511946401
2006-11-28,0,0.9674931,0.960324481727079
2006-11-29,0.38,1.02429,0.737217341177311
2006-11-30,0.03,0.9460962,0.578767998842569
2006-12-01,0.24,0.7327512,0.461818795503679
2006-12-02,0,0.8916934,0.377634342318447
2006-12-03,0.1,0.8705289,0.313861283352047
2006-12-04,13.13,1.051893,0.543838903579502
2006-12-05,16.38,1.016901,1.07531043368672
2006-12-06,4.6,1.272633,1.28462080360736
2006-12-07,2.19,0.9761119,1.11529870899128
2006-12-08,10.81,0.8848088,1.12560659687797
2006-12-09,13.83,0.9940333,1.40183714706265
2006-12-10,2.41,0.7947422,1.42537965962291
2006-12-11,0,0.6095968,1.12361237282198
2006-12-12,3.54,0.7145317,0.92889511257626
2006-12-13,2.2,0.7840955,0.843580676556846
2006-12-14,0.15,0.779254,0.706456261390977
2006-12-15,0,0.8028575,0.556846220505025
2006-12-16,0,0.5791272,0.446059540021655
2006-12-17,3.97,0.706076,0.453546604904026
2006-12-18,0,0.6121042,0.465162604206324
2006-12-19,0.22,0.6152815,0.38472786206424
2006-12-20,0,0.632099,0.32721350118245
2006-12-21,0,0.5945614,0.280535922338667
2006-12-22,0,0.7432586,0.24675252502685
2006-12-23,0,0.6758961,0.22217755175505
2006-12-24,0,0.6088232,0.204180077028257
2006-12-25,0,0.6640194,0.190882110931042
2006-12-26,0,0.5150117,0.180943106591283
2006-12-27,0,0.5376472,0.173406142410575
2006-12-28,0,0.5005325,0.167588127512122
2006-12-29,0.03,0.5033704,0.163656297615288
2006-12-30,0,0.5271747,0.160471014961211
2006-12-31,19.35,0.668015,0.585873006204507
2007-01-01,10,0.9901223,1.14561058002299
2007-01-02,13.94,0.8833843,1.4181147349515
2007-01-03,5.28,0.7147818,1.51743630597072
2007-01-04,0.43,0.7655866,1.27052497525743
2007-01-05,3.81,0.8574706,1.05317550680251
2007-01-06,2.04,0.8818367,0.940203915194471
2007-01-07,10.9,1.043456,1.01991387347722
2007-01-08,0,0.9019123,1.04610650939913
2007-01-09,11.59,0.9696581,1.06495369212892
2007-01-10,2.4,1.184793,1.15414493815446
2007-01-11,3.14,1.032169,1.00814478218125
2007-01-12,5.24,0.8568484,0.971527994331053
2007-01-13,0.17,0.9369128,0.880504545863135
2007-01-14,0.44,1.086821,0.695305336607263
2007-01-15,0.56,0.8524475,0.572166712608615
2007-01-16,0,0.5613311,0.473838509030164
2007-01-17,0.07,0.7308876,0.390861706817625
2007-01-18,17.2,1.040246,0.735510466484826
2007-01-19,41.8,1.22803,2.02414228131673
2007-01-20,6.31,1.233655,2.74339457288263
2007-01-21,3.89,1.134227,2.27937630752907
2007-01-22,3.07,0.8719943,1.86570359349839
2007-01-23,0,0.7245337,1.47415536334097
2007-01-24,0.04,0.5394815,1.11480868827679
2007-01-25,0,0.536026,0.857774290826979
2007-01-26,0,0.4866848,0.67265581952246
2007-01-27,0.05,0.4556527,0.541141032308282
2007-01-28,0.6,0.6817537,0.461408670800125
2007-01-29,0.06,0.7300378,0.405203734663273
2007-01-30,0.43,0.8509507,0.359449416861032
2007-01-31,0,0.9172454,0.325462438201789
2007-02-01,0,0.8697195,0.289421171650956
2007-02-02,0,0.9545065,0.263129576339372
2007-02-03,0.03,1.060443,0.24453261831549
2007-02-04,0,0.8533794,0.230760420665424
2007-02-05,0,0.7802819,0.219600739363401
2007-02-06,0.33,0.6552955,0.219109137616206
2007-02-07,4.15,0.6837842,0.319941609418568
2007-02-08,1.45,0.6847117,0.425994598733305
2007-02-09,14.03,0.7375471,0.741277731647606
2007-02-10,0.84,0.8752164,0.975466479524174
2007-02-11,3.53,0.9397408,0.861413199984868
2007-02-12,14.81,1.077894,1.13332065582836
2007-02-13,14,1.083452,1.61476032046454
2007-02-14,2.96,1.002059,1.66499966766309
2007-02-15,14.92,0.9533609,1.70928533026168
2007-02-16,0,1.003201,1.68996668069204
2007-02-17,0,0.856263,1.26922635085834
2007-02-18,0,0.8881834,0.968280304927192
2007-02-19,0,0.9038812,0.75284914074621
2007-02-20,0,0.9381504,0.598464288368214
2007-02-21,0,0.9226408,0.487660113727726
2007-02-22,1.18,0.8813277,0.437929636264256
2007-02-23,0,1.099098,0.40416184035887
2007-02-24,1.7,1.224402,0.390589036366928
2007-02-25,10.63,1.228775,0.655370655736147
2007-02-26,14.7,1.117206,1.19818861537064
2007-02-27,4.83,1.088919,1.44899789829869
2007-02-28,4.38,1.058435,1.3450343864799
2007-03-01,11.6,1.29858,1.44860042408779
2007-03-02,21.1,1.217096,1.98335664193355
2007-03-03,2.25,1.059463,2.14325245165474
2007-03-04,10.66,1.1775,1.94796662975663
2007-03-05,0,1.132171,1.76611974499173
2007-03-06,3.15,1.288491,1.41531593085246
2007-03-07,13.12,1.25329,1.52444753974949
2007-03-08,6.91,1.190425,1.72606165048999
2007-03-09,0,1.075671,1.5055845308974
2007-03-10,3.84,0.9890859,1.25158512785722
2007-03-11,0,1.10021,1.0776286407342
2007-03-12,0,1.122617,0.841458131121581
2007-03-13,0,1.163444,0.672165081043865
2007-03-14,0,1.222282,0.55061599516929
2007-03-15,0,1.334261,0.463153386057585
2007-03-16,0,1.247331,0.40002852088288
2007-03-17,0,1.187288,0.354282721908567
2007-03-18,0.26,1.302366,0.327954097622835
2007-03-19,9.03,1.262067,0.55365432026416
2007-03-20,2.67,0.9292095,0.797985828953045
2007-03-21,2.65,0.9419255,0.787744032294498
2007-03-22,2.95,0.9950124,0.788127747117879
2007-03-23,3.41,0.9648929,0.809893119676054
2007-03-24,1.67,1.007223,0.791693338639694
2007-03-25,0.7,1.132908,0.701302452460025
2007-03-26,0.42,1.37928,0.60035428938953
2007-03-27,0,1.620343,0.508117498949592
2007-03-28,0,1.48899,0.429382754582183
2007-03-29,0.59,1.497669,0.388549689534383
2007-03-30,2.19,1.519264,0.419517584484357
2007-03-31,1.49,1.430789,0.468955786414446
2007-04-01,4.1,1.46369,0.554759283488764
2007-04-02,0,1.787156,0.580712201999616
2007-04-03,0,1.808416,0.479201660965441
2007-04-04,0.17,1.409192,0.410719158964848
2007-04-05,0,1.420167,0.361560211220609
2007-04-06,0,1.52033,0.320907215967292
2007-04-07,0,1.795482,0.291267150836983
2007-04-08,0,1.578328,0.269494234076819
2007-04-09,0,1.574736,0.253342957458621
2007-04-10,0,1.7514,0.241210425227686
2007-04-11,0,1.757233,0.231952436603668
2007-04-12,0,1.876821,0.224752206152728
2007-04-13,0,2.341811,0.219026656875093
2007-04-14,0,2.551093,0.214359532556175
2007-04-15,0,2.840632,0.210453653607611
2007-04-16,0,2.793692,0.207096837459764
2007-04-17,0,2.670284,0.204137572659909
2007-04-18,0.11,2.251117,0.204400814885172
2007-04-19,0.13,1.719758,0.20772701633517
2007-04-20,0,1.770438,0.206686802538592
2007-04-21,0.04,1.881214,0.202763143571864
2007-04-22,0.03,1.832928,0.200304916054374
2007-04-23,0,2.150896,0.19694420068491
2007-04-24,0,2.509893,0.19316787810538
2007-04-25,0.07,3.020765,0.191800980624366
2007-04-26,0,3.271975,0.190453075048755
2007-04-27,0.06,2.898417,0.188582070031653
2007-04-28,0.13,2.844012,0.190278800860157
2007-04-29,0.27,2.757627,0.196648221306111
2007-04-30,0.03,2.695275,0.198381675066009
2007-05-01,0.12,2.543535,0.194753480178274
2007-05-02,0.38,2.52194,0.201002775192339
2007-05-03,0.42,2.378257,0.213349623402338
2007-05-04,0.04,2.31667,0.212966230439441
2007-05-05,2.18,2.334802,0.257365348624102
2007-05-06,0,2.98098,0.291875114774814
2007-05-07,0.03,2.799354,0.256111141601085
2007-05-08,13.9,2.359743,0.593927179607867
2007-05-09,1.7,2.432111,0.906436812693294
2007-05-10,16.27,2.296554,1.1734774903506
2007-05-11,0,2.832992,1.34938480352424
2007-05-12,1.85,2.430684,1.06355862692842
2007-05-13,7.03,2.432104,1.04882548308552
2007-05-14,12.83,2.564849,1.34205737723172
2007-05-15,2.6,2.491665,1.44779578266665
2007-05-16,3.76,2.153939,1.26282662089962
2007-05-17,16.22,2.091313,1.50125140678369
2007-05-18,6.62,2.256397,1.77652971706195
2007-05-19,0.03,2.471938,1.51955152405109
2007-05-20,1.88,2.900028,1.19490133553659
2007-05-21,4.18,3.202664,1.07857591176507
2007-05-22,0,3.571619,0.949464202962615
2007-05-23,0,3.647683,0.735989610034279
2007-05-24,0,3.439071,0.583035301418703
2007-05-25,0,3.89349,0.473285857911784
2007-05-26,1.06,4.039923,0.422702990155775
2007-05-27,6.98,3.436336,0.575228405033756
2007-05-28,5.02,2.637963,0.802491554668291
2007-05-29,1.49,2.297534,0.814632544779517
2007-05-30,0.6,2.112245,0.697855950021872
2007-05-31,1.34,2.319103,0.608336649975194
2007-06-01,1.79,2.886993,0.577385053556669
2007-06-02,20.56,2.596715,1.07748231760132
2007-06-03,0,3.345914,1.42586191232288
2007-06-04,0,3.388029,1.07795809639536
2007-06-05,0,3.557964,0.82902972411413
2007-06-06,0,3.826997,0.650755553637758
2007-06-07,0,4.307184,0.522919930200868
2007-06-08,3.94,4.445396,0.53666694147077
2007-06-09,29.31,4.069629,1.35341219721983
2007-06-10,10.6,4.046522,2.17534805472669
2007-06-11,0.26,3.653285,1.93642118395528
2007-06-12,0,3.829153,1.45525104295855
2007-06-13,0,3.68477,1.10354524128772
2007-06-14,0.07,3.548856,0.853758008358751
2007-06-15,4.72,3.792321,0.803237922945149
2007-06-16,1.56,3.390762,0.816806335472561
2007-06-17,2.44,2.987031,0.758225453560573
2007-06-18,2.19,3.351696,0.735037397762764
2007-06-19,1.94,3.590299,0.704228923923889
2007-06-20,0,4.275302,0.622175851565027
2007-06-21,5.57,3.97617,0.657502143948963
2007-06-22,1.22,3.414429,0.726752873228631
2007-06-23,7.81,2.879175,0.828778321086857
2007-06-24,15.35,2.890103,1.30209926365335
2007-06-25,16.25,3.422012,1.89394201227484
2007-06-26,12.71,2.821688,2.25472903879178
2007-06-27,12.36,2.464177,2.40519980065163
2007-06-28,0.24,2.467374,2.1677511031588
2007-06-29,6.39,2.686004,1.80730368419118
2007-06-30,2.92,2.81332,1.63780369864781
2007-07-01,0.47,3.224695,1.34418629666418
2007-07-02,0,3.444295,1.04741585545094
2007-07-03,4.74,3.087645,0.953244586974749
2007-07-04,19.89,2.581028,1.45784365481342
2007-07-05,6.38,2.61873,1.90009849971233
2007-07-06,6.2,2.754533,1.80399989421779
2007-07-07,2.8,2.981329,1.63449817999134
2007-07-08,0,2.818891,1.33057205148069
2007-07-09,0.54,3.114996,1.04309306232837
2007-07-10,2.31,2.686867,0.903696007559687
2007-07-11,0.5,2.718639,0.806285973117315
2007-07-12,0.93,2.523867,0.693436269175124
2007-07-13,0.56,2.937147,0.614842556814544
2007-07-14,0.13,4.014497,0.534789953872459
2007-07-15,0,4.531443,0.46030153998963
2007-07-16,0,5.0155,0.402482698948003
2007-07-17,0,4.6067,0.360479862151264
2007-07-18,1.56,3.865216,0.373208111622228
2007-07-19,0,3.681824,0.384943073552322
2007-07-20,4.52,3.436576,0.471833407708217
2007-07-21,10.41,3.519786,0.833697610036507
2007-07-22,0,3.150485,0.979469594945087
2007-07-23,0,3.138306,0.771871718008788
2007-07-24,1.98,2.684003,0.678042173577887
2007-07-25,3.09,3.013151,0.700586392841467
2007-07-26,0,3.201598,0.663749311211531
2007-07-27,0,3.529157,0.544835526914701
2007-07-28,0,3.510686,0.459251741653333
2007-07-29,7.5,3.272223,0.605393372158298
2007-07-30,4.42,2.760532,0.847828857437867
2007-07-31,0,2.544953,0.807379850939099
2007-08-01,0,2.506059,0.646626961922919
2007-08-02,0,2.93718,0.531185823787934
2007-08-03,4.35,3.03917,0.568358863192961
2007-08-04,0,3.266202,0.603533337497936
2007-08-05,0,3.353098,0.499372518763925
2007-08-06,0,3.860483,0.42434391253068
2007-08-07,6.47,3.64281,0.548185357721225
2007-08-08,0.32,3.062259,0.658513563754329
2007-08-09,0.88,2.778073,0.57103766958745
2007-08-10,4.67,2.509406,0.628766661645311
2007-08-11,1.23,3.238931,0.687209062503452
2007-08-12,0,3.401731,0.593631981501108
2007-08-13,2.2,3.156409,0.550308793929365
2007-08-14,0,3.074136,0.523397863894979
2007-08-15,0.62,3.234817,0.456043812381044
2007-08-16,17.63,3.471575,0.89438973198935
2007-08-17,1.03,2.780097,1.25455622735527
2007-08-18,0.17,2.514845,0.99847407342134
2007-08-19,0,2.505285,0.785061901748013
2007-08-20,6.46,2.754937,0.804800585141615
2007-08-21,4.96,2.387256,0.968726566366727
2007-08-22,3.36,2.638337,0.998311806831944
2007-08-23,26.28,2.428957,1.61637737382129
2007-08-24,0.19,2.840125,2.02021356382668
2007-08-25,0,3.021453,1.52059131741911
2007-08-26,0,3.296874,1.15755663383683
2007-08-27,0,3.230543,0.897709269088862
2007-08-28,0,2.847615,0.711523701604438
2007-08-29,0,2.279299,0.577924654626508
2007-08-30,0,2.469016,0.481868605185186
2007-08-31,0,2.286143,0.412617474255783
2007-09-01,0,2.66167,0.362506393253572
2007-09-02,0.03,2.598874,0.326890660336651
2007-09-03,0,2.415577,0.30086587163994
2007-09-04,8.24,2.22065,0.508368486854624
2007-09-05,1.19,1.870173,0.706335816050674
2007-09-06,0.28,1.809521,0.613883238636788
2007-09-07,0.27,2.387941,0.520133306015278
2007-09-08,0.13,2.371202,0.448453428213044
2007-09-09,0,2.38547,0.388962472477505
2007-09-10,0,2.283628,0.342030120453193
2007-09-11,1.23,1.880311,0.341620853089799
2007-09-12,0.03,2.055126,0.34413373719631
2007-09-13,0,2.068384,0.30930188717576
2007-09-14,0,1.953667,0.282938954353008
2007-09-15,0,2.049237,0.263505681571832
2007-09-16,0,2.215427,0.249024868926442
2007-09-17,0,2.000933,0.23808513818064
2007-09-18,0.77,2.077052,0.250613421619719
2007-09-19,1.61,1.658407,0.304361964570268
2007-09-20,0,1.417313,0.32315115996257
2007-09-21,0,1.713372,0.289175305642002
2007-09-22,0,1.715962,0.264344092325007
2007-09-23,0,1.948336,0.246046026456621
2007-09-24,0,2.258395,0.232416976912857
2007-09-25,3.34,2.001274,0.312513158973997
2007-09-26,0,1.654806,0.376135722302887
2007-09-27,0.81,1.47894,0.346240694451693
2007-09-28,17.91,1.520576,0.815549201360587
2007-09-29,1.98,1.556552,1.21867068388859
2007-09-30,1.31,1.601824,1.02248039888693
2007-10-01,0.11,1.821827,0.829756948312895
2007-10-02,0,1.911037,0.653553833708193
2007-10-03,0,2.339129,0.523994003371054
2007-10-04,0.03,2.279755,0.431761326532522
2007-10-05,0,2.271092,0.365425613789979
2007-10-06,0,1.800353,0.31664497892349
2007-10-07,0,1.587189,0.281272960183939
2007-10-08,0,1.40789,0.255477433075086
2007-10-09,0,1.407783,0.236522987306426
2007-10-10,1.44,1.478465,0.261413364620722
2007-10-11,5.62,1.565396,0.434145780870683
2007-10-12,0,1.412938,0.527081978693956
2007-10-13,0,1.420557,0.429859691775748
2007-10-14,0,1.411482,0.359931739977542
2007-10-15,0,1.321315,0.309491640755655
2007-10-16,0.03,1.332127,0.273777508093069
2007-10-17,0,1.514491,0.247832290112221
2007-10-18,1.71,1.321046,0.274100606519123
2007-10-19,0,1.195626,0.295924281604349
2007-10-20,0,0.9941499,0.261639861220365
2007-10-21,0,0.9254265,0.236668610392295
2007-10-22,0.83,0.8711892,0.240713838918432
2007-10-23,0,0.9185676,0.244845674029579
2007-10-24,0,0.914166,0.223397924512214
2007-10-25,0,0.9609404,0.207607088714555
2007-10-26,0,1.148504,0.195858904657359
2007-10-27,0,1.144724,0.187001070975134
2007-10-28,0,1.122187,0.180211032525466
2007-10-29,0,1.059696,0.174901606247607
2007-10-30,15.28,1.071194,0.584544713081314
2007-10-31,0.77,1.080656,0.9294323967139
2007-11-01,0,0.8699238,0.734225789531435
2007-11-02,0,0.9150839,0.572111429368923
2007-11-03,0.17,1.325481,0.460514866402766
2007-11-04,0.06,1.380964,0.382363718944764
2007-11-05,0,1.182654,0.321325356138411
2007-11-06,0,1.052429,0.275561628400627
2007-11-07,4.39,0.9893813,0.36113160140781
2007-11-08,0.33,0.9550949,0.439878461515025
2007-11-09,9.78,1.100047,0.635342666431743
2007-11-10,9.4,0.776849,1.04260617388339
2007-11-11,3.16,0.8975085,1.15502351669869
2007-11-12,2.27,1.04977,1.02883275415764
2007-11-13,0.07,0.7597936,0.852450428706722
2007-11-14,4.77,0.7299483,0.790761942094193
2007-11-15,0.53,0.7116808,0.768920669737926
2007-11-16,0.07,0.6309774,0.615716393126989
2007-11-17,0,0.5476907,0.490446517341167
2007-11-18,0,0.6117775,0.398489045532754
2007-11-19,0,0.6262208,0.332370791145502
2007-11-20,8.54,0.6702339,0.520323096580278
2007-11-21,4.12,0.8734195,0.786206054646703
2007-11-22,7.4,0.9561988,0.937947756207566
2007-11-23,0,1.021733,0.93989644287822
2007-11-24,1.51,0.9140477,0.762972195280976
2007-11-25,0,0.6137285,0.639438293692054
2007-11-26,1.24,0.7302099,0.540367015767159
2007-11-27,2.09,0.7178354,0.529920174286468
2007-11-28,1.41,0.7513988,0.528873420463365
2007-11-29,0,0.6026742,0.468568780646488
2007-11-30,1.29,0.5585133,0.418992878088695
2007-12-01,0.28,0.7762789,0.39369020691534
2007-12-02,12.38,0.8895213,0.684273836034736
2007-12-03,32.79,0.946073,1.84808329105881
2007-12-04,8.94,0.8325739,2.63736069958788
2007-12-05,4.38,0.7837103,2.34321118062244
2007-12-06,3.72,1.008369,1.9749372683553
2007-12-07,11.21,0.9921537,1.91075612606592
2007-12-08,12.32,0.9966976,2.13562310401482
2007-12-09,8.2,0.7202448,2.21631718800595
2007-12-10,15.1,0.8409903,2.35464188830851
2007-12-11,2.89,0.8034015,2.31538922028808
2007-12-12,1.83,0.7235334,1.86827570697484
2007-12-13,0,0.654707,1.46076328834653
2007-12-14,0,0.7352492,1.11096466388752
2007-12-15,0,0.5655723,0.860603636954595
2007-12-16,0,0.5305481,0.681227489151279
2007-12-17,0,0.4869337,0.552526710381372
2007-12-18,0,0.4699497,0.460004382785308
2007-12-19,0,0.480215,0.393312595717937
2007-12-20,0,0.4960719,0.34506498498502
2007-12-21,0,0.4392978,0.309989127792101
2007-12-22,0,0.384399,0.28432152542783
2007-12-23,0.14,0.345081,0.26952845683571
2007-12-24,0,0.3718117,0.258672986005823
2007-12-25,0,0.407578,0.245872057785743
2007-12-26,0,0.4069361,0.236128483854447
2007-12-27,1.87,0.4828996,0.284049481245276
2007-12-28,0.42,0.6035321,0.334420084220208
2007-12-29,0.32,0.6235852,0.320924125444739
2007-12-30,4.16,0.6364212,0.42177019590268
2007-12-31,1.4,0.6876386,0.534242184207739
2008-01-01,0.03,0.621906,0.485850798756953
2008-01-02,0.03,0.58448,0.407172153112826
2008-01-03,0,0.4672828,0.349547708011552
2008-01-04,1.14,0.5013281,0.340769086457588
2008-01-05,0,0.5589762,0.336561225463985
2008-01-06,16.79,0.7875598,0.800644187153883
2008-01-07,1.87,0.6959366,1.22656764541591
2008-01-08,3.27,0.788749,1.09397952952352
2008-01-09,0.68,0.7426555,0.966776621564614
2008-01-10,4.06,0.6748454,0.894182156142235
2008-01-11,5.15,0.8309017,0.985042089408969
2008-01-12,13.18,1.036875,1.33188505033901
2008-01-13,0.61,0.7670174,1.46212698789616
2008-01-14,0,0.6155949,1.12678057723552
2008-01-15,3.38,0.6886255,0.969976070971421
2008-01-16,8.38,0.8901357,1.12208974221054
2008-01-17,13.9,0.8797913,1.56891695788535
2008-01-18,8.22,0.8656537,1.90098965330158
2008-01-19,2.91,0.9967545,1.78863245022496
2008-01-20,0.95,1.172118,1.4716902387454
2008-01-21,0.28,1.128609,1.15914996480435
2008-01-22,3.37,1.014853,1.00923345105026
2008-01-23,5.01,0.8115083,1.05644106349571
2008-01-24,0,0.6427591,0.989610435169785
2008-01-25,0.79,0.7812077,0.798970372637348
2008-01-26,0.03,0.6253767,0.665059629773133
2008-01-27,0,0.7022861,0.542578705166511
2008-01-28,0,0.7244935,0.453491850713565
2008-01-29,0,0.797089,0.389246466016836
2008-01-30,0,0.6987271,0.342739320325999
2008-01-31,2.18,0.6267238,0.376693344468878
2008-02-01,5.25,0.6489212,0.569266668756179
2008-02-02,21.52,0.7490634,1.32579704916489
2008-02-03,0.1,0.6599474,1.74595332431858
2008-02-04,0,0.6299449,1.31891277937892
2008-02-05,9.06,0.8294688,1.29729271649826
2008-02-06,20.58,0.895276,1.96358892683612
2008-02-07,12.38,1.021215,2.58228777512648
2008-02-08,0.03,0.6629166,2.34932674792492
2008-02-09,0,0.70842,1.75494498047102
2008-02-10,0,0.7958283,1.3288800612473
2008-02-11,0,0.8152787,1.02400192014384
2008-02-12,0,0.9415926,0.805633919294306
2008-02-13,0,0.8856408,0.649023930501082
2008-02-14,0,0.6740624,0.536503904123431
2008-02-15,0.03,0.6989262,0.456427400517675
2008-02-16,0,0.7226058,0.398625932170641
2008-02-17,0,0.6552571,0.355624749868911
2008-02-18,0,0.6777739,0.324226765829718
2008-02-19,0,0.7049456,0.301118071246601
2008-02-20,0,0.7162226,0.283933141410736
2008-02-21,2.6,0.7442772,0.35452717650016
2008-02-22,0,0.9790944,0.410716985066955
2008-02-23,0,1.192035,0.360826024228236
2008-02-24,0,1.185586,0.324544098613532
2008-02-25,0,1.000129,0.297982885127865
2008-02-26,2.12,1.201867,0.346337149171312
2008-02-27,4.58,1.285197,0.532591720734912
2008-02-28,0,1.055688,0.603623472021636
2008-02-29,7.64,1.104381,0.742561927783845
2008-03-01,13.98,1.297897,1.31398202122976
2008-03-02,14.51,1.311042,1.96776431399402
2008-03-03,2.27,1.317964,2.05961638046586
2008-03-04,3.79,1.144552,1.74699221532373
2008-03-05,6.18,0.8297875,1.65647904662574
2008-03-06,0.06,0.8047804,1.47606126151255
2008-03-07,0,0.7896094,1.1294864135459
2008-03-08,0,1.051532,0.879264260533978
2008-03-09,0,1.079973,0.699933375056148
2008-03-10,1.3,1.173151,0.61385056914809
2008-03-11,8.65,1.125538,0.839929814537597
2008-03-12,25.72,1.241975,1.83611617256333
2008-03-13,7.3,1.291372,2.55304735375183
2008-03-14,3.1,1.175764,2.26852027456523
2008-03-15,4.6,1.423751,1.96571281757557
2008-03-16,1.99,1.509442,1.71645312101499
2008-03-17,13.68,1.393486,1.84054388088287
2008-03-18,1.12,1.11256,1.93059140665919
2008-03-19,0.21,1.005028,1.50916781064134
2008-03-20,1.11,0.9537075,1.20510370602751
2008-03-21,3.96,0.9723478,1.11670029555799
2008-03-22,14.98,1.012238,1.5343844660568
2008-03-23,4.63,0.9656111,1.88628591649422
2008-03-24,0,0.8544,1.6021905869163
2008-03-25,4.28,0.8129117,1.37581989413652
2008-03-26,0.83,0.8733795,1.25317583261247
2008-03-27,1.44,1.075798,1.05958617423441
2008-03-28,7.23,1.047708,1.14243911601387
2008-03-29,5.79,1.253853,1.36671151120015
2008-03-30,0,1.425041,1.27577196198189
2008-03-31,3.51,1.584664,1.11767435797292
2008-04-01,2.08,1.558716,1.08501147865591
2008-04-02,0,1.373512,0.9371203590249
2008-04-03,0,1.468333,0.754081610055032
2008-04-04,0,1.390292,0.622585900501615
2008-04-05,0.03,1.42444,0.528919829430754
2008-04-06,3.9,1.377234,0.595395642500691
2008-04-07,7.38,1.111414,0.905896831781969
2008-04-08,2.31,0.9883765,1.08282651121231
2008-04-09,0,1.064545,0.942279652472633
2008-04-10,3.14,1.20845,0.864294067653069
2008-04-11,0,1.40786,0.816208672206908
2008-04-12,0.28,1.507517,0.674791802533753
2008-04-13,0.58,1.357282,0.593763574855813
2008-04-14,8.4,1.536396,0.816819559062762
2008-04-15,14.78,1.365623,1.4911671513398
2008-04-16,0.69,1.375489,1.72505632614118
2008-04-17,0,1.221062,1.34262443881702
2008-04-18,0,1.254604,1.04311573977758
2008-04-19,0.03,1.742833,0.829530010048772
2008-04-20,3.74,1.660896,0.806319893998256
2008-04-21,0,1.951244,0.797893664338042
2008-04-22,0.26,2.048953,0.66108142549819
2008-04-23,0,2.174279,0.563307094151152
2008-04-24,5.04,2.025521,0.657870388796022
2008-04-25,1.65,2.074031,0.795324435850487
2008-04-26,0,1.909961,0.710169963091684
2008-04-27,0.03,2.157325,0.588456759362917
2008-04-28,0.03,2.335531,0.501897672047699
2008-04-29,11.5,2.059992,0.837433065299087
2008-04-30,4.31,1.869742,1.2557584938045
2008-05-01,3.17,1.863719,1.24863189580765
2008-05-02,1.36,1.690947,1.13842159290434
2008-05-03,0,2.075866,0.944764511191775
2008-05-04,0,2.265371,0.755183233165223
2008-05-05,0,2.499134,0.619060611383657
2008-05-06,0,2.454337,0.521104501877797
2008-05-07,0,2.760771,0.450399351106578
2008-05-08,0,2.772447,0.399153600158781
2008-05-09,0,2.752635,0.361805586556699
2008-05-10,0,2.856082,0.334385340305267
2008-05-11,0.19,3.075909,0.320568829849853
2008-05-12,0.15,2.946628,0.315595340752923
2008-05-13,0.04,2.949599,0.306109065691579
2008-05-14,0,3.09572,0.293225779984529
2008-05-15,2.7,3.083371,0.373812288527702
2008-05-16,1.65,2.917915,0.493898923665012
2008-05-17,3.85,3.028585,0.615979968205193
2008-05-18,6.12,2.639001,0.861227728851599
2008-05-19,2.02,2.339387,0.980481849973743
2008-05-20,0,2.383156,0.847077414435854
2008-05-21,0,2.42365,0.677499668153026
2008-05-22,0,2.461305,0.555734261317827
2008-05-23,0,2.606313,0.468104267012748
2008-05-24,0,2.867994,0.404847075300867
2008-05-25,1.17,2.629301,0.398528774127939
2008-05-26,1.54,3.350946,0.448364571978029
2008-05-27,1.75,3.523205,0.503998458498296
2008-05-28,3.7,3.655748,0.616727391179064
2008-05-29,3.92,3.761087,0.775202350052199
2008-05-30,44.47,3.50933,2.29698885385622
2008-05-31,5.93,3.697579,3.56464998518072
2008-06-01,0,3.368706,2.84610644439521
2008-06-02,0,3.454565,2.11369624720396
2008-06-03,0.52,3.971857,1.60791384503932
2008-06-04,0.03,3.45583,1.24849052987689
2008-06-05,0,3.141066,0.972160568315796
2008-06-06,6.47,3.078773,0.994259035154853
2008-06-07,6.19,3.13277,1.23836980739625
2008-06-08,0.92,2.787799,1.22318784620702
2008-06-09,2.18,3.755817,1.06183362331714
2008-06-10,0,4.159685,0.917992393406838
2008-06-11,0,4.07287,0.734892511125335
2008-06-12,0,3.136269,0.603407978420561
2008-06-13,9.25,2.231893,0.823767903844644
2008-06-14,1.04,2.320891,1.04009121528712
2008-06-15,4.75,2.339798,1.02148015302997
2008-06-16,0,2.462896,0.982120055565681
2008-06-17,0,2.820332,0.780232880133832
2008-06-18,0,3.041625,0.635342342594511
2008-06-19,0,3.119525,0.531143557067926
2008-06-20,4.62,3.22411,0.612361411906094
2008-06-21,0,3.121795,0.681694854723661
2008-06-22,0,3.957402,0.563239457598055
2008-06-23,7.5,3.921468,0.73110600886102
2008-06-24,0,3.118923,0.869803987880345
2008-06-25,0,3.932298,0.697350547531366
2008-06-26,2.13,3.92766,0.644998705324603
2008-06-27,0,3.264205,0.61242327039474
2008-06-28,0.95,2.940106,0.543760377752819
2008-06-29,0.07,3.492742,0.49880932003309
2008-06-30,0,3.630979,0.432184213816018
2008-07-01,0,3.509337,0.381399520159152
2008-07-02,0,3.987754,0.344427663455336
2008-07-03,16.77,4.305755,0.877210343848325
2008-07-04,11.97,3.173422,1.70175711123738
2008-07-05,1.13,2.994688,1.75994470532149
2008-07-06,0.13,3.229766,1.37866102523774
2008-07-07,0,3.301082,1.06559040658238
2008-07-08,9.3,2.906226,1.14815847221327
2008-07-09,2.43,2.796363,1.31183435684962
2008-07-10,0,3.03377,1.10121190978201
2008-07-11,0,3.840116,0.863123985954718
2008-07-12,2.24,3.249845,0.767029182488535
2008-07-13,0,2.98676,0.70346564281055
2008-07-14,0,2.936294,0.577564074749244
2008-07-15,0,3.006315,0.486949073154017
2008-07-16,0,3.390598,0.421528886629146
2008-07-17,1.09,3.188794,0.410083559051793
2008-07-18,0.4,2.974626,0.417162176288043
2008-07-19,0.21,3.080645,0.390952695052828
2008-07-20,7.19,3.261246,0.595021676487554
2008-07-21,0.21,2.597297,0.757880252505068
2008-07-22,1.34,2.307831,0.664579248316139
2008-07-23,0.06,2.812069,0.595263671368983
2008-07-24,0,3.277093,0.498094620408775
2008-07-25,0,3.537541,0.425924910995825
2008-07-26,0,3.927065,0.373713475080544
2008-07-27,2.42,3.987414,0.414622633976537
2008-07-28,0.06,3.798034,0.451205038840905
2008-07-29,1.85,4.33812,0.45251743244097
2008-07-30,0,3.829969,0.455347571624988
2008-07-31,0,4.094183,0.392484668795875
2008-08-01,0,4.489154,0.346945385129755
2008-08-02,1.8,3.655958,0.371690820875076
2008-08-03,1.33,3.235747,0.435927148429811
2008-08-04,0.73,3.530902,0.445937141788746
2008-08-05,19.38,3.289647,1.03602328905905
2008-08-06,0,3.059017,1.4801853727994
2008-08-07,0,3.816206,1.12566349593486
2008-08-08,1.47,3.372968,0.919256194499242
2008-08-09,12.14,2.922485,1.16788992673321
2008-08-10,0,3.065935,1.32454573713916
2008-08-11,0.59,3.044565,1.03454190559724
2008-08-12,0.17,3.0177,0.833794319634877
2008-08-13,10.38,3.14744,1.00552123896716
2008-08-14,0.12,2.845515,1.15145686089317
2008-08-15,0,2.63938,0.896374159000632
2008-08-16,0,2.581485,0.709459203351374
2008-08-17,0,2.573532,0.575350527879442
2008-08-18,3.53,2.644942,0.592388013806139
2008-08-19,0,3.151406,0.612668010674851
2008-08-20,2,3.057616,0.569275494276349
2008-08-21,2.14,2.546305,0.611168604786477
2008-08-22,0,2.659502,0.577179230362383
2008-08-23,17.94,2.472761,1.05799807736186
2008-08-24,0.82,2.336311,1.47187392395488
2008-08-25,4.22,2.28043,1.28575141038623
2008-08-26,0.73,2.543905,1.15802532390878
2008-08-27,0,2.736315,0.922329882196511
2008-08-28,0,2.422829,0.728226909091199
2008-08-29,0,2.708872,0.588985071196983
2008-08-30,0,2.834149,0.488909756904682
2008-08-31,0,2.963003,0.41679814340339
2008-09-01,0,3.136793,0.364653630571865
2008-09-02,0,2.765324,0.326768208699289
2008-09-03,8.98,2.591131,0.586173803785386
2008-09-04,5.54,2.02723,0.970421868664072
2008-09-05,0,2.087481,0.950821113999553
2008-09-06,22.84,2.234071,1.48596611749559
2008-09-07,2.08,2.491171,1.99194208592991
2008-09-08,5.07,2.183521,1.73125368623731
2008-09-09,0,2.223232,1.48520880326885
2008-09-10,0.48,2.357897,1.14862831125586
2008-09-11,0.05,2.711845,0.910473473106722
2008-09-12,1.02,2.571753,0.756189663649455
2008-09-13,19.29,2.192404,1.27450298274481
2008-09-14,17.53,1.801987,2.23345806890744
2008-09-15,0,1.65603,2.29008457082672
2008-09-16,0,1.569091,1.71370708316705
2008-09-17,0,1.723211,1.30150820897381
2008-09-18,0,1.538599,1.00650716514196
2008-09-19,0,1.440773,0.79516916793036
2008-09-20,0,1.624273,0.643557138335032
2008-09-21,0,1.499982,0.534584803792837
2008-09-22,0,1.462788,0.456055972459965
2008-09-23,0,1.543511,0.399264974529444
2008-09-24,1.27,1.557238,0.399366704968248
2008-09-25,0.03,1.743072,0.402899633478799
2008-09-26,0,1.777951,0.360547467253935
2008-09-27,0,1.691646,0.328560841540518
2008-09-28,0,1.566538,0.305023854568231
2008-09-29,0,1.479006,0.287525169487579
2008-09-30,0.09,1.403472,0.2772578556474
2008-10-01,12.24,1.423459,0.668298486516698
2008-10-02,10.71,1.603801,1.32533850558762
2008-10-03,7.7,1.331589,1.64752237778852
2008-10-04,2.2,1.207945,1.59369161828534
2008-10-05,0.46,1.28195,1.30463475676047
2008-10-06,19.77,1.357242,1.67807484700797
2008-10-07,18.28,1.796667,2.59147056825318
2008-10-08,0.39,1.851831,2.60112184578559
2008-10-09,3.01,1.693426,2.05386686152992
2008-10-10,0,1.541978,1.65627742669443
2008-10-11,0,1.505726,1.26380523228693
2008-10-12,0,1.464269,0.982852440179401
2008-10-13,0,1.640103,0.781509776603409
2008-10-14,0.03,1.684482,0.638001053792673
2008-10-15,0,1.723606,0.534858778528958
2008-10-16,6.44,1.607637,0.674529042570408
2008-10-17,6.29,1.359308,1.00083307412342
2008-10-18,0,1.061353,1.01928304141204
2008-10-19,0,0.9860402,0.806392004459434
2008-10-20,0,1.017413,0.653650592497967
2008-10-21,0,1.192877,0.543851486878951
2008-10-22,8.05,1.485108,0.734633080810812
2008-10-23,0,1.128306,0.890979464737995
2008-10-24,0,1.0494,0.713215383949849
2008-10-25,0.56,1.046068,0.604308881794097
2008-10-26,0.03,1.328017,0.528271220913864
2008-10-27,0.36,1.20419,0.465314636907627
2008-10-28,16.64,1.214173,0.980560367670781
2008-10-29,0.09,0.8992387,1.38126451125525
2008-10-30,0.03,0.8252401,1.06787855010592
2008-10-31,6.76,0.8487676,1.06870083710238
2008-11-01,6.67,0.9492341,1.31127173316483
2008-11-02,5.93,1.065562,1.45848406115882
2008-11-03,0,1.212667,1.33664869041584
2008-11-04,0,1.21,1.03338674373339
2008-11-05,0,1.229064,0.816134356788026
2008-11-06,0.04,1.220242,0.661638597035366
2008-11-07,0,1.106355,0.55069551410512
2008-11-08,0.22,1.076346,0.476739679797405
2008-11-09,0.12,1.066963,0.42783219333492
2008-11-10,16.72,1.144974,0.954989323577852
2008-11-11,3.07,1.35316,1.47524912853097
2008-11-12,7.76,1.217076,1.50996135842675
2008-11-13,2.81,0.984596,1.53887283131331
2008-11-14,0,0.9072889,1.28186617903207
2008-11-15,0,0.8128485,0.994567012226687
2008-11-16,0,1.049573,0.78870598738746
2008-11-17,1.05,1.131416,0.676933388187537
2008-11-18,0,0.722122,0.599165044035559
2008-11-19,0.15,0.7668845,0.509580988998813
2008-11-20,0.06,0.932976,0.447325355114639
2008-11-21,0.45,1.017081,0.412187341520137
2008-11-22,3.59,0.8411904,0.508239098546856
2008-11-23,5.45,0.5957714,0.756179676046939
2008-11-24,6.59,0.5635995,1.04243777216802
2008-11-25,1.93,0.6263418,1.13012970266231
2008-11-26,0.24,0.5752641,0.962788140872609
2008-11-27,0,0.583843,0.772124983349079
2008-11-28,0.11,0.587428,0.630224874845497
2008-11-29,0,0.5019052,0.528485054675516
2008-11-30,0,0.5312045,0.451076480489912
2008-12-01,9.93,0.603584,0.738435360968411
2008-12-02,8.54,0.5807372,1.26599666726293
2008-12-03,6.06,0.6438079,1.50876327370184
2008-12-04,16.63,0.5693876,1.96473918047689
2008-12-05,12.41,0.5931328,2.54774839180489
2008-12-06,14.54,0.7686026,2.89021984924095
2008-12-07,2.09,0.7174219,2.7794231851062
2008-12-08,0.35,0.6800738,2.16420203286923
2008-12-09,0,0.4742816,1.64553911712951
2008-12-10,1.35,0.5283458,1.30921638724162
2008-12-11,0,0.5824368,1.07202169124237
2008-12-12,0,0.5523222,0.850442311706901
2008-12-13,0,0.5418535,0.691435764797547
2008-12-14,0,0.4912891,0.577101828830237
2008-12-15,1.34,0.5968961,0.542351712545443
2008-12-16,0,0.6298593,0.520424920790911
2008-12-17,0,0.5125397,0.452971684288376
2008-12-18,3.14,0.4948456,0.515837830881283
2008-12-19,0.18,0.5711073,0.574989558626354
2008-12-20,0.82,0.6786007,0.526547557742892
2008-12-21,2.84,0.8044328,0.587803865951589
2008-12-22,0.42,0.9259063,0.622336576804313
2008-12-23,0.46,0.8907094,0.555524840410218
2008-12-24,0,0.7651861,0.492325178205026
2008-12-25,0,0.6401317,0.428921780675167
2008-12-26,0,0.6911374,0.382897252142124
2008-12-27,0,0.5303401,0.349285294169083
2008-12-28,0,0.4579273,0.324540906290898
2008-12-29,0,0.4541913,0.306133605955486
2008-12-30,0,0.4023186,0.29225707043441
2008-12-31,0,0.3799093,0.281621880299039
2009-01-01,1.31,0.4981534,0.319859078721827
2009-01-02,0,0.5284282,0.350045632286691
2009-01-03,0,0.4171373,0.321108727905656
2009-01-04,0,0.4748072,0.299748184347216
2009-01-05,0,0.4247358,0.283802604493181
2009-01-06,0.8,0.4707253,0.300129163165631
2009-01-07,0,0.3720257,0.313299889379596
2009-01-08,0,0.2919532,0.291656359323825
2009-01-17,0.42,0.5584137,0.290435869745558
2009-01-18,1.32,0.6813924,0.336901621105996
2009-01-19,22.13,0.7308494,1.15138027917473
2009-01-20,12.78,0.8144309,2.20511097493491
2009-01-21,1.41,0.6632489,2.19404479856412
2009-01-22,0.06,0.6236257,1.6980555263181
2009-01-23,4.57,0.6471815,1.45434554200862
2009-01-24,33.84,0.7914717,2.53548445612133
2009-01-25,0,0.6569303,3.2261916524741
2009-01-26,0,0.5699618,2.38690275296211
2009-01-27,0,0.5521673,1.78698912921937
2009-01-28,0,0.5509913,1.35794892252953
2009-01-29,0,0.5108741,1.050885681138
2009-01-30,0,0.5765682,0.830897220145594
2009-01-31,0,0.5665488,0.673070410712143
2009-02-01,0,0.5220466,0.559622275585512
2009-02-02,0,0.5541468,0.477859313791894
2009-02-03,2.77,0.6129549,0.520449625180668
2009-02-04,2.17,0.6787131,0.637717079703131
2009-02-05,0.51,0.666439,0.636809919537378
2009-02-06,0.96,0.7441937,0.586858286370428
2009-02-07,0.07,0.812506,0.535710075539795
2009-02-08,0.25,0.7806473,0.470104615226918
2009-02-09,0,0.678167,0.420487901056363
2009-02-10,15.43,0.6765619,0.945051890851839
2009-02-11,20.33,0.8420598,2.12205033946741
2009-02-12,4.13,0.6997881,2.56471301501961
2009-02-13,0.9,0.6415553,2.11390977702083
2009-02-14,0.18,0.6504734,1.63548960972923
2009-02-15,0.41,0.6711149,1.27302353137598
2009-02-16,0.42,0.552574,1.02316483483008
2009-02-17,2.34,0.7636287,0.91635630626556
2009-02-18,3.1,0.9284083,0.945375507755136
2009-02-19,0,0.6204886,0.880699187610441
2009-02-20,0.2,0.6515353,0.717111281601068
2009-02-21,0.37,0.8463477,0.613960234460719
2009-02-22,0.16,0.9237023,0.53859052216582
2009-02-23,0.76,0.9415536,0.498078518768402
2009-02-24,3.07,0.9503117,0.579048108340519
2009-02-25,0,0.9155488,0.614600755725677
2009-02-26,0,0.7839816,0.516395610463049
2009-02-27,0.03,0.9587813,0.446648417049403
2009-02-28,0.23,1.007072,0.404775356755772
2009-03-01,0,1.191543,0.37359981252981
2009-03-02,0.53,1.088806,0.361183615589463
2009-03-03,0,1.150314,0.3531131166482
2009-03-04,0,0.8627117,0.325485521741342
2009-03-05,12.68,0.9743282,0.780064893643592
2009-03-06,0.84,0.9225834,1.17211124323682
2009-03-07,0.99,0.9523436,0.98283511435688
2009-03-08,0,0.939773,0.816217222804072
2009-03-09,5.36,1.143397,0.857936551951381
2009-03-10,3.37,0.9731626,1.02910167805797
2009-03-11,8.83,1.015949,1.27820370156785
2009-03-12,0.06,1.048857,1.34803432316416
2009-03-13,0.48,1.019982,1.05953595721389
2009-03-14,0.72,1.293924,0.878929197868199
2009-03-15,0.19,1.283224,0.739181410819303
2009-03-16,0,1.359721,0.610261859761031
2009-03-17,0,1.362313,0.509856658389609
2009-03-18,0,1.166164,0.437452541300602
2009-03-19,0,1.158998,0.385042773800424
2009-03-20,0,1.102972,0.346912106566622
2009-03-21,0,0.983947,0.318980944664589
2009-03-22,0,1.010108,0.298337217841377
2009-03-23,0,1.030969,0.282902231288037
2009-03-24,7.42,1.207847,0.549531434686212
2009-03-25,3.03,1.04511,0.874503164283
2009-03-26,9.97,0.9790548,1.19295332593895
2009-03-27,8.64,1.175474,1.65404495222661
2009-03-28,6.76,1.249385,1.8623095326196
2009-03-29,7.82,1.244052,1.97813828926016
2009-03-30,0.22,1.239028,1.81726721594362
2009-03-31,0,1.257783,1.38409734142387
2009-04-01,0,1.32152,1.06518361694291
2009-04-02,0,1.635394,0.836779564480284
2009-04-03,0,1.998539,0.672988548196728
2009-04-04,0,1.927537,0.555325571467924
2009-04-05,0,1.846024,0.47059603871951
2009-04-06,0,1.729523,0.409381623563741
2009-04-07,0,1.879651,0.364959487140096
2009-04-08,0.04,1.726466,0.334038088777536
2009-04-09,2.02,1.751832,0.387482417794711
2009-04-10,0.75,2.091525,0.457447389778968
2009-04-11,0,2.379295,0.42749450640403
2009-04-12,0.58,2.365185,0.397003919207078
2009-04-13,0,2.273704,0.376234132700848
2009-04-14,0,2.278798,0.33743605692749
2009-04-15,0,2.300572,0.309060073460064
2009-04-16,0,2.3718,0.28813009419362
2009-04-17,3.56,1.90995,0.405522416632413
2009-04-18,15.77,1.691137,1.09217549806874
2009-04-19,5.1,1.740955,1.67755344627466
2009-04-20,0.18,2.139026,1.4821099132275
2009-04-21,0,2.229018,1.13699379436937
2009-04-22,0,2.324557,0.882698775076764
2009-04-23,0,2.078975,0.700479746512455
2009-04-24,0,1.648623,0.569715263057978
2009-04-25,0,1.794894,0.475685745033238
2009-04-26,0.46,1.865264,0.425070673235649
2009-04-27,6.76,2.318762,0.642661094120698
2009-04-28,1.71,1.983741,0.862539800250971
2009-04-29,2.46,1.786177,0.845267529809462
2009-04-30,7.16,1.590243,1.03965611028739
2009-05-01,0,1.930967,1.10011336134661
2009-05-02,0.75,2.3378,0.883381662458793
2009-05-03,0,2.708936,0.730162747417121
2009-05-04,0,2.077851,0.590082880598552
2009-05-05,0,1.902105,0.489412196405049
2009-05-06,0.44,1.818944,0.433271067303588
2009-05-07,0,2.122687,0.39379977641106
2009-05-08,0,2.36927,0.347435292235605
2009-05-09,1.77,2.434079,0.379407151392742
2009-05-10,4.72,2.094593,0.582129929932072
2009-05-11,3.48,2.453522,0.79891114110465
2009-05-12,12.49,2.420822,1.24207767389842
2009-05-13,10.29,2.145917,1.8415091464553
2009-05-14,0,2.610996,1.79967986884224
2009-05-15,18.19,2.775262,2.0426520623786
2009-05-16,4.95,2.446969,2.45547462387902
2009-05-17,0.25,2.197536,2.03966438138203
2009-05-18,1.37,2.456547,1.59461115097313
2009-05-19,0,2.339,1.27009297519599
2009-05-20,0,2.561159,0.98249812417541
2009-05-21,0,2.958158,0.776462333907638
2009-05-22,4.02,3.057369,0.779431187100558
2009-05-23,0,2.734146,0.79250231564083
2009-05-24,0,2.907868,0.639880451884681
2009-05-25,0,3.913302,0.530204858640685
2009-05-26,0,4.20187,0.451191427170128
2009-05-27,1.01,2.944525,0.431589141162458
2009-05-28,0,2.174284,0.419792458888858
2009-05-29,0.68,2.622108,0.395744464523389
2009-05-30,0,2.931649,0.379830094699836
2009-05-31,0,2.895581,0.340836633160389
2009-06-01,0,2.892344,0.312312927889238
2009-06-02,0,3.310001,0.291269330929181
2009-06-03,0,3.607307,0.275571775082683
2009-06-04,0,2.896547,0.263696904163662
2009-06-05,0,2.329021,0.254557285881863
2009-06-06,0,2.304042,0.247376649447907
2009-06-07,1.87,2.10746,0.309886941960368
2009-06-08,6.38,2.410382,0.59255385450892
2009-06-09,1.94,2.655424,0.809687246912669
2009-06-10,2.03,3.00336,0.794134575543632
2009-06-11,13.09,2.789467,1.19288214849685
2009-06-12,6.23,2.703289,1.6639006241789
2009-06-13,0,2.706008,1.50335321972856
2009-06-14,0,3.054897,1.14312973620255
2009-06-15,2.03,3.646948,0.959602883993316
2009-06-16,26.93,3.054263,1.83097949087498
2009-06-17,1.2,2.916752,2.49454803705429
2009-06-18,0,3.165088,1.90459300461965
2009-06-19,0,3.165592,1.43526946862862
2009-06-20,0,2.899616,1.09951773480181
2009-06-21,0.5,2.424626,0.877484699754947
2009-06-22,5.11,2.306557,0.907635694758531
2009-06-23,0,2.570292,0.923359023805529
2009-06-24,0,3.037999,0.732894990057947
2009-06-25,0,3.666297,0.596211664246788
2009-06-26,0,4.08087,0.497924042769602
2009-06-27,0,3.896434,0.427050296031968
2009-06-28,4.36,3.516741,0.534446420511435
2009-06-29,0.19,3.851752,0.629605410208754
2009-06-30,3.32,4.325484,0.648140700603713
2009-07-01,0,4.590717,0.662629872603926
2009-07-02,0,4.611983,0.543479033245036
2009-07-03,0,4.923543,0.457731558742887
2009-07-04,0.33,4.393494,0.407674142312958
2009-07-05,0,4.346181,0.372176906978504
2009-07-06,0.22,4.249085,0.341354397493879
2009-07-07,9.25,3.612511,0.650338584297021
2009-07-08,4.31,2.889095,1.04181930028184
2009-07-09,7.1,2.987057,1.23329846462507
2009-07-10,3.41,2.577553,1.34638568907647
2009-07-11,0.05,2.505075,1.16534811891627
2009-07-12,0,2.786487,0.904731181475362
2009-07-13,4.19,3.123471,0.865992305105642
2009-07-14,4.31,3.615325,1.00347373457446
2009-07-15,0,3.802904,0.952584762027174
2009-07-16,0,3.788282,0.750678643371762
2009-07-17,0,3.844505,0.605858474183908
2009-07-18,4.98,3.326695,0.678832345875848
2009-07-19,1.22,2.89138,0.787280917737178
2009-07-20,5.51,2.987741,0.873943237076997
2009-07-21,0.16,3.315642,0.909653836008231
2009-07-22,9.65,4.311081,1.06868469042088
2009-07-23,5.99,4.281851,1.41520721705337
2009-07-24,8.85,3.467221,1.62714459566868
2009-07-25,3.42,3.112767,1.6962724557699
2009-07-26,0.59,2.964768,1.4377603903785
2009-07-27,0,3.303321,1.12367429923856
2009-07-28,2.58,3.164488,0.967929768234246
2009-07-29,0,3.047309,0.863130924265433
2009-07-30,9.48,3.582638,1.02671147448188
2009-07-31,0.08,3.123845,1.17172082199266
2009-08-01,0,2.961106,0.91426055914178
2009-08-02,0,3.487834,0.726709201559039
2009-08-03,9.39,3.043829,0.925117882223212
2009-08-04,0.63,2.967963,1.11414043356324
2009-08-05,0,3.08849,0.89399625183878
2009-08-06,0,3.394183,0.712263923367416
2009-08-07,0,3.823559,0.581810008527946
2009-08-08,0.15,3.863287,0.493231890640956
2009-08-09,0,3.549021,0.429693813324801
2009-08-10,0,3.526416,0.377997222742936
2009-08-11,0,3.736363,0.340390544738175
2009-08-12,1.65,3.35621,0.370324772730911
2009-08-13,0,3.343398,0.395455478867237
2009-08-14,30.19,3.129776,1.41583460167254
2009-08-15,0,2.944408,2.22602302688855
2009-08-16,0,3.172161,1.66534936698812
2009-08-17,0,3.704509,1.26438587655911
2009-08-18,0,3.453029,0.977430399957268
2009-08-19,0,3.122391,0.771860835487393
2009-08-20,0,3.664809,0.624391575699929
2009-08-21,2.08,4.415073,0.590733224010752
2009-08-22,5.15,2.893412,0.750867594252994
2009-08-23,0,2.789335,0.801014643412485
2009-08-24,0,2.830374,0.644410548592694
2009-08-25,0,3.23881,0.531907761876521
2009-08-26,2.52,3.113473,0.538088358879162
2009-08-27,0,2.899563,0.548554533461563
2009-08-28,0,3.16247,0.462091610427303
2009-08-29,0.17,2.683121,0.405527518851061
2009-08-30,0,2.244487,0.364914360399543
2009-08-31,0,2.166915,0.328983697812581
2009-09-01,0,2.650404,0.302658150111986
2009-09-02,11.1,2.558096,0.665311245176455
2009-09-03,0.46,2.521474,0.968943883148179
2009-09-04,11.03,2.443825,1.15860005844546
2009-09-05,15.91,1.931925,1.85949924414986
2009-09-06,0,2.043467,1.99472085324737
2009-09-07,0,1.951387,1.49861697928134
2009-09-08,0,2.27679,1.14375929801896
2009-09-09,0,2.516431,0.889729953336697
2009-09-10,0,2.670638,0.707678758324558
2009-09-11,0.13,2.524838,0.581497331680278
2009-09-12,0,2.304254,0.49106548250857
2009-09-13,0,2.255469,0.42101549242656
2009-09-14,0.23,1.891005,0.378220267700979
2009-09-15,1.65,1.85738,0.404285594485089
2009-09-16,0,2.043344,0.418149817653841
2009-09-17,0,2.336488,0.366751205154583
2009-09-18,0,2.48835,0.329386987653963
2009-09-19,0,2.431557,0.30204716325234
2009-09-20,0.65,2.425047,0.304049095474724
2009-09-21,0.23,2.541699,0.314378209999579
2009-09-22,0,2.51324,0.297993194656175
2009-09-23,0,2.130404,0.277272915130978
2009-09-24,0,2.048132,0.261843522393849
2009-09-25,0,2.136672,0.250197075494661
2009-09-26,0,1.807652,0.241257149145934
2009-09-27,0,1.744725,0.234255332944447
2009-09-28,0,1.806492,0.228643076972101
2009-09-29,0,1.737427,0.224028767509963
2009-09-30,0,1.9004,0.220132811912644
2009-10-01,0.05,2.088927,0.218438475121255
2009-10-02,0,1.704401,0.216769115092582
2009-10-03,0,1.398388,0.213193528155564
2009-10-04,0,1.361371,0.210062373965389
2009-10-05,0.79,1.736741,0.233754001385123
2009-10-06,16.58,1.611057,0.812941683139692
2009-10-07,3.44,2.17422,1.35735976897302
2009-10-08,4.29,2.514847,1.30011244080658
2009-10-09,7.33,2.106764,1.39440151615127
2009-10-10,0.03,1.651734,1.32604996009536
2009-10-11,10.96,1.763238,1.38427308810512
2009-10-12,11.68,1.523339,1.85359790052685
2009-10-13,3.97,1.425926,1.95570505263021
2009-10-14,0.55,1.263709,1.62915126581185
2009-10-15,0,0.9227384,1.25110682724377
2009-10-16,0,0.8372267,0.960405867189277
2009-10-17,0.47,1.013969,0.768343590555384
2009-10-18,2.54,1.11932,0.718941463086018
2009-10-19,0,0.9196151,0.672555417329452
2009-10-20,0,0.8473702,0.545661288887736
2009-10-21,0,1.016953,0.45443522861048
2009-10-22,0.1,1.374926,0.392095991020941
2009-10-23,0.44,1.216016,0.36227020808587
2009-10-24,0,1.176927,0.337858913845323
2009-10-25,4.47,1.266465,0.456697622215115
2009-10-26,0.56,1.360998,0.57191774954852
2009-10-27,0.05,1.25101,0.493175421307122
2009-10-28,0,1.286191,0.416001430069717
2009-10-29,0,1.015541,0.358472411455818
2009-10-30,0,1.051226,0.316799124558447
2009-10-31,0,1.129001,0.286449632719541
2009-11-01,0,1.032294,0.26418899678916
2009-11-02,20.83,1.156498,0.964893789805845
2009-11-03,6.45,1.144117,1.74277112089408
2009-11-04,12.17,1.024777,1.97058076571254
2009-11-05,10.72,1.058499,2.30148931083385
2009-11-06,3.44,1.012393,2.23431170257102
2009-11-07,1.53,1.027264,1.84829841043934
2009-11-08,9.83,0.9694805,1.79295077588129
2009-11-09,0,0.9081361,1.72231303411823
2009-11-10,0.68,0.9466661,1.32582954879203
2009-11-11,0.4,0.9018559,1.05798888723002
2009-11-12,0,0.802691,0.84165939559307
2009-11-13,0.44,0.8808149,0.686956997900626
2009-11-14,0.28,1.266484,0.586837549926109
2009-11-15,3.53,1.267145,0.622773896821732
2009-11-16,2.45,1.136858,0.732843434918094
2009-11-17,13.31,1.21371,1.15517178180926
2009-11-18,11.27,1.138559,1.80067039048598
2009-11-19,0,1.074777,1.78902317815811
2009-11-20,0,0.9915159,1.3520442463093
2009-11-21,0,0.9228478,1.03938721713105
2009-11-22,0.21,1.127094,0.822917769402965
2009-11-23,4.53,1.124333,0.829012177286757
2009-11-24,24.24,1.063332,1.70785621833146
2009-11-25,7.41,1.147095,2.49707733594671
2009-11-26,8.44,1.082727,2.4546629820555
2009-11-27,7.14,0.9823672,2.42081377841425
2009-11-28,10.81,0.9250795,2.48370705378505
2009-11-29,18.35,0.9301861,2.95640868083982
2009-11-30,5.78,0.966407,3.13698191532058
2009-12-01,0.33,0.810569,2.57190031917607
2009-12-02,2.78,0.7297961,2.04327149857996
2009-12-03,5.76,0.7424351,1.87303661393742
2009-12-04,20.28,0.8859177,2.4149108949863
2009-12-05,0,0.6863083,2.63170071229487
2009-12-06,10.46,0.767214,2.36801051509046
2009-12-07,13.32,0.979632,2.71193700160175
2009-12-08,2.62,0.802062,2.67485063107049
2009-12-09,8.31,0.8043016,2.43258132756163
2009-12-10,1.23,0.7992892,2.2238847396305
2009-12-11,6.79,0.9395251,1.99884100398298
2009-12-12,1.91,0.8305926,1.87998011337116
2009-12-13,0.1,0.6603587,1.52754353320676
2009-12-14,0.29,0.5729269,1.20859344756868
2009-12-15,0,0.4644361,0.976696241374194
2009-12-16,0,0.4829431,0.798370581560487
2009-12-17,0,0.4667883,0.670080231380029
2009-12-18,0,0.4009569,0.577514821154127
2009-12-19,0,0.4173667,0.510459564351983
2009-12-20,0.49,0.2637233,0.480225390646872
2009-12-21,6.53,0.3118097,0.707778613523762
2009-12-22,5.62,0.4667029,1.08317109085002
2009-12-23,15.94,0.6197243,1.71393112397601
2009-12-24,0,0.5673743,1.98133894335519
2009-12-25,6.54,0.5962517,1.76792858821321
2009-12-26,7.98,0.6521371,1.94284442095875
2009-12-27,0,0.5833494,1.82104851509437
2009-12-28,8.93,0.5283053,1.74973187971114
2009-12-29,0.2,0.596746,1.73244576824805
2009-12-30,13.94,0.6006402,1.89348220195678
2009-12-31,4.82,0.9727193,2.22990547922832
