"Date","P","E","MIV_Q_sim"
2004-09-02,0,2.113637,0
2004-09-03,0,2.284305,0
2004-09-04,0,2.757288,0
2004-09-05,0,2.852728,0
2004-09-06,0,2.882288,0
2004-09-07,0,2.759263,0
2004-09-08,0,2.680601,0
2004-09-09,0,2.677378,0
2004-09-10,0,2.387042,0
2004-09-11,0,2.376496,0
2004-09-12,2.56,2.716567,0.00583258872069716
2004-09-13,0.4,2.149183,0.00808333560287661
2004-09-14,0,2.107571,0.00742392364488539
2004-09-15,1.41,1.976001,0.020341498184349
2004-09-16,0.28,1.704098,0.0209676982066507
2004-09-17,0,1.448402,0.0180650479268904
2004-09-18,0,1.587894,0.0157558993465495
2004-09-19,0,1.871197,0.0138860100862
2004-09-20,2.26,1.978648,0.0444128117566349
2004-09-21,0,1.634728,0.0354118041778736
2004-09-22,1.32,1.840719,0.0525880747271942
2004-09-23,1.79,1.640583,0.0799369803771318
2004-09-24,14.07,1.869767,0.644721218781623
2004-09-25,0.45,1.48158,0.311550868422415
2004-09-26,0.67,1.552072,0.197548620762896
2004-09-27,0.19,1.701439,0.12820725392894
2004-09-28,0.17,1.707937,0.0912910117684294
2004-09-29,0.22,1.918793,0.0708300545043864
2004-09-30,0.24,1.802173,0.0581512960159297
2004-10-01,0,1.592697,0.0447642529648583
2004-10-02,1.83,1.870887,0.0740982856520476
2004-10-03,0,1.646764,0.0550599769248616
2004-10-04,0,1.448458,0.0427023256245382
2004-10-05,0,1.877995,0.0342109804762245
2004-10-06,0.18,2.073062,0.0309002521281302
2004-10-07,6.15,1.500013,0.189354629998768
2004-10-08,0,1.218998,0.118298750791963
2004-10-09,0.46,1.205347,0.0935010809064547
2004-10-10,1.81,1.369293,0.115855693801656
2004-10-11,0,1.256048,0.0798619122471158
2004-10-12,0.03,1.158983,0.0593204843549358
2004-10-13,0.09,1.209478,0.0473123541369385
2004-10-14,0,1.27022,0.0374278824941393
2004-10-15,12.23,1.358412,0.480387135848697
2004-10-16,6.52,1.145263,0.549279179703007
2004-10-17,7.73,1.05341,0.650963886599931
2004-10-18,8.21,1.068011,0.726774739010242
2004-10-19,3.43,1.118989,0.48852010592263
2004-10-20,0,1.071919,0.240253150181773
2004-10-21,26.45,1.69434,1.74195356125679
2004-10-22,6.71,1.454203,0.979211053045468
2004-10-23,0,1.153814,0.387613955493503
2004-10-24,0,1.585888,0.20332912376654
2004-10-25,1.91,1.457917,0.197447506533721
2004-10-26,0.13,1.476742,0.126682090694553
2004-10-27,0,1.06086,0.0858852499889448
2004-10-28,1.34,1.060081,0.10016441279598
2004-10-29,11.48,1.32757,0.605531554856269
2004-10-30,9.61,1.257509,0.837029975215082
2004-10-31,1.02,1.106807,0.402900178403245
2004-11-01,0,1.089128,0.209138074958643
2004-11-02,0.51,1.114508,0.146526735577222
2004-11-03,2.28,1.132146,0.179836816885344
2004-11-04,0.87,1.165112,0.144801212639154
2004-11-05,7.84,1.214399,0.456608108210236
2004-11-06,0,0.9872853,0.228920860222894
2004-11-07,5.06,0.9161867,0.371060653641861
2004-11-08,0.3,0.8776983,0.210034402654123
2004-11-09,2.13,0.7714481,0.214963711226963
2004-11-10,0,0.6820809,0.130562924847989
2004-11-11,7.52,0.6343335,0.432308038018927
2004-11-12,0.06,0.6871911,0.222819092483853
2004-11-13,0.32,0.7144714,0.146445394111863
2004-11-14,0.25,0.7467596,0.104813948757414
2004-11-15,0.03,0.6498458,0.0744264367960221
2004-11-16,0,0.5261134,0.0552663168859411
2004-11-17,0.13,0.7804892,0.0457580147601095
2004-11-18,1.38,0.9692749,0.0698193739608293
2004-11-19,8.88,0.9393669,0.442632639240913
2004-11-20,5.37,0.6592451,0.515904577987705
2004-11-21,0,0.4911742,0.249749812329043
2004-11-22,1.16,0.5215181,0.195233976018884
2004-11-23,1.51,0.9227881,0.181584180602909
2004-11-24,3.09,0.943699,0.246008502628944
2004-11-25,0,0.5339188,0.144816679422719
2004-11-26,0,0.4981881,0.0956663092694101
2004-11-27,0.03,0.6245914,0.0690660385098015
2004-11-28,4.11,0.839671,0.198873550716109
2004-11-29,0.04,0.8040129,0.124404883274485
2004-11-30,0,0.7893474,0.0846303238346557
2004-12-01,0,0.6858214,0.0615823880430972
2004-12-02,4.03,0.6522361,0.187113844142686
2004-12-03,0.91,0.6546811,0.152439088096682
2004-12-04,0.34,0.6343503,0.111561168572323
2004-12-05,0,0.4875218,0.0774311694845696
2004-12-06,0,0.4631441,0.0571461029121884
2004-12-07,0,0.6280405,0.0440963215697672
2004-12-08,0,0.6087703,0.0351902722456056
2004-12-09,0,0.6529787,0.028828484634834
2004-12-10,0,0.5383515,0.0241165533283295
2004-12-11,0,0.422851,0.0205225156117648
2004-12-12,0,0.3872977,0.0177137233134594
2004-12-13,0,0.3944114,0.0154733569114693
2004-12-14,0,0.3857142,0.0136550787663321
2004-12-15,0,0.363615,0.0121571421515718
2004-12-16,0,0.3932182,0.0109069680553302
2004-12-17,4.62,0.4902821,0.122751595306671
2004-12-18,17.88,0.6691674,1.1757237739185
2004-12-19,2.04,0.611173,0.565344357179933
2004-12-20,5.29,0.5502534,0.581968826140703
2004-12-21,0,0.3892653,0.271874391523508
2004-12-22,0.12,0.3102131,0.16138824255382
2004-12-23,1.32,0.4280471,0.156391205825474
2004-12-24,3.09,0.6583146,0.235721403393198
2004-12-25,5.01,0.8281793,0.398131643531369
2004-12-26,7.73,0.6941871,0.677174090106658
2004-12-27,0,0.5527822,0.302048384783055
2004-12-28,0,0.4746404,0.169107635138912
2004-12-29,5.72,0.4642913,0.397377019332346
2004-12-30,4.41,0.5442014,0.458741439300957
2004-12-31,0.03,0.5549419,0.231218103020834
2005-01-01,1.26,0.6894726,0.194863565580765
2005-01-02,2.69,0.8096346,0.245964603199377
2005-01-03,1.61,0.6931758,0.220189026976297
2005-01-04,0.55,0.6132231,0.156611364468725
2005-01-05,0.03,0.6386116,0.102952443953468
2005-01-06,3.78,0.6912808,0.233445278135215
2005-01-07,1.83,0.7893056,0.225156810840123
2005-01-08,0.06,0.9149299,0.137842200673002
2005-01-09,1.97,0.8233667,0.173240132801437
2005-01-10,0.07,0.7597027,0.113031592586446
2005-01-11,1.94,0.9431185,0.153934571352392
2005-01-12,1.97,0.8727531,0.184554750598582
2005-01-13,4.68,0.8354181,0.354961427073235
2005-01-14,0.04,0.6119324,0.192576558578396
2005-01-15,0,0.4819481,0.119869196484607
2005-01-16,0,0.4505649,0.0821119236227627
2005-01-17,0,0.3954557,0.0600410333004801
2005-01-18,5.88,0.5186266,0.303210194051146
2005-01-19,17.98,0.7058651,1.49556987944253
2005-01-20,0.63,0.6284215,0.55435861497737
2005-01-21,11.24,0.902652,1.08452804337613
2005-01-22,5.7,0.7698514,0.835648850506831
2005-01-23,0.09,0.6219703,0.354292080732533
2005-01-24,0.58,0.5759695,0.220799279772253
2005-01-25,0.8,0.4979846,0.17062532524475
2005-01-26,0,0.439901,0.10900014206964
2005-01-27,0,0.4464809,0.0759698496270719
2005-01-28,0,0.4250468,0.0562340303821106
2005-01-29,0,0.5114991,0.0434881622909857
2005-01-30,0.09,0.4399706,0.0369113383648176
2005-01-31,0.78,0.4875022,0.0495786848461876
2005-02-01,1.74,0.6468565,0.0943226973248995
2005-02-02,1.62,0.7295738,0.129886766641591
2005-02-03,1.58,0.7273596,0.154549940715611
2005-02-04,1.55,0.7654879,0.169716158457247
2005-02-05,0,0.6740511,0.108541080148041
2005-02-06,0,0.5420755,0.0757069619768973
2005-02-07,0.03,0.5622185,0.0569752733214923
2005-02-08,0,0.5549156,0.0439825676543766
2005-02-09,0,0.5920999,0.0351105763292014
2005-02-10,0.04,0.6052468,0.0296312984290366
2005-02-11,11.21,0.782225,0.634266778553758
2005-02-12,7.9,1.006207,0.868347013940394
2005-02-13,10.86,1.13618,1.2291503572643
2005-02-14,8.73,0.6962438,1.1668926197862
2005-02-15,8.43,0.692138,1.12839221329354
2005-02-16,0.33,0.6141471,0.449165082136616
2005-02-17,0.11,0.5508775,0.232603706780901
2005-02-18,0,0.5539304,0.138738964051826
2005-02-19,0.44,0.5415132,0.110794301590514
2005-02-20,4.57,0.6248027,0.317093885682741
2005-02-21,1.55,0.6320815,0.26388399625206
2005-02-22,0.58,0.5840309,0.182777245031766
2005-02-23,0.6,0.5496272,0.142994479810311
2005-02-24,0,0.4561931,0.0946998141729362
2005-02-25,0.32,0.4425995,0.0792497615748047
2005-02-26,0,0.4348168,0.058275602406119
2005-02-27,0.6,0.4946571,0.0636145938609081
2005-02-28,0.36,0.5022481,0.0596195156349192
2005-03-01,0,0.3873481,0.0457355544219336
2005-03-05,0.23,0.5887297,0.0424810993999072
2005-03-06,4.94,0.6015626,0.255664373761798
2005-03-07,0.49,0.5458912,0.174272600123174
2005-03-08,0.94,0.6820855,0.155332647633408
2005-03-09,1.4,0.839284,0.167526904262788
2005-03-10,1.3,0.8456676,0.169997199256143
2005-03-11,0.43,0.8152473,0.128151709717884
2005-03-12,0.34,0.838068,0.100588293218623
2005-03-13,4.26,0.8197186,0.290769721360791
2005-03-14,0.09,0.8383325,0.169060746376764
2005-03-15,0,0.9326511,0.108209686700374
2005-03-16,0,0.9829395,0.0755170046239956
2005-03-17,0,1.411184,0.0559505707324815
2005-03-18,0,1.589331,0.0432987425593088
2005-03-19,0,1.507555,0.0346306791089166
2005-03-20,0,1.502384,0.0284199830598903
2005-03-21,0,1.472723,0.0238086662791988
2005-03-22,0,1.40291,0.0202842893149757
2005-03-23,1.43,1.498569,0.0522365220792581
2005-03-24,0,1.70044,0.0407983648231562
2005-03-25,2.74,1.542112,0.133216772932185
2005-03-26,0,1.616185,0.0894523930104808
2005-03-27,0.41,1.450103,0.0792966461854539
2005-03-28,0.13,1.625386,0.0626254250795648
2005-03-29,2.35,1.619739,0.14070584114113
2005-03-30,0.8,1.605759,0.128544068287938
2005-03-31,5.6,1.557586,0.409527660703888
2005-04-01,0,1.604459,0.211630940631536
2005-04-02,0,1.462536,0.128994223266119
2005-04-03,0,1.440072,0.0871530921414354
2005-04-04,0,1.586499,0.0631154276519896
2005-04-05,0,1.552986,0.0480282710244455
2005-04-06,2.32,1.541074,0.122996894879438
2005-04-07,6.78,1.396284,0.492232470753296
2005-04-08,3.63,1.530486,0.491061659626875
2005-04-09,6.71,1.224065,0.741793041004749
2005-04-10,0.52,1.093089,0.357026159393905
2005-04-11,0.39,1.224756,0.21369450190595
2005-04-12,0,1.451623,0.129966446942245
2005-04-13,0,1.538495,0.0876843256837039
2005-04-14,0,1.675045,0.0634368733385017
2005-04-15,0,1.745112,0.0482377027068361
2005-04-16,4.33,1.592329,0.233414607107948
2005-04-17,1.58,1.512652,0.225258566007312
2005-04-18,0.2,1.785537,0.14524050918535
2005-04-19,0.17,1.748204,0.103140870756211
2005-04-20,5.69,1.599067,0.396392366276869
2005-04-21,0.44,1.423264,0.232633894757407
2005-04-22,0,1.379885,0.138752778986911
2005-04-23,0,1.460161,0.0924362873526537
2005-04-24,2.18,1.509001,0.163506124861587
2005-04-25,0.33,1.940844,0.120302457657332
2005-04-26,7.72,1.824589,0.57389121032477
2005-04-27,8.3,1.884232,0.933491843105662
2005-04-28,0.76,1.886999,0.431190083874989
2005-04-29,0,1.817897,0.21967517115187
2005-04-30,1.08,2.491382,0.189987164988238
2005-05-01,0,2.654647,0.118607714955753
2005-05-02,0,2.979977,0.0814069376009471
2005-05-03,0.07,2.734749,0.0620153885783401
2005-05-04,5.47,2.253556,0.332940683545979
2005-05-05,4.04,1.959461,0.451851478858916
2005-05-06,0.18,1.966407,0.23820889681067
2005-05-07,1.99,1.840794,0.255103323957374
2005-05-08,11.17,1.538772,1.02057190343624
2005-05-09,0.32,1.431704,0.422252040859862
2005-05-10,0,1.499452,0.216375008456117
2005-05-11,0.08,1.527832,0.135207206077878
2005-05-12,0,1.616271,0.0905291725139045
2005-05-13,0.1,1.963023,0.0688073986676023
2005-05-14,0,2.134367,0.0517036943077085
2005-05-15,16.04,2.091104,1.25197259988382
2005-05-16,0.86,2.068168,0.523584484131945
2005-05-17,0,2.115844,0.252377323538449
2005-05-18,0,1.993742,0.147665594661597
2005-05-19,0.03,1.84385,0.0984904695184289
2005-05-20,0,2.129164,0.0698763959570218
2005-05-21,10.91,2.984589,0.805679718036021
2005-05-22,0,2.696783,0.340113476146143
2005-05-23,0,2.48452,0.184713243668592
2005-05-24,0.2,2.461813,0.125703060567185
2005-05-25,0,2.439509,0.085346489451024
2005-05-26,0,3.291149,0.0620186940472371
2005-05-27,0,3.752751,0.0473119832697585
2005-05-28,0.05,4.226289,0.0388191334605215
2005-05-29,0.05,4.319947,0.0327198631913936
2005-05-30,12.94,4.156369,0.904352791564392
2005-05-31,1.46,2.537844,0.478601714745292
2005-06-01,0.23,2.296298,0.251379623893925
2005-06-02,0,2.706445,0.147220903398226
2005-06-03,0,3.043817,0.0969361905163064
2005-06-04,3.33,3.260307,0.239868146331174
2005-06-05,1.08,2.522418,0.201956170380157
2005-06-06,0,2.289379,0.124395026567484
2005-06-07,2.65,2.518276,0.222197159604534
2005-06-08,0,2.14433,0.133940979133593
2005-06-09,0,2.289801,0.0898446901940231
2005-06-10,0,2.503968,0.0647392524300044
2005-06-11,0,2.648957,0.049083914803467
2005-06-12,0,2.54047,0.0386480141026686
2005-06-13,0,2.333608,0.0313288124686547
2005-06-14,0,2.605817,0.0259866296551107
2005-06-15,0,2.823523,0.0219603362609086
2005-06-16,0,3.095813,0.0188448631642614
2005-06-17,0,3.523176,0.0163806309887772
2005-06-18,0.03,3.933271,0.0148837769925578
2005-06-19,0.03,4.415076,0.0136351841005112
2005-06-20,0,4.288468,0.0121406362121693
2005-06-21,0,4.673518,0.0108931069288391
2005-06-22,0.04,4.772464,0.010360069145068
2005-06-23,0,4.534642,0.00938633304558742
2005-06-24,0,4.682284,0.00855219888460039
2005-06-25,0.03,5.340871,0.00816865188421673
2005-06-26,1.11,4.299456,0.0254104334825478
2005-06-27,0,4.406134,0.02151897338175
2005-06-28,0,4.518274,0.0184987271601793
2005-06-29,0,4.98642,0.0161037385428313
2005-06-30,2.01,4.218043,0.0646681550471038
2005-07-01,2.51,3.436428,0.151119379049645
2005-07-02,2.69,3.093486,0.237044439625667
2005-07-03,2.75,3.373674,0.297975016373318
2005-07-04,0,4.070348,0.167397604637133
2005-07-05,4.95,3.306112,0.398315382391287
2005-07-06,0.16,2.719457,0.216553279612602
2005-07-07,11.16,2.822993,0.952004618326643
2005-07-08,8.05,2.484864,1.05009130435066
2005-07-09,8.76,2.743725,1.15621568900736
2005-07-10,0,3.170881,0.432385079993829
2005-07-11,2,3.857578,0.349634602679319
2005-07-12,0,4.588746,0.188517029881455
2005-07-13,0,4.193992,0.117889128475623
2005-07-14,0,4.556277,0.0810044491599148
2005-07-15,0,4.689089,0.0593596727061006
2005-07-16,0,4.450485,0.0455640233618235
2005-07-17,0,4.211437,0.0362151414841016
2005-07-18,0,4.029562,0.029573806819766
2005-07-19,3.24,3.882426,0.141315174660113
2005-07-20,1.48,3.19517,0.163053416245971
2005-07-21,6.02,2.886899,0.476184270680249
2005-07-22,0,2.960662,0.235907558800838
2005-07-23,0.11,3.049948,0.145679504988248
2005-07-24,0,3.209504,0.0961227350857279
2005-07-25,8.18,3.193089,0.572715084579323
2005-07-26,3.12,3.480394,0.487048768182634
2005-07-27,0.16,3.439533,0.249474831788859
2005-07-28,1.46,4.334658,0.226281472695604
2005-07-29,3.98,4.477613,0.376429952966082
2005-07-30,16.48,3.663631,1.60562471522381
2005-07-31,2.37,3.064103,0.72954738662342
2005-08-01,3.14,2.728464,0.551328009723313
2005-08-02,0,3.112624,0.261744661959969
2005-08-03,0,3.147316,0.151812389490851
2005-08-04,0.35,2.867621,0.114928243335135
2005-08-05,0,2.868614,0.0793390229498994
2005-08-06,5.47,2.5858,0.355508656057404
2005-08-07,0,2.442183,0.190845057103091
2005-08-08,3.93,2.238373,0.353092965655876
2005-08-09,0.38,2.33656,0.211776922940893
2005-08-10,0,2.587624,0.129063100696256
2005-08-11,0,2.605904,0.0871907639063749
2005-08-12,2.64,2.491075,0.18456245655668
2005-08-13,0,2.714198,0.115947505515251
2005-08-14,0,2.682147,0.079913614073755
2005-08-15,13.68,2.459687,1.05064794920887
2005-08-16,3.24,2.452757,0.663983679689185
2005-08-17,0,3.099506,0.29797679692568
2005-08-18,0,3.126107,0.167398353905406
2005-08-19,0,3.283715,0.107367402411968
2005-08-20,0.68,2.803069,0.103028352545655
2005-08-21,0,2.626738,0.0725269792999328
2005-08-22,0,2.588151,0.0540690384184459
2005-08-23,0,2.943487,0.0420363947857988
2005-08-24,0.97,2.549504,0.0631658800497887
2005-08-25,0.03,2.660715,0.0489822187760503
2005-08-26,4.24,2.348806,0.232124966828357
2005-08-27,0,2.122388,0.138519799391518
2005-08-28,0,2.173436,0.0923113964012182
2005-08-29,0,2.540396,0.066216966820649
2005-08-30,0,2.784911,0.0500395881344124
2005-08-31,0,3.151083,0.0393026590063981
2005-09-01,0,3.454235,0.0317977184389015
2005-09-02,0,2.969024,0.0263346515173407
2005-09-03,0,3.078266,0.0222262212756279
2005-09-04,0.03,2.997457,0.0196116858352156
2005-09-05,0.03,3.13647,0.0175151406009105
2005-09-06,0.06,3.023247,0.0163078853049987
2005-09-07,4.47,3.103573,0.176388891263005
2005-09-08,0,3.144351,0.111893352054487
2005-09-09,0,3.193396,0.0776200626466028
2005-09-10,8.96,2.936333,0.609776220838375
2005-09-11,3.53,2.710608,0.533736540164604
2005-09-12,0.99,2.545185,0.31971924022157
2005-09-13,2.24,2.49724,0.31228419494139
2005-09-14,0,2.562524,0.173369383931453
2005-09-15,0.03,2.23683,0.111721717420519
2005-09-16,0.91,2.673458,0.115558043595507
2005-09-17,8.84,2.069236,0.65662038816828
2005-09-18,0,1.635706,0.29568939180711
2005-09-19,0,1.576464,0.166434505485437
2005-09-20,0,1.598641,0.106877901904482
2005-09-21,0,1.659914,0.0747520779578635
2005-09-22,0,1.688629,0.055470872911502
2005-09-23,0,1.763874,0.042977739354803
2005-09-24,0,1.836622,0.0344049222628188
2005-09-25,0,1.970443,0.0282548682846107
2005-09-26,0.1,2.072422,0.0258172586761233
2005-09-27,0,2.098127,0.021830749226021
2005-09-28,0.38,2.107799,0.026403921035138
2005-09-29,2.12,1.840451,0.0865245966158797
2005-09-30,2.11,1.626438,0.153682675527689
2005-10-01,1.19,1.46649,0.156459132170111
2005-10-02,6.97,1.711256,0.546978553757636
2005-10-03,2.11,1.495578,0.403214018477738
2005-10-04,0,1.52791,0.20925646779779
2005-10-05,0,1.784045,0.12787175551126
2005-10-06,0,2.027596,0.0865383843521703
2005-10-07,0,2.041108,0.0627428791164247
2005-10-08,0,2.00324,0.0477852572298732
2005-10-09,0,1.791158,0.0377544349650807
2005-10-10,0,1.651373,0.0306865030677226
2005-10-11,0,1.661337,0.0255085494597224
2005-10-12,0,1.590911,0.0215942321305397
2005-10-13,0,1.62495,0.0185578156527669
2005-10-14,0,1.50876,0.0161510522414116
2005-10-15,0,1.456775,0.014208181762168
2005-10-16,0,1.358171,0.012615007526819
2005-10-17,0,1.379401,0.0112907146445979
2005-10-18,0,1.207543,0.0101767632648272
2005-10-19,0.07,1.184507,0.0101014361390944
2005-10-20,5.79,1.236701,0.229898850649083
2005-10-21,2.08,1.521519,0.252777348474608
2005-10-22,19.97,1.701719,1.87261756277157
2005-10-23,4.47,1.730524,0.978643181524465
2005-10-24,0.92,1.514964,0.455945079001905
2005-10-25,0,1.368209,0.228682227764413
2005-10-26,0.84,1.68172,0.181378162080506
2005-10-27,0,1.751443,0.11437474221117
2005-10-28,0.03,1.709431,0.0802050918209267
2005-10-29,0,1.723678,0.0588665106058855
2005-10-30,0,1.571635,0.0452380364739914
2005-10-31,0,1.531022,0.0359880523570392
2005-11-01,0.43,1.626909,0.040601190890067
2005-11-02,16.79,1.390835,1.28180955944854
2005-11-03,9.61,1.239053,1.33816199340763
2005-11-04,0.04,1.5933,0.478442117756552
2005-11-05,4.76,1.381366,0.59235182702185
2005-11-06,2.16,1.086596,0.431026517108559
2005-11-07,0,1.118102,0.219615012209689
2005-11-08,1.96,1.00812,0.246009947712793
2005-11-09,0,1.213065,0.144817328612976
2005-11-10,0.44,0.9936017,0.115869359810009
2005-11-11,0,1.051076,0.0798696086641665
2005-11-12,0.69,1.050091,0.0851632193798779
2005-11-13,0.35,0.9528222,0.075086100571931
2005-11-14,0.78,1.148047,0.0853195305512407
2005-11-15,0,0.9672437,0.0620022859859452
2005-11-16,5.97,0.8645967,0.383437854540015
2005-11-17,2.47,0.8156803,0.368280100817031
2005-11-18,0.13,0.7428913,0.203642787190338
2005-11-19,0,0.721917,0.125201762418074
2005-11-20,0,0.584867,0.0850701794477983
2005-11-21,0,0.5666367,0.0618504636659894
2005-11-22,0.13,0.7606092,0.0514037784904606
2005-11-23,0,0.5914326,0.0402329135393168
2005-11-24,0.03,0.6131673,0.0332490888981568
2005-11-25,2.51,0.6668969,0.120282098448491
2005-11-26,0.2,0.568899,0.0908053134378278
2005-11-27,2.1,0.5638723,0.163724391691361
2005-11-28,1.01,0.5914569,0.156602893318268
2005-11-29,3.98,0.6221925,0.34318721224463
2005-11-30,0.06,0.6370068,0.189476886378443
2005-12-01,0,0.5939674,0.118358492341941
2005-12-02,0,0.5795554,0.0812674196694455
2005-12-03,10.96,0.6093981,0.854124298320922
2005-12-04,10.68,0.835227,1.34495606062984
2005-12-05,20.54,0.8852936,2.6700234480917
2005-12-06,0.86,0.780482,0.811595442106143
2005-12-07,0.42,0.7203354,0.374155996462432
2005-12-08,0.22,0.7266342,0.212141258355775
2005-12-09,5.11,0.6792817,0.493972375719762
2005-12-10,0,0.641126,0.242160215836944
2005-12-11,0,0.5554378,0.143083342933492
2005-12-12,0,0.4978358,0.0947470285889129
2005-12-13,0.04,0.6092603,0.0692706312025304
2005-12-14,0.06,0.6748322,0.0541266101039782
2005-12-15,0.58,0.6955155,0.0623723725080053
2005-12-16,0.39,0.6871021,0.0615260495255903
2005-12-17,6.98,0.7945831,0.496502361488282
2005-12-18,4.19,0.5647568,0.579794019157462
2005-12-19,0,0.5699394,0.271162580286461
2005-12-20,2.13,0.5453842,0.2973675163329
2005-12-21,0,0.5635263,0.167141873221412
2005-12-22,0,0.5792199,0.107237228572803
2005-12-23,0.09,0.5903021,0.0788128562677297
2005-12-24,0,0.6611409,0.0580048042478432
2005-12-25,0,0.7195387,0.0446670621591424
2005-12-26,0.06,0.689492,0.0373678745034955
2005-12-27,3.57,0.5497398,0.198444134197949
2005-12-28,1.71,0.4394627,0.225930741416669
2005-12-29,0.69,0.4475311,0.175849093321442
2005-12-30,0.27,0.3878605,0.12569908409428
2005-12-31,9.99,0.4179907,0.885850996675186
2006-01-01,1.66,0.6755196,0.501969561480179
2006-01-02,3.85,0.6891219,0.558858527488149
2006-01-03,0,0.7122377,0.264254682007485
2006-01-04,0,0.5916529,0.152914982495417
2006-01-05,0,0.5178823,0.0999201179134172
2006-01-06,0.59,0.5177258,0.0974550742670541
2006-01-07,0,0.4401883,0.0692673134039085
2006-01-08,0,0.4579959,0.0519976841963506
2006-01-09,0,0.5305783,0.0406363731953176
2006-01-10,0,0.4316201,0.0327487700973094
2006-01-11,0,0.4481434,0.0270379910680252
2006-01-12,3.3,0.4999456,0.166618591516183
2006-01-13,0.57,0.6123654,0.137516066431721
2006-01-14,0,0.541813,0.091772654928553
2006-01-15,0,0.4790324,0.0658950651799265
2006-01-16,0,0.391807,0.0498318064732583
2006-01-17,0.57,0.463781,0.0591262686396487
2006-01-18,18.58,0.7064641,1.76537766628951
2006-01-19,0.82,0.716875,0.644063077049926
2006-01-20,0,0.6305717,0.29176396559556
2006-01-21,2.95,0.8116945,0.381340527806353
2006-01-22,1.28,0.7315867,0.292871384000098
2006-01-23,0,0.6536101,0.165243494702972
2006-01-24,0,0.4829788,0.106271862238257
2006-01-25,0,0.4536762,0.0744031714884317
2006-01-26,0.42,0.4885271,0.0723877853990715
2006-01-27,0.11,0.5368626,0.0582059861888429
2006-01-28,0,0.4089335,0.0448005244069568
2006-01-29,0.1,0.5597329,0.0388069882716936
2006-01-30,0,0.7826701,0.0314428096359943
2006-01-31,0,0.6719809,0.0260713148754178
2006-02-01,0,0.6150579,0.022025082964552
2006-02-02,0,0.5432889,0.0188955606523825
2006-02-03,0.03,0.4630497,0.0170281494406766
2006-02-04,0,0.4412431,0.0149200189857439
2006-02-05,0,0.650513,0.0132014132603572
2006-02-06,0.5,0.6916068,0.0217651099305568
2006-02-07,0.03,0.7817963,0.019343273451212
2006-02-08,0.45,0.7870484,0.027282349820279
2006-02-09,2.95,0.7915451,0.149729777613404
2006-02-10,3.55,0.6819946,0.334149357162727
2006-02-11,0.36,0.7195751,0.206093162896157
2006-02-12,0,0.7037867,0.126370056216205
2006-02-13,2.59,0.6666952,0.241987153243322
2006-02-14,0.07,0.6449706,0.147137858909778
2006-02-15,0.27,0.7748904,0.110724737841384
2006-02-16,22.04,0.9732111,2.35695783011343
2006-02-17,8.62,1.034805,1.64836780706579
2006-02-18,1.93,0.9502857,0.734452352616626
2006-02-19,12.73,0.9093604,1.69721748118703
2006-02-20,1.49,0.9871904,0.7021635711985
2006-02-21,1.27,0.9610401,0.418743725111063
2006-02-22,0.92,0.8301464,0.284826187013322
2006-02-23,0.03,0.7976961,0.163761988251525
2006-02-24,0,0.7065107,0.105516183359058
2006-02-25,0,0.7650482,0.0739673910573154
2006-02-26,0,0.7348837,0.0549776127723381
2006-02-27,0,0.5994329,0.0426470685788657
2006-02-28,0.4,0.594277,0.047894402830669
2006-03-01,3.36,0.7213423,0.222064963028572
2006-03-02,0.39,0.6346496,0.158040425880365
2006-03-03,0.54,0.6573148,0.133155579978983
2006-03-04,8.84,0.6795819,0.858013334141923
2006-03-05,0,0.5950798,0.354867873075623
2006-03-06,0.59,0.5040029,0.233161321573432
2006-03-07,2.9,0.5969318,0.356708324705019
2006-03-08,0.15,0.775813,0.201877096885361
2006-03-09,11.44,0.8606969,1.24473539801211
2006-03-10,7.09,1.154469,1.22947091381174
2006-03-11,2.47,0.9804657,0.699190090264276
2006-03-12,2.76,0.8441187,0.56635981158295
2006-03-13,0.03,0.6025251,0.269152294989703
2006-03-14,0,0.6547178,0.155056212456674
2006-03-15,0,0.7655962,0.101033807857963
2006-03-16,0,0.8944366,0.0713657080110115
2006-03-17,0,0.8028612,0.0533335579342595
2006-03-18,0,0.9173837,0.0415405403103544
2006-03-19,0,0.9993356,0.0333903297516956
2006-03-20,0,1.104287,0.027510563460102
2006-03-21,0.26,1.142912,0.0304803683427066
2006-03-22,2.34,1.023736,0.131234314814311
2006-03-23,0.22,1.014172,0.100012158635168
2006-03-24,0,1.107618,0.0707686153336872
2006-03-25,7.77,1.273506,0.679639252874879
2006-03-26,9.73,1.683638,1.3628488569504
2006-03-27,2.62,1.950993,0.754160481388062
2006-03-28,4.06,1.834449,0.728864558181055
2006-03-29,4.41,1.489434,0.759482591792323
2006-03-30,2.53,1.371952,0.569600095134867
2006-03-31,25.72,1.717335,3.59709397891268
2006-04-01,14.39,1.762839,2.81879210428118
2006-04-02,4.83,1.549207,1.35140752278139
2006-04-03,6.34,1.504987,1.22479725049926
2006-04-04,4.98,1.340376,1.01865970404914
2006-04-05,0,1.231758,0.397884340774109
2006-04-06,0,1.136354,0.207241199142967
2006-04-07,0,1.141842,0.126915900001126
2006-04-08,0,1.253996,0.0860137458080215
2006-04-09,0,1.356024,0.0624244115542931
2006-04-10,0.09,1.452778,0.0513351033703241
2006-04-11,0,1.360654,0.0401862007937625
2006-04-12,0,1.227348,0.0324283909011141
2006-04-13,0.74,1.471256,0.0542263506148228
2006-04-14,1.65,1.417903,0.128163740053507
2006-04-15,2.45,1.73055,0.260423477293542
2006-04-16,3.92,1.78059,0.500253805957574
2006-04-17,17.49,1.836359,2.45733906926468
2006-04-18,0,1.865053,0.694181333970444
2006-04-19,0,1.712098,0.307249991597276
2006-04-20,0,1.5832,0.171279603110769
2006-04-21,0,1.72232,0.109330048217474
2006-04-22,0,2.055787,0.0761585956211621
2006-04-23,0,1.906578,0.0563520614344069
2006-04-24,0,1.664318,0.043566977781168
2006-04-25,0,2.614495,0.0348190882129758
2006-04-26,1,2.489932,0.0693424479949674
2006-04-27,0.52,2.279525,0.0767746369112509
2006-04-28,0,2.066842,0.0567368299541698
2006-04-29,0,1.879394,0.043823672494263
2006-04-30,0,1.488974,0.0349991903579904
2006-05-01,6.57,1.242226,0.533466690120347
2006-05-02,3.03,1.63297,0.551480754874969
2006-05-03,0,2.279322,0.261795709338274
2006-05-04,0,2.74471,0.151834848975222
2006-05-05,0,3.133681,0.0993565973068182
2006-05-06,3.03,2.780145,0.284819712415061
2006-05-07,0.03,2.960251,0.163964129980915
2006-05-08,0,2.775521,0.105619410335112
2006-05-09,12.56,2.514195,1.40273592117552
2006-05-10,0.38,2.528348,0.53006365144517
2006-05-11,0.03,2.437027,0.257134504847285
2006-05-12,0,2.765869,0.149777894131566
2006-05-13,1.85,2.838433,0.228854787353112
2006-05-14,17.67,2.514401,2.28915164669721
2006-05-15,0,2.326371,0.664954163144624
2006-05-16,0,2.655017,0.298277495608108
2006-05-17,5.11,2.925123,0.665209512506245
2006-05-18,1.28,2.969827,0.42143339224133
2006-05-19,0.96,3.010565,0.298585834620031
2006-05-20,2.01,2.310091,0.337869957652434
2006-05-21,20.61,2.148815,2.87102381250542
2006-05-22,2.74,2.531541,1.10791958712984
2006-05-23,6.28,2.563149,1.17788029223939
2006-05-24,2.8,2.043834,0.755512597434234
2006-05-25,2.29,1.911688,0.565364652458355
2006-05-26,8.75,2.128356,1.30608974384294
2006-05-27,14.14,2.629082,2.40637232521956
2006-05-28,2.17,2.9359,0.957993690889968
2006-05-29,1.87,2.826622,0.586660213032386
2006-05-30,10.33,2.018782,1.56496332844833
2006-05-31,3.09,1.813142,0.902939269076947
2006-06-01,1.5,1.825399,0.529497894368973
2006-06-02,2.16,1.812284,0.472698497775914
2006-06-03,0,2.259227,0.234671727650559
2006-06-04,0,2.48771,0.139683996971579
2006-06-05,0,2.742347,0.0929348841518557
2006-06-06,0.29,2.678804,0.0823309345614281
2006-06-07,0,2.430686,0.060175518638758
2006-06-08,0,2.713694,0.0461020637536367
2006-06-09,0,3.084712,0.036589282661561
2006-06-10,0,3.324333,0.0298449958910102
2006-06-11,0,3.659721,0.0248797913871738
2006-06-12,0,3.942612,0.0211112141845131
2006-06-13,0,3.961734,0.0181780947243925
2006-06-14,0,4.422082,0.015846669255
2006-06-15,0.36,4.404413,0.0232568230201736
2006-06-16,6.6,3.662155,0.534069443267211
2006-06-17,0,3.213944,0.255940080834425
2006-06-18,0,3.410493,0.149248786000672
2006-06-19,0,3.942181,0.0980026529971117
2006-06-20,0.54,3.871599,0.0998216105720028
2006-06-21,0,3.72498,0.0706570800317698
2006-06-22,0,3.518181,0.0528834305183575
2006-06-23,0.48,2.880505,0.0623423154804774
2006-06-24,0,3.093686,0.0475236236868802
2006-06-25,0,3.727085,0.0375738469084082
2006-06-26,8.5,3.789807,0.784067711037981
2006-06-27,1.1,3.535503,0.443788627211461
2006-06-28,0,3.477216,0.224283107451784
2006-06-29,0,3.872422,0.134908483200282
2006-06-30,0.22,3.829599,0.103314828437441
2006-07-01,0,4.328485,0.0726932968002834
2006-07-02,0,4.433869,0.0541741551539055
2006-07-03,0,4.329465,0.0421071519713364
2006-07-04,0,4.457209,0.0337910832700739
2006-07-05,0,4.797611,0.0278049983651061
2006-07-06,0.53,4.549896,0.0410878548019569
2006-07-07,0,4.048904,0.0330694413182365
2006-07-08,0.11,3.95075,0.0307789856000037
2006-07-09,0.15,3.992552,0.0302436463781979
2006-07-10,0,3.74398,0.0251779993134144
2006-07-11,0,4.167972,0.0213405183099356
2006-07-12,0,4.747865,0.0183585040370831
2006-07-13,0,4.813864,0.0159913825117795
2006-07-14,39.93,4.265984,5.35268363445124
2006-07-15,0,4.356479,1.09268108997812
2006-07-16,0,4.018706,0.41669159204123
2006-07-17,0,4.285995,0.214308611038078
2006-07-18,0,4.391714,0.130255195448654
2006-07-19,0,4.628929,0.0878418886614805
2006-07-20,0,4.96938,0.0635321226039459
2006-07-21,0,5.001661,0.048299716599295
2006-07-22,0,5.331844,0.0381089782492083
2006-07-23,2.51,4.568414,0.165677257639724
2006-07-24,0.1,4.465701,0.112526361324845
2006-07-25,0,4.750831,0.0779796082219357
2006-07-26,0,5.349794,0.0574873744664471
2006-07-27,0,5.65498,0.0443233610191642
2006-07-28,0.03,4.900592,0.0363963907284127
2006-07-29,0.55,3.810304,0.0497134285038057
2006-07-30,0,3.927917,0.0390795134555486
2006-07-31,0.68,3.800787,0.0577069572971622
2006-08-01,0.81,3.653794,0.0811557174623904
2006-08-02,4.81,3.003323,0.418712555869492
2006-08-03,10.41,2.675501,1.36370394447305
2006-08-04,0.33,2.578596,0.514917011669335
2006-08-05,18.72,2.739754,2.6034524998062
2006-08-06,1.75,3.501988,0.925631953348128
2006-08-07,0.03,3.528031,0.376233637831002
2006-08-08,0,3.567246,0.198949073187324
2006-08-09,0,3.291851,0.122951383888621
2006-08-10,0.62,2.788448,0.119756753509815
2006-08-11,1.96,2.521464,0.212132025262462
2006-08-12,10.29,2.316128,1.21333413340022
2006-08-13,2.22,2.329921,0.684875689758706
2006-08-14,0,2.424958,0.304410527040165
2006-08-15,3.32,2.519591,0.465460138074188
2006-08-16,4.86,2.672488,0.722097233088651
2006-08-17,0.52,2.662792,0.364031082304629
2006-08-18,4.93,3.122262,0.676246205552267
2006-08-19,4.55,3.004925,0.782387908379977
2006-08-20,2.29,2.870884,0.565386475597444
2006-08-21,2.98,2.601081,0.559552995193374
2006-08-22,4.1,2.593484,0.682773231504977
2006-08-23,0,2.549566,0.303766783552069
2006-08-24,0,2.728572,0.169826606752802
2006-08-25,19.03,2.385486,2.43200259569881
2006-08-26,10.92,2.386554,2.16189222901274
2006-08-27,0.5,2.413896,0.700245000970462
2006-08-28,1.12,2.515089,0.41837017797478
2006-08-29,11.05,2.100826,1.52661203434004
2006-08-30,4.72,1.925744,1.09170626926247
2006-08-31,0,2.002639,0.416447665695169
2006-09-01,0,2.103298,0.214217724760246
2006-09-02,0,2.585042,0.130212478313149
2006-09-03,0,2.825362,0.0878185850788994
2006-09-04,2.85,3.081168,0.265054705057934
2006-09-05,0,3.064568,0.153265666901519
2006-09-06,0,2.807721,0.100102825124236
2006-09-07,0,3.035901,0.0708216670359011
2006-09-08,0,2.618402,0.0529880678964221
2006-09-09,0,2.175367,0.0413071395186148
2006-09-10,0,2.246124,0.0332249618454134
2006-09-11,0,2.530095,0.027388897409083
2006-09-12,0,2.718208,0.0230285018019168
2006-09-13,0,2.874105,0.0196786821764216
2006-09-14,0,2.895916,0.0170450291351186
2006-09-15,0,2.747738,0.0149336747751108
2006-09-16,0,2.73487,0.0132126318580207
2006-09-17,0,2.40794,0.011789444874873
2006-09-18,0,2.678368,0.010597734812558
2006-09-19,1.43,2.399691,0.0534952702901847
2006-09-20,0,2.083848,0.0416496829348831
2006-09-21,0.1,2.081233,0.037016558023839
2006-09-22,0,2.278032,0.0301541166954004
2006-09-23,0,2.649146,0.0251110813457409
2006-09-24,0,2.621812,0.0212890967244799
2006-09-25,0.7,2.68054,0.0402439827032132
2006-09-26,0.71,2.27936,0.0610067490385219
2006-09-27,0.19,2.122584,0.0546890243030715
2006-09-28,0,1.876615,0.0424533251816132
2006-09-29,0,1.930407,0.0340354408728715
2006-09-30,0,2.025467,0.0279842445640605
2006-10-01,14.33,1.997627,1.46920501435434
2006-10-02,5.45,2.178683,1.15241239729508
2006-10-03,0.88,1.950745,0.523060383516282
2006-10-04,17.49,1.766855,2.49990838054669
2006-10-05,0.27,1.603188,0.733199174734387
2006-10-06,0.8,1.547164,0.396427150870798
2006-10-07,11.91,1.874038,1.62874345250462
2006-10-08,2.73,1.649406,0.860257003924164
2006-10-09,0,1.301947,0.355491661888113
2006-10-10,0,1.510334,0.190838342169138
2006-10-11,0.76,1.916001,0.172577757769553
2006-10-12,0,1.654135,0.109983493122398
2006-10-13,0.04,1.797016,0.0786784704371398
2006-10-14,0,2.025724,0.0579214400911549
2006-10-15,0,1.731451,0.0446117309420733
2006-10-16,0,1.520572,0.0355508898695934
2006-10-17,0,1.403569,0.0290911536764482
2006-10-18,0,1.310002,0.0243141709142966
2006-10-19,0,1.485701,0.0206751936950953
2006-10-20,2.51,1.616091,0.138995690594222
2006-10-21,4.67,1.776714,0.496345323920294
2006-10-22,1.89,1.745203,0.421679390637469
2006-10-23,3.34,1.81631,0.542597683121956
2006-10-24,20.27,1.930539,3.00408576283926
2006-10-25,17.22,1.529007,3.32345496428766
2006-10-26,0,1.412991,0.83100542335635
2006-10-27,0,1.708703,0.347303244729198
2006-10-28,0,1.780439,0.187589128956496
2006-10-29,0.09,1.708365,0.123472035693617
2006-10-30,0.48,1.634229,0.113578461769656
2006-10-31,0,1.140033,0.0785760135484031
2006-11-01,1.2,1.082988,0.128436186135049
2006-11-02,1.82,0.964431,0.21852587937973
2006-11-03,0.79,0.7605854,0.191864537068936
2006-11-04,0,0.8545902,0.119522848333208
2006-11-05,0,0.9481588,0.0819185651606955
2006-11-06,0,0.9193982,0.0599222293282606
2006-11-07,0,0.9116619,0.0459351878588204
2006-11-08,0,0.8268558,0.0364733296726202
2006-11-09,0.03,0.9273551,0.0307941604350942
2006-11-10,1.1,1.114316,0.0725033908558766
2006-11-11,0.03,0.7095165,0.0554520432378861
2006-11-12,4.32,0.8355081,0.370340924180699
2006-11-13,1.85,0.9514834,0.367057461850691
2006-11-14,3.29,1.053415,0.520233144361161
2006-11-15,3.65,1.315407,0.638321709785163
2006-11-16,0,1.285559,0.289958751573134
2006-11-17,0.51,1.270585,0.204760009998754
2006-11-18,8.25,1.187549,1.02706962407971
2006-11-19,0.66,0.9402765,0.471127091432948
2006-11-20,16.94,0.9359483,2.54139102147565
2006-11-21,17.59,0.881795,3.3906673072376
2006-11-22,8.55,0.9763085,2.09938657547937
2006-11-23,1.98,0.8075814,0.886979435528082
2006-11-24,25.38,1.083009,4.33663717532249
2006-11-25,5.27,1.135842,1.75955506880381
2006-11-26,4.58,1.407379,1.19205887676353
2006-11-27,0.34,1.056545,0.480811246150026
2006-11-28,0,0.9674931,0.237542586339173
2006-11-29,0.38,1.02429,0.171550698009334
2006-11-30,0.03,0.9460962,0.111556908823878
2006-12-01,0.24,0.7327512,0.0922855350157431
2006-12-02,0,0.8916934,0.0662015250968117
2006-12-03,0.1,0.8705289,0.0549567741467899
2006-12-04,13.13,1.051893,1.64324339083023
2006-12-05,16.38,1.016901,3.12133843368441
2006-12-06,4.6,1.272633,1.48445274667085
2006-12-07,2.19,0.9761119,0.795226650871655
2006-12-08,10.81,0.8848088,1.90387428113515
2006-12-09,13.83,0.9940333,2.80708264099296
2006-12-10,2.41,0.7947422,1.10337829759858
2006-12-11,0,0.6095968,0.419361959458482
2006-12-12,3.54,0.7145317,0.62923923097273
2006-12-13,2.2,0.7840955,0.547281065863025
2006-12-14,0.15,0.779254,0.275901405098984
2006-12-15,0,0.8028575,0.157985284372312
2006-12-16,0,0.5791272,0.102550001735324
2006-12-17,3.97,0.706076,0.4545593649711
2006-12-18,0,0.6121042,0.228183061400264
2006-12-19,0.22,0.6152815,0.154826048261667
2006-12-20,0,0.632099,0.100914312216091
2006-12-21,0,0.5945614,0.0712959497044266
2006-12-22,0,0.7432586,0.0532892915383373
2006-12-23,0,0.6758961,0.0415106525117523
2006-12-24,0,0.6088232,0.0333691632214277
2006-12-25,0,0.6640194,0.0274949961688901
2006-12-26,0,0.5150117,0.0231089837565046
2006-12-27,0,0.5376472,0.0197412878994343
2006-12-28,0,0.5005325,0.017094766943821
2006-12-29,0.03,0.5033704,0.0157819602967455
2006-12-30,0,0.5271747,0.0139072864285116
2006-12-31,19.35,0.668015,2.69124727449731
2007-01-01,10,0.9901223,2.36209444651812
2007-01-02,13.94,0.8833843,3.02697496402855
2007-01-03,5.28,0.7147818,1.62666183761202
2007-01-04,0.43,0.7655866,0.596005397675529
2007-01-05,3.81,0.8574706,0.770010780932835
2007-01-06,2.04,0.8818367,0.587884281568137
2007-01-07,10.9,1.043456,1.93395465555858
2007-01-08,0,0.9019123,0.599561694689226
2007-01-09,11.59,0.9696581,2.07871329035432
2007-01-10,2.4,1.184793,0.985752732615191
2007-01-11,3.14,1.032169,0.825082228855943
2007-01-12,5.24,0.8568484,1.09977153392603
2007-01-13,0.17,0.9369128,0.440161872940465
2007-01-14,0.44,1.086821,0.269809459138432
2007-01-15,0.56,0.8524475,0.208587318763768
2007-01-16,0,0.5613311,0.12755470025513
2007-01-17,0.07,0.7308876,0.0913033485010905
2007-01-18,17.2,1.040246,2.72192171368439
2007-01-19,41.8,1.22803,9.2312741460734
2007-01-20,6.31,1.233655,2.66246412635037
2007-01-21,3.89,1.134227,1.37801299599533
2007-01-22,3.07,0.8719943,0.954590968027508
2007-01-23,0,0.7245337,0.381111746785628
2007-01-24,0.04,0.5394815,0.205009602142205
2007-01-25,0,0.536026,0.125853981002738
2007-01-26,0,0.4866848,0.0854296159119231
2007-01-27,0.05,0.4556527,0.0652463297152245
2007-01-28,0.6,0.6817537,0.0886063873151554
2007-01-29,0.06,0.7300378,0.0678688003281624
2007-01-30,0.43,0.8509507,0.0784780067290102
2007-01-31,0,0.9172454,0.057797023726958
2007-02-01,0,0.8697195,0.0445291213855374
2007-02-02,0,0.9545065,0.0354931427752981
2007-02-03,0.03,1.060443,0.0303413076043117
2007-02-04,0,0.8533794,0.0252509594920532
2007-02-05,0,0.7802819,0.0213965603241214
2007-02-06,0.33,0.6552955,0.0311580910265152
2007-02-07,4.15,0.6837842,0.416658130856455
2007-02-08,1.45,0.6847117,0.386542033607723
2007-02-09,14.03,0.7375471,2.56321708564531
2007-02-10,0.84,0.8752164,0.845138672060698
2007-02-11,3.53,0.9397408,0.871888253669822
2007-02-12,14.81,1.077894,3.02063247414151
2007-02-13,14,1.083452,3.47995526987388
2007-02-14,2.96,1.002059,1.37153506570557
2007-02-15,14.92,0.9533609,3.29698445803427
2007-02-16,0,1.003201,0.827110599027116
2007-02-17,0,0.856263,0.346203695462701
2007-02-18,0,0.8881834,0.187150716199302
2007-02-19,0,0.9038812,0.117219730048976
2007-02-20,0,0.9381504,0.0806289181132576
2007-02-21,0,0.9226408,0.059128132984458
2007-02-22,1.18,0.8813277,0.133860145298235
2007-02-23,0,1.099098,0.0898009325675939
2007-02-24,1.7,1.224402,0.219201332307361
2007-02-25,10.63,1.228775,1.84605473932844
2007-02-26,14.7,1.117206,3.43389357442953
2007-02-27,4.83,1.088919,1.73750237505979
2007-02-28,4.38,1.058435,1.31617508989016
2007-03-01,11.6,1.29858,2.65185455633846
2007-03-02,21.1,1.217096,5.16594441855059
2007-03-03,2.25,1.059463,1.49799001800317
2007-03-04,10.66,1.1775,2.56071628741124
2007-03-05,0,1.132171,0.711658376447522
2007-03-06,3.15,1.288491,0.803009605242981
2007-03-07,13.12,1.25329,2.86326153845031
2007-03-08,6.91,1.190425,2.11150800816554
2007-03-09,0,1.075671,0.632917773760928
2007-03-10,3.84,0.9890859,0.901005436330388
2007-03-11,0,1.10021,0.366700958995044
2007-03-12,0,1.122617,0.195242412764801
2007-03-13,0,1.163444,0.121162414527217
2007-03-14,0,1.222282,0.0828325685348523
2007-03-15,0,1.334261,0.0604832311596444
2007-03-16,0,1.247331,0.0463045963297291
2007-03-17,0,1.187288,0.0367299047780823
2007-03-18,0.26,1.302366,0.0437702927254959
2007-03-19,9.03,1.262067,1.38575130326661
2007-03-20,2.67,0.9292095,0.939083344141012
2007-03-21,2.65,0.9419255,0.804987315027909
2007-03-22,2.95,0.9950124,0.812323863072022
2007-03-23,3.41,0.9648929,0.898340861359624
2007-03-24,1.67,1.007223,0.62521304439544
2007-03-25,0.7,1.132908,0.382633294861498
2007-03-26,0.42,1.37928,0.252310568137603
2007-03-27,0,1.620343,0.147635859083826
2007-03-28,0,1.48899,0.0971547588666948
2007-03-29,0.59,1.497669,0.118606341205779
2007-03-30,2.19,1.519264,0.325162948622124
2007-03-31,1.49,1.430789,0.369179234172995
2007-04-01,4.1,1.46369,0.817602438521706
2007-04-02,0,1.787156,0.343510095021003
2007-04-03,0,1.808416,0.186074589161283
2007-04-04,0.17,1.409192,0.13296122416887
2007-04-05,0,1.420167,0.0893138219408434
2007-04-06,0,1.52033,0.064419932852668
2007-04-07,0,1.795482,0.0488767825987518
2007-04-08,0,1.578328,0.0385058005698821
2007-04-09,0,1.574736,0.0312267641383603
2007-04-10,0,1.7514,0.0259107789835436
2007-04-11,0,1.757233,0.0219023177189449
2007-04-12,0,1.876821,0.0187994166550695
2007-04-13,0,2.341811,0.0163443126454059
2007-04-14,0,2.551093,0.0143654127941555
2007-04-15,0,2.840632,0.0127448075618988
2007-04-16,0,2.793692,0.0113992407598852
2007-04-17,0,2.670284,0.0102685214748529
2007-04-18,0.11,2.251117,0.0122533387957915
2007-04-19,0.13,1.719758,0.0148439938735691
2007-04-20,0,1.770438,0.0131389354877702
2007-04-21,0.04,1.881214,0.0128831819055066
2007-04-22,0.03,1.832928,0.0123654089929362
2007-04-23,0,2.150896,0.0110817004935888
2007-04-24,0,2.509893,0.00999980071384106
2007-04-25,0.07,3.020765,0.0108558197229585
2007-04-26,0,3.271975,0.00980819603700532
2007-04-27,0.06,2.898417,0.0104049789511236
2007-04-28,0.13,2.844012,0.0129224276372964
2007-04-29,0.27,2.757627,0.0203637165855135
2007-04-30,0.03,2.695275,0.0186510165061566
2007-05-01,0.12,2.543535,0.020493504909297
2007-05-02,0.38,2.52194,0.0337139501841731
2007-05-03,0.42,2.378257,0.0497856756440502
2007-05-04,0.04,2.31667,0.0412894435823759
2007-05-05,2.18,2.334802,0.217761506535902
2007-05-06,0,2.98098,0.131873793794149
2007-05-07,0.03,2.799354,0.0911034177310809
2007-05-08,13.9,2.359743,2.3971327046529
2007-05-09,1.7,2.432111,0.973677302731777
2007-05-10,16.27,2.296554,3.56575977002305
2007-05-11,0,2.832992,0.86594875645938
2007-05-12,1.85,2.430684,0.634736965229594
2007-05-13,7.03,2.432104,1.47795539345454
2007-05-14,12.83,2.564849,3.01783873599174
2007-05-15,2.6,2.491665,1.25756393378667
2007-05-16,3.76,2.153939,1.09439889892524
2007-05-17,16.22,2.091313,3.67589351114781
2007-05-18,6.62,2.256397,2.19373982346932
2007-05-19,0.03,2.471938,0.652893680062575
2007-05-20,1.88,2.900028,0.571621562601823
2007-05-21,4.18,3.202664,0.932472592938774
2007-05-22,0,3.571619,0.375207330486866
2007-05-23,0,3.647683,0.198551679719035
2007-05-24,0,3.439071,0.122760091338328
2007-05-25,0,3.89349,0.0837200002518747
2007-05-26,1.06,4.039923,0.152210135644085
2007-05-27,6.98,3.436336,1.15259790276413
2007-05-28,5.02,2.637963,1.30505461965847
2007-05-29,1.49,2.297534,0.706689887939962
2007-05-30,0.6,2.112245,0.394129209705925
2007-05-31,1.34,2.319103,0.379067127261896
2007-06-01,1.79,2.886993,0.436817410885971
2007-06-02,20.56,2.596715,4.35922198832315
2007-06-03,0,3.345914,0.972566613830714
2007-06-04,0,3.388029,0.38586628646269
2007-06-05,0,3.557964,0.202659606512366
2007-06-06,0,3.826997,0.124731749383717
2007-06-07,0,4.307184,0.0848108380289501
2007-06-08,3.94,4.445396,0.537960154775235
2007-06-09,29.31,4.069629,6.53582355389803
2007-06-10,10.6,4.046522,3.49799729110875
2007-06-11,0.26,3.653285,0.903356099516874
2007-06-12,0,3.829153,0.36734082233642
2007-06-13,0,3.68477,0.195492314771743
2007-06-14,0.07,3.548856,0.127980856216685
2007-06-15,4.72,3.792321,0.731150778835376
2007-06-16,1.56,3.390762,0.550461030208498
2007-06-17,2.44,2.987031,0.623199879527274
2007-06-18,2.19,3.351696,0.612052234085479
2007-06-19,1.94,3.590299,0.566620299183227
2007-06-20,0,4.275302,0.266827673656084
2007-06-21,5.57,3.97617,1.00848897104501
2007-06-22,1.22,3.414429,0.582801287496771
2007-06-23,7.81,2.879175,1.64356776448326
2007-06-24,15.35,2.890103,3.71445915821293
2007-06-25,16.25,3.422012,4.42250493387588
2007-06-26,12.71,2.821688,3.73320676278919
2007-06-27,12.36,2.464177,3.55736567082426
2007-06-28,0.24,2.467374,0.909225730553438
2007-06-29,6.39,2.686004,1.54312761246487
2007-06-30,2.92,2.81332,1.04358107508264
2007-07-01,0.47,3.224695,0.477019211927152
2007-07-02,0,3.444295,0.236203054662133
2007-07-03,4.74,3.087645,0.861606142848854
2007-07-04,19.89,2.581028,4.63905375354271
2007-07-05,6.38,2.61873,2.35567069360903
2007-07-06,6.2,2.754533,1.923894779095
2007-07-07,2.8,2.981329,1.11805675780615
2007-07-08,0,2.818891,0.423007394217401
2007-07-09,0.54,3.114996,0.28722145463223
2007-07-10,2.31,2.686867,0.483807207466983
2007-07-11,0.5,2.718639,0.305634659090352
2007-07-12,0.93,2.523867,0.287221876559814
2007-07-13,0.56,2.937147,0.229310976792782
2007-07-14,0.13,4.014497,0.150908821029888
2007-07-15,0,4.531443,0.0988725464885205
2007-07-16,0,5.0155,0.070100747544943
2007-07-17,0,4.6067,0.0525293324785346
2007-07-18,1.56,3.865216,0.177877814778661
2007-07-19,0,3.681824,0.112636077576892
2007-07-20,4.52,3.436576,0.696411868057236
2007-07-21,10.41,3.519786,2.30888447677919
2007-07-22,0,3.150485,0.668436675769704
2007-07-23,0,3.138306,0.299355043884169
2007-07-24,1.98,2.684003,0.433298208157572
2007-07-25,3.09,3.013151,0.689398353824825
2007-07-26,0,3.201598,0.305792531544529
2007-07-27,0,3.529157,0.170672341674604
2007-07-28,0,3.510686,0.109023861832982
2007-07-29,7.5,3.272223,1.24529161692221
2007-07-30,4.42,2.760532,1.24764447469359
2007-07-31,0,2.544953,0.454301855649103
2007-08-01,0,2.506059,0.22809023624859
2007-08-02,0,2.93718,0.136666796126566
2007-08-03,4.35,3.03917,0.690540409049516
2007-08-04,0,3.266202,0.30614091711328
2007-08-05,0,3.353098,0.170817591474008
2007-08-06,0,3.860483,0.109097127848138
2007-08-07,6.47,3.64281,1.03660432674226
2007-08-08,0.32,3.062259,0.450697710895353
2007-08-09,0.88,2.778073,0.342830432155543
2007-08-10,4.67,2.509406,0.91127554736293
2007-08-11,1.23,3.238931,0.558643825959071
2007-08-12,0,3.401731,0.264183306953927
2007-08-13,2.2,3.156409,0.440485676927037
2007-08-14,0,3.074136,0.223079921696533
2007-08-15,0.62,3.234817,0.201333023304918
2007-08-16,17.63,3.471575,3.54719967653871
2007-08-17,1.03,2.780097,1.0544636473449
2007-08-18,0.17,2.514845,0.432551309873885
2007-08-19,0,2.505285,0.220175486853875
2007-08-20,6.46,2.754937,1.15635767080127
2007-08-21,4.96,2.387256,1.32053713960616
2007-08-22,3.36,2.638337,1.05911930689358
2007-08-23,26.28,2.428957,6.24527260847787
2007-08-24,0.19,2.840125,1.22853028391153
2007-08-25,0,3.021453,0.449781745311
2007-08-26,0,3.296874,0.226457558681722
2007-08-27,0,3.230543,0.13591392836536
2007-08-28,0,2.847615,0.0909104218085017
2007-08-29,0,2.279299,0.0653789029149245
2007-08-30,0,2.469016,0.0494981694829483
2007-08-31,0,2.286143,0.0389320849776398
2007-09-01,0,2.66167,0.031532456143311
2007-09-02,0.03,2.598874,0.0275242012966699
2007-09-03,0,2.415577,0.0231311292754623
2007-09-04,8.24,2.22065,1.19888119765062
2007-09-05,1.19,1.870173,0.6348136623902
2007-09-06,0.28,1.809521,0.327087119155373
2007-09-07,0.27,2.387941,0.210770071816015
2007-09-08,0.13,2.371202,0.141619324154911
2007-09-09,0,2.38547,0.0939681000640979
2007-09-10,0,2.283628,0.0672039599052696
2007-09-11,1.23,1.880311,0.156705428868299
2007-09-12,0.03,2.055126,0.104559018397385
2007-09-13,0,2.068384,0.0734142569830218
2007-09-14,0,1.953667,0.0546291904808978
2007-09-15,0,2.049237,0.0424131298640778
2007-09-16,0,2.215427,0.034007086444466
2007-09-17,0,2.000933,0.0279634564328263
2007-09-18,0.77,2.077052,0.0682010486529401
2007-09-19,1.61,1.658407,0.198601338010735
2007-09-20,0,1.417313,0.122784001836595
2007-09-21,0,1.713372,0.0837332574368743
2007-09-22,0,1.715962,0.0610346216623109
2007-09-23,0,1.948336,0.0466669707526259
2007-09-24,0,2.258395,0.0369812171245668
2007-09-25,3.34,2.001274,0.37261884832267
2007-09-26,0,1.654806,0.197547618853781
2007-09-27,0.81,1.47894,0.208142847812956
2007-09-28,17.91,1.520576,3.58613169286693
2007-09-29,1.98,1.556552,1.24086182688655
2007-09-30,1.31,1.601824,0.664050693974175
2007-10-01,0.11,1.821827,0.312830092540243
2007-10-02,0,1.911037,0.173595278078366
2007-10-03,0,2.339129,0.110494638861029
2007-10-04,0.03,2.279755,0.0791615168274748
2007-10-05,0,2.271092,0.0582209356616895
2007-10-06,0,1.800353,0.0448104379134637
2007-10-07,0,1.587189,0.0356897115185542
2007-10-08,0,1.40789,0.0291921490159261
2007-10-09,0,1.407783,0.0243900805504514
2007-10-10,1.44,1.478465,0.118108261828935
2007-10-11,5.62,1.565396,0.876080383867682
2007-10-12,0,1.412938,0.359871142738396
2007-10-13,0,1.420557,0.192564967123654
2007-10-14,0,1.411482,0.119863561260352
2007-10-15,0,1.321315,0.0821087788109066
2007-10-16,0.03,1.332127,0.062108098354892
2007-10-17,0,1.514491,0.0473704750157574
2007-10-18,1.71,1.321046,0.181992043540944
2007-10-19,0,1.195626,0.11467860173733
2007-10-20,0,0.9941499,0.0791980850934594
2007-10-21,0,0.9254265,0.0582435910693182
2007-10-22,0.83,0.8711892,0.106609477701953
2007-10-23,0,0.9185676,0.0745976055557467
2007-10-24,0,0.914166,0.0553738644171633
2007-10-25,0,0.9609404,0.0429127545350046
2007-10-26,0,1.148504,0.0343591816678614
2007-10-27,0,1.144724,0.0282213923394431
2007-10-28,0,1.122187,0.0236587437715673
2007-10-29,0,1.059696,0.0201681300181796
2007-10-30,15.28,1.071194,2.60505357202477
2007-10-31,0.77,1.080656,0.853502964261941
2007-11-01,0,0.8699238,0.353611763266571
2007-11-02,0,0.9150839,0.19009481200958
2007-11-03,0.17,1.325481,0.134966285940705
2007-11-04,0.06,1.380964,0.0954268348723192
2007-11-05,0,1.182654,0.068069432256582
2007-11-06,0,1.052429,0.0512310523411517
2007-11-07,4.39,0.9893813,0.560488089597297
2007-11-08,0.33,0.9550949,0.307874792369175
2007-11-09,9.78,1.100047,1.87992527748008
2007-11-10,9.4,0.776849,2.44567756652474
2007-11-11,3.16,0.8975085,1.27639552397972
2007-11-12,2.27,1.04977,0.842169646646601
2007-11-13,0.07,0.7597936,0.36039235245609
2007-11-14,4.77,0.7299483,0.94082398860356
2007-11-15,0.53,0.7116808,0.456725295095044
2007-11-16,0.07,0.6309774,0.237616619997924
2007-11-17,0,0.5476907,0.141025022681721
2007-11-18,0,0.6117775,0.0936512489672518
2007-11-19,0,0.6262208,0.0670155298580788
2007-11-20,8.54,0.6702339,1.37354056966786
2007-11-21,4.12,0.8734195,1.22265700250584
2007-11-22,7.4,0.9561988,1.85324227127223
2007-11-23,0,1.021733,0.583912015172876
2007-11-24,1.51,0.9140477,0.493457683918122
2007-11-25,0,0.6137285,0.241980541759722
2007-11-26,1.24,0.7302099,0.292226082997158
2007-11-27,2.09,0.7178354,0.445794581097614
2007-11-28,1.41,0.7513988,0.420491021167126
2007-11-29,0,0.6026742,0.215721688309252
2007-11-30,1.29,0.5585133,0.283256671318116
2007-12-01,0.28,0.7762789,0.192725023662892
2007-12-02,12.38,0.8895213,2.4041906071269
2007-12-03,32.79,0.946073,8.47230174824985
2007-12-04,8.94,0.8325739,3.43648952284356
2007-12-05,4.38,0.7837103,1.7475557116522
2007-12-06,3.72,1.008369,1.27418092974238
2007-12-07,11.21,0.9921537,2.82153195073656
2007-12-08,12.32,0.9966976,3.51013954870384
2007-12-09,8.2,0.7202448,2.66086133642615
2007-12-10,15.1,0.8409903,4.21389565887706
2007-12-11,2.89,0.8034015,1.56502127989244
2007-12-12,1.83,0.7235334,0.86481042310714
2007-12-13,0,0.654707,0.356755459831243
2007-12-14,0,0.7352492,0.191337390432428
2007-12-15,0,0.5655723,0.119266170766359
2007-12-16,0,0.5305481,0.0817751702204342
2007-12-17,0,0.4869337,0.0598340811935544
2007-12-18,0,0.4699497,0.0458770779316268
2007-12-19,0,0.480215,0.0364329335419321
2007-12-20,0,0.4960719,0.0297317272826309
2007-12-21,0,0.4392978,0.0247949477403091
2007-12-22,0,0.384399,0.0210459021542222
2007-12-23,0.14,0.345081,0.0242333072558094
2007-12-24,0,0.3718117,0.0206127403832622
2007-12-25,0,0.407578,0.0177850066195723
2007-12-26,0,0.4069361,0.0155307396569505
2007-12-27,1.87,0.4828996,0.159024260163689
2007-12-28,0.42,0.6035321,0.146886698939497
2007-12-29,0.32,0.6235852,0.128734901707697
2007-12-30,4.16,0.6364212,0.702913080002676
2007-12-31,1.4,0.6876386,0.536273019662373
2008-01-01,0.03,0.621906,0.260847968710078
2008-01-02,0.03,0.58448,0.154836397266029
2008-01-03,0,0.4672828,0.100919686282871
2008-01-04,1.14,0.5013281,0.189962516280924
2008-01-05,0,0.5589762,0.11859568118606
2008-01-06,16.79,0.7875598,3.58798935058435
2008-01-07,1.87,0.6959366,1.25556459368084
2008-01-08,3.27,0.788749,1.07984087227595
2008-01-09,0.68,0.7426555,0.528785113676362
2008-01-10,4.06,0.6748454,0.975571121891258
2008-01-11,5.15,0.8309017,1.3963869891273
2008-01-12,13.18,1.036875,3.48217056438516
2008-01-13,0.61,0.7670174,0.97806240717279
2008-01-14,0,0.6155949,0.387312203684352
2008-01-15,3.38,0.6886255,0.772542583538478
2008-01-16,8.38,0.8901357,2.07682526806142
2008-01-17,13.9,0.8797913,3.91116099371961
2008-01-18,8.22,0.8656537,2.8384461569407
2008-01-19,2.91,0.9967545,1.37736820439809
2008-01-20,0.95,1.172118,0.659501437416046
2008-01-21,0.28,1.128609,0.340053499973039
2008-01-22,3.37,1.014853,0.754939837535056
2008-01-23,5.01,0.8115083,1.31392540602434
2008-01-24,0,0.6427591,0.469736539987143
2008-01-25,0.79,0.7812077,0.352994515538357
2008-01-26,0.03,0.6253767,0.193759634087988
2008-01-27,0,0.7022861,0.120443797495063
2008-01-28,0,0.7244935,0.0824323780322114
2008-01-29,0,0.797089,0.0602377819908923
2008-01-30,0,0.6987271,0.0461430623354182
2008-01-31,2.18,0.6267238,0.276383786074493
2008-02-01,5.25,0.6489212,1.10533778222092
2008-02-02,21.52,0.7490634,5.76144430990617
2008-02-03,0.1,0.6599474,1.16077680230326
2008-02-04,0,0.6299449,0.433496612594801
2008-02-05,9.06,0.8294688,2.13471292811048
2008-02-06,20.58,0.895276,5.91984171543532
2008-02-07,12.38,1.021215,4.34239145241544
2008-02-08,0.03,0.6629166,0.976968956113723
2008-02-09,0,0.70842,0.387024806927356
2008-02-10,0,0.7958283,0.203103551247637
2008-02-11,0,0.8152787,0.124944067892428
2008-02-12,0,0.9415926,0.0849280231359494
2008-02-13,0,0.8856408,0.0617638611547882
2008-02-14,0,0.6740624,0.0471451629001368
2008-02-15,0.03,0.6989262,0.0392640135695516
2008-02-16,0,0.7226058,0.0317700761936376
2008-02-17,0,0.6552571,0.0263141584761291
2008-02-18,0,0.6777739,0.0222105792537118
2008-02-19,0,0.7049456,0.019040694473816
2008-02-20,0,0.7162226,0.0165370023912089
2008-02-21,2.6,0.7442772,0.285128800803356
2008-02-22,0,0.9790944,0.161950461761006
2008-02-23,0,1.192035,0.104589399326571
2008-02-24,0,1.185586,0.0734318338068669
2008-02-25,0,1.000129,0.0546402714024185
2008-02-26,2.12,1.201867,0.290842546702682
2008-02-27,4.58,1.285197,1.00199677152201
2008-02-28,0,1.055688,0.393567964387078
2008-02-29,7.64,1.104381,1.79193811665045
2008-03-01,13.98,1.297897,4.04291123460059
2008-03-02,14.51,1.311042,4.70340630523869
2008-03-03,2.27,1.317964,1.54604860318839
2008-03-04,3.79,1.144552,1.34338118097213
2008-03-05,6.18,0.8297875,1.87336267590654
2008-03-06,0.06,0.8047804,0.599701348644731
2008-03-07,0,0.7896094,0.277638695793657
2008-03-08,0,1.051532,0.158735272971105
2008-03-09,0,1.079973,0.102936889644665
2008-03-10,1.3,1.173151,0.229690446991567
2008-03-11,8.65,1.125538,1.95762840311619
2008-03-12,25.72,1.241975,7.63916991366045
2008-03-13,7.3,1.291372,3.24448523773429
2008-03-14,3.1,1.175764,1.54826062162886
2008-03-15,4.6,1.423751,1.56633812768784
2008-03-16,1.99,1.509442,0.947828625181999
2008-03-17,13.68,1.393486,3.83142590640067
2008-03-18,1.12,1.11256,1.16238790974882
2008-03-19,0.21,1.005028,0.473536470373861
2008-03-20,1.11,0.9537075,0.423519250392606
2008-03-21,3.96,0.9723478,0.999294624155228
2008-03-22,14.98,1.012238,4.26334089977188
2008-03-23,4.63,0.9656111,2.12405772146633
2008-03-24,0,0.8544,0.635223080408448
2008-03-25,4.28,0.8129117,1.19386698918862
2008-03-26,0.83,0.8733795,0.606492582430898
2008-03-27,1.44,1.075798,0.545206051511319
2008-03-28,7.23,1.047708,1.90111743501053
2008-03-29,5.79,1.253853,1.99842329305225
2008-03-30,0,1.425041,0.611837614390398
2008-03-31,3.51,1.584664,1.00504254431269
2008-04-01,2.08,1.558716,0.824279851681756
2008-04-02,0,1.373512,0.345403154363564
2008-04-03,0,1.468333,0.186831207136653
2008-04-04,0,1.390292,0.117062974995913
2008-04-05,0.03,1.42444,0.0835619419042861
2008-04-06,3.9,1.377234,0.709593853888093
2008-04-07,7.38,1.111414,2.03175677583917
2008-04-08,2.31,0.9883765,1.14303559302345
2008-04-09,0,1.064545,0.429161976635196
2008-04-10,3.14,1.20845,0.8308178048478
2008-04-11,0,1.40786,0.347250328757989
2008-04-12,0.28,1.507517,0.229209730636708
2008-04-13,0.58,1.357282,0.217962539269149
2008-04-14,8.4,1.536396,1.9888797323167
2008-04-15,14.78,1.365623,4.6173011580176
2008-04-16,0.69,1.375489,1.17142669907154
2008-04-17,0,1.221062,0.436084328583883
2008-04-18,0,1.254604,0.221471257107992
2008-04-19,0.03,1.742833,0.137404693370464
2008-04-20,3.74,1.660896,0.752853219464886
2008-04-21,0,1.951244,0.324799558420773
2008-04-22,0.26,2.048953,0.216649114750349
2008-04-23,0,2.174279,0.131353250966734
2008-04-24,5.04,2.025521,1.04323980352561
2008-04-25,1.65,2.074031,0.742886585246591
2008-04-26,0,1.909961,0.321859966136058
2008-04-27,0.03,2.157325,0.181546295861601
2008-04-28,0.03,2.335531,0.118002721819561
2008-04-29,11.5,2.059992,2.7254772709926
2008-04-30,4.31,1.869742,1.79796556158799
2008-05-01,3.17,1.863719,1.30607918962013
2008-05-02,1.36,1.690947,0.753201621581835
2008-05-03,0,2.075866,0.324902019771158
2008-05-04,0,2.265371,0.178555570004539
2008-05-05,0,2.499134,0.112973536986831
2008-05-06,0,2.454337,0.0782332789259576
2008-05-07,0,2.760771,0.0576450346063126
2008-05-08,0,2.772447,0.0444281540352604
2008-05-09,0,2.752635,0.0354225357388585
2008-05-10,0,2.856082,0.0289977141515737
2008-05-11,0.19,3.075909,0.0357730707493651
2008-05-12,0.15,2.946628,0.0389996943771061
2008-05-13,0.04,2.949599,0.0341313149518903
2008-05-14,0,3.09572,0.0280545136014616
2008-05-15,2.7,3.083371,0.360264528080932
2008-05-16,1.65,2.917915,0.473107676378337
2008-05-17,3.85,3.028585,1.00584685736154
2008-05-18,6.12,2.639001,1.80234846865112
2008-05-19,2.02,2.339387,1.01699590468267
2008-05-20,0,2.383156,0.397454758169901
2008-05-21,0,2.42365,0.207078326823139
2008-05-22,0,2.461305,0.126838519589184
2008-05-23,0,2.606313,0.0859712266599181
2008-05-24,0,2.867994,0.0623985809570143
2008-05-25,1.17,2.629301,0.174294484883305
2008-05-26,1.54,3.350946,0.33438503126419
2008-05-27,1.75,3.523205,0.475106049705218
2008-05-28,3.7,3.655748,0.963773353911371
2008-05-29,3.92,3.761087,1.222962905179
2008-05-30,44.47,3.50933,13.5679220531995
2008-05-31,5.93,3.697579,3.44363028259796
2008-06-01,0,3.368706,0.848492720522821
2008-06-02,0,3.454565,0.35221308813626
2008-06-03,0.52,3.971857,0.269002844796181
2008-06-04,0.03,3.45583,0.158965135251023
2008-06-05,0,3.141066,0.103055358080826
2008-06-06,6.47,3.078773,1.33178708991458
2008-06-07,6.19,3.13277,1.93736754995745
2008-06-08,0.92,2.787799,0.797229254753036
2008-06-09,2.18,3.755817,0.772367770303015
2008-06-10,0,4.159685,0.33050811522951
2008-06-11,0,4.07287,0.180836722169333
2008-06-12,0,3.136269,0.114106478102054
2008-06-13,9.25,2.231893,2.05241250015912
2008-06-14,1.04,2.320891,0.846163756509644
2008-06-15,4.75,2.339798,1.39251498851703
2008-06-16,0,2.462896,0.487582024487785
2008-06-17,0,2.820332,0.239924198681146
2008-06-18,0,3.041625,0.142072003864825
2008-06-19,0,3.119525,0.0942091916852285
2008-06-20,4.62,3.22411,0.869212750443946
2008-06-21,0,3.121795,0.357974596984129
2008-06-22,0,3.957402,0.191818193202691
2008-06-23,7.5,3.921468,1.67783744742923
2008-06-24,0,3.118923,0.548737780419995
2008-06-25,0,3.932298,0.260878148081432
2008-06-26,2.13,3.92766,0.501898665864623
2008-06-27,0,3.264205,0.244918039715647
2008-06-28,0.95,2.940106,0.281143124784126
2008-06-29,0.07,3.492742,0.169471807128767
2008-06-30,0,3.630979,0.108417574790499
2008-07-01,0,3.509337,0.0756361854649277
2008-07-02,0,3.987754,0.0560252101833448
2008-07-03,16.77,4.305755,3.93304404357185
2008-07-04,11.97,3.173422,4.06075636963024
2008-07-05,1.13,2.994688,1.19465254487824
2008-07-06,0.13,3.229766,0.465965963352436
2008-07-07,0,3.301082,0.232274782211033
2008-07-08,9.3,2.906226,2.16598461315094
2008-07-09,2.43,2.796363,1.18282504401041
2008-07-10,0,3.03377,0.438842169527113
2008-07-11,0,3.840116,0.222479949714587
2008-07-12,2.24,3.249845,0.493037041557136
2008-07-13,0,2.98676,0.24183364515341
2008-07-14,0,2.936294,0.14293583026397
2008-07-15,0,3.006315,0.094668648128117
2008-07-16,0,3.390598,0.0676200126646377
2008-07-17,1.09,3.188794,0.165983289786151
2008-07-18,0.4,2.974626,0.153790713893482
2008-07-19,0.21,3.080645,0.123612890020589
2008-07-20,7.19,3.261246,1.4765078652239
2008-07-21,0.21,2.597297,0.546397451080303
2008-07-22,1.34,2.307831,0.490717688262355
2008-07-23,0.06,2.812069,0.250052847215392
2008-07-24,0,3.277093,0.146628620443509
2008-07-25,0,3.537541,0.0966239112791677
2008-07-26,0,3.927065,0.0687771918833694
2008-07-27,2.42,3.987414,0.366769130990496
2008-07-28,0.06,3.798034,0.203556653372454
2008-07-29,1.85,4.33812,0.398421929514348
2008-07-30,0,3.829969,0.207444928598611
2008-07-31,0,4.094183,0.127012664346099
2008-08-01,0,4.489154,0.0860669060440522
2008-08-02,1.8,3.655958,0.283285738572518
2008-08-03,1.33,3.235747,0.357969895067802
2008-08-04,0.73,3.530902,0.298571179639163
2008-08-05,19.38,3.289647,4.85007169256626
2008-08-06,0,3.059017,1.03352563292927
2008-08-07,0,3.816206,0.401708940707281
2008-08-08,1.47,3.372968,0.444711267359169
2008-08-09,12.14,2.922485,2.98811555652926
2008-08-10,0,3.065935,0.780438820617576
2008-08-11,0.59,3.044565,0.433752395809544
2008-08-12,0.17,3.0177,0.245229422193807
2008-08-13,10.38,3.14744,2.36888982567247
2008-08-14,0.12,2.845515,0.703156745068156
2008-08-15,0,2.63938,0.309973736289169
2008-08-16,0,2.581485,0.172411760665979
2008-08-17,0,2.573532,0.109900019049462
2008-08-18,3.53,2.644942,0.617614026021093
2008-08-19,0,3.151406,0.283391891708431
2008-08-20,2,3.057616,0.474135195891944
2008-08-21,2.14,2.546305,0.602792980967802
2008-08-22,0,2.659502,0.278636596048909
2008-08-23,17.94,2.472761,4.41573037141462
2008-08-24,0.82,2.336311,1.16230138378918
2008-08-25,4.22,2.28043,1.31886530755338
2008-08-26,0.73,2.543905,0.608711624420341
2008-08-27,0,2.736315,0.280541212280643
2008-08-28,0,2.422829,0.159984704369981
2008-08-29,0,2.708872,0.103580224546475
2008-08-30,0,2.834149,0.0728472703745397
2008-08-31,0,2.963003,0.0542714216127144
2008-09-01,0,3.136793,0.0421726001576062
2008-09-02,0,2.765324,0.0338373100360872
2008-09-03,8.98,2.591131,1.67072225806025
2008-09-04,5.54,2.02723,1.771177580289
2008-09-05,0,2.087481,0.567662131689603
2008-09-06,22.84,2.234071,6.02661030683038
2008-09-07,2.08,2.491171,1.65751982461051
2008-09-08,5.07,2.183521,1.66886258133102
2008-09-09,0,2.223232,0.546892173966416
2008-09-10,0.48,2.357897,0.336191207529579
2008-09-11,0.05,2.711845,0.189821244466744
2008-09-12,1.02,2.571753,0.25258069913958
2008-09-13,19.29,2.192404,4.81320840986853
2008-09-14,17.53,1.801987,5.71070575037995
2008-09-15,0,1.65603,1.13304980501637
2008-09-16,0,1.569091,0.426708877172647
2008-09-17,0,1.723211,0.218023863277574
2008-09-18,0,1.538599,0.131996438374282
2008-09-19,0,1.440773,0.0887899960418943
2008-09-20,0,1.624273,0.0641043942124345
2008-09-21,0,1.499982,0.0486718843574866
2008-09-22,0,1.462788,0.0383650057037334
2008-09-23,0,1.543511,0.0311256686133047
2008-09-24,1.27,1.557238,0.138433255444591
2008-09-25,0.03,1.743072,0.095306299890423
2008-09-26,0,1.777951,0.0679980442731696
2008-09-27,0,1.691646,0.0511852707585806
2008-09-28,0,1.566538,0.0400842418313141
2008-09-29,0,1.479006,0.0323557396173104
2008-09-30,0.09,1.403472,0.0318668819909695
2008-10-01,12.24,1.423459,2.53238018121355
2008-10-02,10.71,1.603801,3.36395699506998
2008-10-03,7.7,1.331589,2.72970489173709
2008-10-04,2.2,1.207945,1.22854208764747
2008-10-05,0.46,1.28195,0.536191687158292
2008-10-06,19.77,1.357242,5.28153780238928
2008-10-07,18.28,1.796667,6.10371921771967
2008-10-08,0.39,1.851831,1.26847540424536
2008-10-09,3.01,1.693426,1.1010637729116
2008-10-10,0,1.541978,0.418785164444339
2008-10-11,0,1.505726,0.215087847302749
2008-10-12,0,1.464269,0.130621203049559
2008-10-13,0,1.640103,0.0880414708382272
2008-10-14,0.03,1.684482,0.0662840834767528
2008-10-15,0,1.723606,0.050082882839852
2008-10-16,6.44,1.607637,1.1903126702796
2008-10-17,6.29,1.359308,1.8821104755709
2008-10-18,0,1.061353,0.589546246440395
2008-10-19,0,0.9860402,0.274346138469742
2008-10-20,0,1.017413,0.157312501109717
2008-10-21,0,1.192877,0.102202480476122
2008-10-22,8.05,1.485108,1.68938958526619
2008-10-23,0,1.128306,0.551106524427672
2008-10-24,0,1.0494,0.261670631631872
2008-10-25,0.56,1.046068,0.229754536255493
2008-10-26,0.03,1.328017,0.141135500602115
2008-10-27,0.36,1.20419,0.134400858525698
2008-10-28,16.64,1.214173,4.09407574361813
2008-10-29,0.09,0.8992387,0.95855957234872
2008-10-30,0.03,0.8252401,0.387536593370326
2008-10-31,6.76,0.8487676,1.6540640613945
2008-11-01,6.67,0.9492341,2.14107841284348
2008-11-02,5.93,1.065562,2.07239903060826
2008-11-03,0,1.212667,0.625690722581029
2008-11-04,0,1.21,0.285963726045601
2008-11-05,0,1.229064,0.162307044745319
2008-11-06,0.04,1.220242,0.10924771412585
2008-11-07,0,1.106355,0.07611150460518
2008-11-08,0.22,1.076346,0.0760203164438423
2008-11-09,0.12,1.066963,0.0666510499998727
2008-11-10,16.72,1.144974,4.04880333428826
2008-11-11,3.07,1.35316,1.68192875457718
2008-11-12,7.76,1.217076,2.46288270756081
2008-11-13,2.81,0.984596,1.35033071681983
2008-11-14,0,0.9072889,0.478062514982573
2008-11-15,0,0.8128485,0.236572010736876
2008-11-16,0,1.049573,0.140549965618553
2008-11-17,1.05,1.131416,0.23159355016811
2008-11-18,0,0.722122,0.138276345901583
2008-11-19,0.15,0.7668845,0.108646233240374
2008-11-20,0.06,0.932976,0.0816696314420307
2008-11-21,0.45,1.017081,0.104466035851351
2008-11-22,3.59,0.8411904,0.668715244849642
2008-11-23,5.45,0.5957714,1.50147287288844
2008-11-24,6.59,0.5635995,2.10401682610953
2008-11-25,1.93,0.6263418,1.06633226530358
2008-11-26,0.24,0.5752641,0.455582682716889
2008-11-27,0,0.583843,0.228551740513523
2008-11-28,0.11,0.587428,0.151039624470596
2008-11-29,0,0.5019052,0.098940971948992
2008-11-30,0,0.5312045,0.0701409030638764
2008-12-01,9.93,0.603584,2.19546220740962
2008-12-02,8.54,0.5807372,2.84108723571483
2008-12-03,6.06,0.6438079,2.2954296801972
2008-12-04,16.63,0.5693876,5.29622318868304
2008-12-05,12.41,0.5931328,4.58969957903384
2008-12-06,14.54,0.7686026,5.16566756729332
2008-12-07,2.09,0.7174219,1.60727262439663
2008-12-08,0.35,0.6800738,0.608296357325439
2008-12-09,0,0.4742816,0.2804078254537
2008-12-10,1.35,0.5283458,0.384448175988987
2008-12-11,0,0.5824368,0.202115513923127
2008-12-12,0,0.5523222,0.124471334021522
2008-12-13,0,0.5418535,0.0846670322386614
2008-12-14,0,0.4912891,0.0616047732133994
2008-12-15,1.34,0.5968961,0.207375769010098
2008-12-16,0,0.6298593,0.126979819359622
2008-12-17,0,0.5125397,0.086048862969486
2008-12-18,3.14,0.4948456,0.576634071059193
2008-12-19,0.18,0.5711073,0.301060316904338
2008-12-20,0.82,0.6786007,0.299160434476019
2008-12-21,2.84,0.8044328,0.706533470530602
2008-12-22,0.42,0.9259063,0.388102818190839
2008-12-23,0.46,0.8907094,0.277893082284124
2008-12-24,0,0.7651861,0.158844956293868
2008-12-25,0,0.6401317,0.102993425503076
2008-12-26,0,0.6911374,0.0725066938065507
2008-12-27,0,0.5303401,0.0540562137532619
2008-12-28,0,0.4579273,0.0420277602206959
2008-12-29,0,0.4541913,0.0337349904197263
2008-12-30,0,0.4023186,0.0277638216865689
2008-12-31,0,0.3799093,0.0233126936181105
2009-01-01,1.31,0.4981534,0.143305610279979
2009-01-02,0,0.5284282,0.0948650861594265
2009-01-03,0,0.4171373,0.0677365384618075
2009-01-04,0,0.4748072,0.0510174744915586
2009-01-05,0,0.4247358,0.0399699887579423
2009-01-06,0.8,0.4707253,0.106047307382187
2009-01-07,0,0.3720257,0.074273760675534
2009-01-08,0,0.2919532,0.055170340757574
2009-01-17,0.42,0.5584137,0.080505765284911
2009-01-18,1.32,0.6813924,0.225803214925824
2009-01-19,22.13,0.7308494,6.23377659971613
2009-01-20,12.78,0.8144309,4.91413065472863
2009-01-21,1.41,0.6632489,1.40201415696334
2009-01-22,0.06,0.6236257,0.502116849849604
2009-01-23,4.57,0.6471815,1.26098221770812
2009-01-24,33.84,0.7914717,10.9242989727503
2009-01-25,0,0.6569303,1.6118195259099
2009-01-26,0,0.5699618,0.535050529371284
2009-01-27,0,0.5521673,0.256272028196274
2009-01-28,0,0.5509913,0.149395915882742
2009-01-29,0,0.5108741,0.0980798649995629
2009-01-30,0,0.5765682,0.0696350477512061
2009-01-31,0,0.5665488,0.0522324372306304
2009-02-01,0,0.5220466,0.040795595519898
2009-02-02,0,0.5541468,0.032861932866132
2009-02-03,2.77,0.6129549,0.424226980775758
2009-02-04,2.17,0.6787131,0.646165428853218
2009-02-05,0.51,0.666439,0.388104220887294
2009-02-06,0.96,0.7441937,0.372966206901915
2009-02-07,0.07,0.812506,0.208681247703544
2009-02-08,0.25,0.7806473,0.161959957482322
2009-02-09,0,0.678167,0.104594265374717
2009-02-10,15.43,0.6765619,4.12609671582238
2009-02-11,20.33,0.8420598,7.21710302395197
2009-02-12,4.13,0.6997881,2.46619058275271
2009-02-13,0.9,0.6415553,0.913751451265185
2009-02-14,0.18,0.6504734,0.406024214114301
2009-02-15,0.41,0.6711149,0.280393318010711
2009-02-16,0.42,0.552574,0.225566688352635
2009-02-17,2.34,0.7636287,0.570693784866301
2009-02-18,3.1,0.9284083,0.953180123281027
2009-02-19,0,0.6204886,0.380736925892265
2009-02-20,0.2,0.6515353,0.233475518904682
2009-02-21,0.37,0.8463477,0.193839892021445
2009-02-22,0.16,0.9237023,0.142006597799983
2009-02-23,0.76,0.9415536,0.199712042717833
2009-02-24,3.07,0.9503117,0.717566389831784
2009-02-25,0,0.9155488,0.314316469768362
2009-02-26,0,0.7839816,0.174209640678149
2009-02-27,0.03,0.9587813,0.114586490038666
2009-02-28,0.23,1.007072,0.10565539987952
2009-03-01,0,1.191543,0.0740477342427291
2009-03-02,0.53,1.088806,0.112675324294539
2009-03-03,0,1.150314,0.0780641404926863
2009-03-04,0,0.8627117,0.0575399257893528
2009-03-05,12.68,0.9743282,3.22808681418933
2009-03-06,0.84,0.9225834,1.02719527878002
2009-03-07,0.99,0.9523436,0.612979750240357
2009-03-08,0,0.939773,0.281910029359862
2009-03-09,5.36,1.143397,1.37492355882115
2009-03-10,3.37,0.9731626,1.31310187770484
2009-03-11,8.83,1.015949,2.8899300008239
2009-03-12,0.06,1.048857,0.779614592484879
2009-03-13,0.48,1.019982,0.428216810899036
2009-03-14,0.72,1.293924,0.348448831010761
2009-03-15,0.19,1.283224,0.218607815716832
2009-03-16,0,1.359721,0.132269249325572
2009-03-17,0,1.362313,0.0889382254153009
2009-03-18,0,1.166164,0.0641937295992988
2009-03-19,0,1.158998,0.0487299173084009
2009-03-20,0,1.102972,0.0384048944194365
2009-03-21,0,0.983947,0.0311543166695503
2009-03-22,0,1.010108,0.0258569060176773
2009-03-23,0,1.030969,0.0218610948738154
2009-03-24,7.42,1.207847,1.56148034849087
2009-03-25,3.03,1.04511,1.27236920165201
2009-03-26,9.97,0.9790548,3.22999525348219
2009-03-27,8.64,1.175474,3.30933823009614
2009-03-28,6.76,1.249385,2.74705643674282
2009-03-29,7.82,1.244052,2.97224739781356
2009-03-30,0.22,1.239028,0.832249141671489
2009-03-31,0,1.257783,0.34765389398747
2009-04-01,0,1.32152,0.187728834274836
2009-04-02,0,1.635394,0.117503151621002
2009-04-03,0,1.998539,0.0807879870643918
2009-04-04,0,1.927537,0.0592262404893315
2009-04-05,0,1.846024,0.0454758790403816
2009-04-06,0,1.729523,0.0361537686136367
2009-04-07,0,1.879651,0.0295292762107304
2009-04-08,0.04,1.726466,0.0271222619353534
2009-04-09,2.02,1.751832,0.278639877877024
2009-04-10,0.75,2.091525,0.282745356437917
2009-04-11,0,2.379295,0.160930541153489
2009-04-12,0.58,2.365185,0.184916976240846
2009-04-13,0,2.273704,0.116122088755537
2009-04-14,0,2.278798,0.0800118967692439
2009-04-15,0,2.300572,0.0587471459904967
2009-04-16,0,2.3718,0.0451590490417061
2009-04-17,3.56,1.90995,0.634151769250378
2009-04-18,15.77,1.691137,4.79004639066919
2009-04-19,5.1,1.740955,2.46699960283252
2009-04-20,0.18,2.139026,0.738562242698056
2009-04-21,0,2.229018,0.320579371721284
2009-04-22,0,2.324557,0.176787062523914
2009-04-23,0,2.078975,0.112092159699879
2009-04-24,0,1.648623,0.0777330419985225
2009-04-25,0,1.794894,0.0573340154130875
2009-04-26,0.46,1.865264,0.0893016786515078
2009-04-27,6.76,2.318762,1.54241177319138
2009-04-28,1.71,1.983741,0.922573238318398
2009-04-29,2.46,1.786177,0.932091983773137
2009-04-30,7.16,1.590243,2.23802870653252
2009-05-01,0,1.930967,0.655862872425598
2009-05-02,0.75,2.3378,0.442278505026326
2009-05-03,0,2.708936,0.223733431575193
2009-05-04,0,2.077851,0.134653817175259
2009-05-05,0,1.902105,0.0902302499785947
2009-05-06,0.44,1.818944,0.114568370808131
2009-05-07,0,2.122687,0.0791358270393125
2009-05-08,0,2.36927,0.0582050184127899
2009-05-09,1.77,2.434079,0.285293482458513
2009-05-10,4.72,2.094593,1.19445258702746
2009-05-11,3.48,2.453522,1.27996849214749
2009-05-12,12.49,2.420822,3.99084103513783
2009-05-13,10.29,2.145917,3.93843482296853
2009-05-14,0,2.610996,0.917402129795588
2009-05-15,18.19,2.775262,5.7403075306155
2009-05-16,4.95,2.446969,2.55239961548905
2009-05-17,0.25,2.197536,0.770208796668379
2009-05-18,1.37,2.456547,0.619718494195728
2009-05-19,0,2.339,0.284063324182193
2009-05-20,0,2.561159,0.161494889554738
2009-05-21,0,2.958158,0.104355843475584
2009-05-22,4.02,3.057369,0.846812593859941
2009-05-23,0,2.734146,0.351743264099559
2009-05-24,0,2.907868,0.189354365256983
2009-05-25,0,3.913302,0.118298621410802
2009-05-26,0,4.20187,0.0812338914041711
2009-05-27,1.01,2.944525,0.186471406254354
2009-05-28,0,2.174284,0.116886353040233
2009-05-29,0.68,2.622108,0.167742119705976
2009-05-30,0,2.931649,0.107541783160465
2009-05-31,0,2.895581,0.0751336947432275
2009-06-01,0,2.892344,0.0557103311025637
2009-06-02,0,3.310001,0.0431380502031701
2009-06-03,0,3.607307,0.0345177052229643
2009-06-04,0,2.896547,0.0283373784408176
2009-06-05,0,2.329021,0.0237463249467206
2009-06-06,0,2.304042,0.0202360000897938
2009-06-07,1.87,2.10746,0.225260882880957
2009-06-08,6.38,2.410382,1.5634434882402
2009-06-09,1.94,2.655424,0.974427858536357
2009-06-10,2.03,3.00336,0.83075951319788
2009-06-11,13.09,2.789467,3.92884046394387
2009-06-12,6.23,2.703289,2.63246799490655
2009-06-13,0,2.706008,0.723584164938444
2009-06-14,0,3.054897,0.316119286089215
2009-06-15,2.03,3.646948,0.553012859322861
2009-06-16,26.93,3.054263,8.31805321767627
2009-06-17,1.2,2.916752,1.72224653118906
2009-06-18,0,3.165088,0.557802182271927
2009-06-19,0,3.165592,0.263903406405085
2009-06-20,0,2.899616,0.152760889595971
2009-06-21,0.5,2.424626,0.16584150378986
2009-06-22,5.11,2.306557,1.17448177297427
2009-06-23,0,2.570292,0.436824690729622
2009-06-24,0,3.037999,0.221742285718675
2009-06-25,0,3.666297,0.133729608880828
2009-06-26,0,4.08087,0.0897302539217251
2009-06-27,0,3.896434,0.0646704576419579
2009-06-28,4.36,3.516741,0.836132000034844
2009-06-29,0.19,3.851752,0.384877886452495
2009-06-30,3.32,4.325484,0.88474886080566
2009-07-01,0,4.590717,0.36225585550283
2009-07-02,0,4.611983,0.193501923655136
2009-07-03,0,4.923543,0.120318725126545
2009-07-04,0.33,4.393494,0.12037992490723
2009-07-05,0,4.346181,0.0823967768075088
2009-07-06,0.22,4.249085,0.0816826729005187
2009-07-07,9.25,3.612511,2.12238080516282
2009-07-08,4.31,2.889095,1.70650301779121
2009-07-09,7.1,2.987057,2.38050424605089
2009-07-10,3.41,2.577553,1.52359061213673
2009-07-11,0.05,2.505075,0.526744673939402
2009-07-12,0,2.786487,0.253454092435829
2009-07-13,4.19,3.123471,0.992368772570164
2009-07-14,4.31,3.615325,1.39189537271667
2009-07-15,0,3.802904,0.487443169284226
2009-07-16,0,3.788282,0.239875486218489
2009-07-17,0,3.844505,0.142049936818984
2009-07-18,4.98,3.326695,1.07151876439741
2009-07-19,1.22,2.89138,0.664047002210923
2009-07-20,5.51,2.987741,1.56464055873839
2009-07-21,0.16,3.315642,0.558421665764727
2009-07-22,9.65,4.311081,2.65450700446632
2009-07-23,5.99,4.281851,2.27477357187416
2009-07-24,8.85,3.467221,3.01633262915772
2009-07-25,3.42,3.112767,1.64274231411588
2009-07-26,0.59,2.964768,0.668419072598746
2009-07-27,0,3.303321,0.299349603002384
2009-07-28,2.58,3.164488,0.647229694554944
2009-07-29,0,3.047309,0.292756796219517
2009-07-30,9.48,3.582638,2.42343216402609
2009-07-31,0.08,3.123845,0.706163738337397
2009-08-01,0,2.961106,0.31088301808903
2009-08-02,0,3.487834,0.172788933214543
2009-08-03,9.39,3.043829,2.27166127921297
2009-08-04,0.63,2.967963,0.803266416764138
2009-08-05,0,3.08849,0.339423356747614
2009-08-06,0,3.394183,0.184436049699219
2009-08-07,0,3.823559,0.115885231467566
2009-08-08,0.15,3.863287,0.095794062101928
2009-08-09,0,3.549021,0.0682867871274528
2009-08-10,0,3.526416,0.0513703780826179
2009-08-11,0,3.736363,0.0402101961615766
2009-08-12,1.65,3.35621,0.219025431036151
2009-08-13,0,3.343398,0.132464206627246
2009-08-14,30.19,3.129776,8.52797906777202
2009-08-15,0,2.944408,1.41211115368892
2009-08-16,0,3.172161,0.491958869993708
2009-08-17,0,3.704509,0.241456902971952
2009-08-18,0,3.453029,0.142765572956221
2009-08-19,0,3.122391,0.0945781536377671
2009-08-20,0,3.664809,0.0675663116113805
2009-08-21,2.08,4.415073,0.331369496047077
2009-08-22,5.15,2.893412,1.25542834023867
2009-08-23,0,2.789335,0.456133542569229
2009-08-24,0,2.830374,0.228750071694986
2009-08-25,0,3.23881,0.136970563055537
2009-08-26,2.52,3.113473,0.492567613219513
2009-08-27,0,2.899563,0.241669653785204
2009-08-28,0,3.16247,0.142861730106901
2009-08-29,0.17,2.683121,0.113705033313124
2009-08-30,0,2.244487,0.0786476643640773
2009-08-31,0,2.166915,0.0579023253393875
2009-09-01,0,2.650404,0.0445990415927203
2009-09-02,11.1,2.558096,2.43952713396314
2009-09-03,0.46,2.521474,0.791700105310471
2009-09-04,11.03,2.443825,3.08052521414109
2009-09-05,15.91,1.931925,5.2069013652523
2009-09-06,0,2.043467,1.07583566591979
2009-09-07,0,1.951387,0.412462642715384
2009-09-08,0,2.27679,0.212730065404252
2009-09-09,0,2.516431,0.129512439755788
2009-09-10,0,2.670638,0.0874363886964843
2009-09-11,0.13,2.524838,0.0754413829928057
2009-09-12,0,2.304254,0.0559031970801388
2009-09-13,0,2.255469,0.0432670663053146
2009-09-14,0.23,1.891005,0.0514913981118511
2009-09-15,1.65,1.85738,0.233284950117621
2009-09-16,0,2.043344,0.139050578658569
2009-09-17,0,2.336488,0.0925958393528594
2009-09-18,0,2.48835,0.0663867359724141
2009-09-19,0,2.431557,0.0501490819561569
2009-09-20,0.65,2.425047,0.0977092271071762
2009-09-21,0.23,2.541699,0.0921841612582434
2009-09-22,0,2.51324,0.0661409849344717
2009-09-23,0,2.130404,0.0499905631693974
2009-09-24,0,2.048132,0.0392691362855948
2009-09-25,0,2.136672,0.031773740638467
2009-09-26,0,1.807652,0.026316875338945
2009-09-27,0,1.744725,0.0222126530967815
2009-09-28,0,1.806492,0.0190423161284709
2009-09-29,0,1.737427,0.0165382964305383
2009-09-30,0,1.9004,0.0145230126535761
2009-10-01,0.05,2.088927,0.0148305582379931
2009-10-02,0,1.704401,0.0131278902979492
2009-10-03,0,1.398388,0.011718872273236
2009-10-04,0,1.361371,0.0105382738418556
2009-10-05,0.79,1.736741,0.0539172106749908
2009-10-06,16.58,1.611057,3.9350720930392
2009-10-07,3.44,2.17422,1.75215316173766
2009-10-08,4.29,2.514847,1.55099939443201
2009-10-09,7.33,2.106764,2.29135858062124
2009-10-10,0.03,1.651734,0.67165657138265
2009-10-11,10.96,1.763238,2.96321639662697
2009-10-12,11.68,1.523339,3.871358790819
2009-10-13,3.97,1.425926,1.89376035904194
2009-10-14,0.55,1.263709,0.707953342012384
2009-10-15,0,0.9227384,0.311423408354491
2009-10-16,0,0.8372267,0.173012904162878
2009-10-17,0.47,1.013969,0.169430227722064
2009-10-18,2.54,1.11932,0.522482416439279
2009-10-19,0,0.9196151,0.252001213806313
2009-10-20,0,0.8473702,0.14749802561119
2009-10-21,0,1.016953,0.0970821779309868
2009-10-22,0.1,1.374926,0.078597139903284
2009-10-23,0.44,1.216016,0.100917811246898
2009-10-24,0,1.176927,0.0712979926428196
2009-10-25,4.47,1.266465,0.810663298072893
2009-10-26,0.56,1.360998,0.443840682079942
2009-10-27,0.05,1.25101,0.231930014899703
2009-10-28,0,1.286191,0.138430508935116
2009-10-29,0,1.015541,0.0922635156464113
2009-10-30,0,1.051226,0.0661883765811628
2009-10-31,0,1.129001,0.0500211426112491
2009-11-01,0,1.032294,0.0392900469201415
2009-11-02,20.83,1.156498,5.23238685546012
2009-11-03,6.45,1.144117,2.77404849250753
2009-11-04,12.17,1.024777,4.01963996525401
2009-11-05,10.72,1.058499,3.84505933577001
2009-11-06,3.44,1.012393,1.76735800484647
2009-11-07,1.53,1.027264,0.905381366622181
2009-11-08,9.83,0.9694805,2.8399477812144
2009-11-09,0,0.9081361,0.75718755393676
2009-11-10,0.68,0.9466661,0.453151031628683
2009-11-11,0.4,0.9018559,0.293240625939341
2009-11-12,0,0.802691,0.165399778567587
2009-11-13,0.44,0.8808149,0.162151886705212
2009-11-14,0.28,1.266484,0.138853735395191
2009-11-15,3.53,1.267145,0.715319240946232
2009-11-16,2.45,1.136858,0.816002974722118
2009-11-17,13.31,1.21371,3.83424590204951
2009-11-18,11.27,1.138559,4.03254909554483
2009-11-19,0,1.074777,0.929995240610176
2009-11-20,0,0.9915159,0.374542219400153
2009-11-21,0,0.9228478,0.198293930137148
2009-11-22,0.21,1.127094,0.149812208313292
2009-11-23,4.53,1.124333,0.96914067459347
2009-11-24,24.24,1.063332,7.39938871934794
2009-11-25,7.41,1.147095,3.40355251987836
2009-11-26,8.44,1.082727,3.16240180967217
2009-11-27,7.14,0.9823672,2.74064284209356
2009-11-28,10.81,0.9250795,3.7716803518629
2009-11-29,18.35,0.9301861,6.40644691992271
2009-11-30,5.78,0.966407,2.84599334074967
2009-12-01,0.33,0.810569,0.83686674343547
2009-12-02,2.78,0.7297961,0.972359025478991
2009-12-03,5.76,0.7424351,1.82305508254943
2009-12-04,20.28,0.8859177,6.69337110155519
2009-12-05,0,0.6863083,1.23738979478597
2009-12-06,10.46,0.767214,3.35368576832589
2009-12-07,13.32,0.979632,4.82059585041981
2009-12-08,2.62,0.802062,1.74639180459003
2009-12-09,8.31,0.8043016,2.87607334373783
2009-12-10,1.23,0.7992892,1.07401462957021
2009-12-11,6.79,0.9395251,2.20936864954734
2009-12-12,1.91,0.8305926,1.13071413481142
2009-12-13,0.1,0.6603587,0.447125322937652
2009-12-14,0.29,0.5729269,0.27634919481258
2009-12-15,0,0.4644361,0.158178749820884
2009-12-16,0,0.4829431,0.102649854198061
2009-12-17,0,0.4667883,0.0723070546418444
2009-12-18,0,0.4009569,0.0539299567359054
2009-12-19,0,0.4173667,0.0419427320223648
2009-12-20,0.49,0.2637233,0.0781594948298576
2009-12-21,6.53,0.3118097,1.49015510914625
2009-12-22,5.62,0.4667029,2.00475423734379
2009-12-23,15.94,0.6197243,5.47218134361295
2009-12-24,0,0.5673743,1.10630954511568
2009-12-25,6.54,0.5962517,2.1739149207569
2009-12-26,7.98,0.6521371,2.93485876342239
2009-12-27,0,0.5833494,0.772149530208233
2009-12-28,8.93,0.5283053,2.79231325634836
2009-12-29,0.2,0.596746,0.799479193881993
2009-12-30,13.94,0.6006402,4.45751477842035
2009-12-31,4.82,0.9727193,2.39083994302269
