"Date","P","E","MII_Q_sim"
2004-09-02,0,2.113637,0.00299809047497109
2004-09-03,0,2.284305,0.00299570641738361
2004-09-04,0,2.757288,0.00299283267536726
2004-09-05,0,2.852728,0.0029898622907274
2004-09-06,0,2.882288,0.00298686382540405
2004-09-07,0,2.759263,0.00298399542630677
2004-09-08,0,2.680601,0.00298121085311622
2004-09-09,0,2.677378,0.00297843187758565
2004-09-10,0,2.387042,0.00297595524341805
2004-09-11,0,2.376496,0.00297349129719626
2004-09-12,2.56,2.716567,0.229517309108745
2004-09-13,0.4,2.149183,0.038340825949712
2004-09-14,0,2.107571,0.00297300340140189
2004-09-15,1.41,1.976001,0.127552354565427
2004-09-16,0.28,1.704098,0.0276931578697442
2004-09-17,0,1.448402,0.00297153269532751
2004-09-18,0,1.587894,0.00296988564587688
2004-09-19,0,1.871197,0.00296794716767635
2004-09-20,2.26,1.978648,0.202230858668632
2004-09-21,0,1.634728,0.00296935307557918
2004-09-22,1.32,1.840719,0.119305727640759
2004-09-23,1.79,1.640583,0.160983236834957
2004-09-24,14.07,1.869767,1.27026610050513
2004-09-25,0.45,1.48158,0.043518902010895
2004-09-26,0.67,1.552072,0.0633228295215385
2004-09-27,0.19,1.701439,0.0200913776788713
2004-09-28,0.17,1.707937,0.0182767157908054
2004-09-29,0.22,1.918793,0.0227486724774379
2004-09-30,0.24,1.802173,0.0245236337222604
2004-10-01,0,1.592697,0.00299500208725487
2004-10-02,1.83,1.870887,0.16720016895766
2004-10-03,0,1.646764,0.00299549147542877
2004-10-04,0,1.448458,0.00299397778553019
2004-10-05,0,1.877995,0.00299201855127454
2004-10-06,0.18,2.073062,0.0190665900288344
2004-10-07,6.15,1.500013,0.556851253418824
2004-10-08,0,1.218998,0.00300140998747135
2004-10-09,0.46,1.205347,0.0443860144636678
2004-10-10,1.81,1.369293,0.166135443152164
2004-10-11,0,1.256048,0.00300255822490564
2004-10-12,0.03,1.158983,0.00570081373640921
2004-10-13,0.09,1.209478,0.0110928199878646
2004-10-14,0,1.27022,0.00299901815227331
2004-10-15,12.23,1.358412,1.12112582653319
2004-10-16,6.52,1.145263,0.6044822162904
2004-10-17,7.73,1.05341,0.723837173249448
2004-10-18,8.21,1.068011,0.777383593587024
2004-10-19,3.43,1.118989,0.327957370806603
2004-10-20,0,1.071919,0.00307821382777537
2004-10-21,26.45,1.69434,2.60144092700953
2004-10-22,6.71,1.454203,0.668004293083983
2004-10-23,0,1.153814,0.00314827111787457
2004-10-24,0,1.585888,0.00314654148713806
2004-10-25,1.91,1.457917,0.192366309965698
2004-10-26,0.13,1.476742,0.0160157918509371
2004-10-27,0,1.06086,0.00314677333864755
2004-10-28,1.34,1.060081,0.135845528490788
2004-10-29,11.48,1.32757,1.15767220220915
2004-10-30,9.61,1.257509,0.981976399868031
2004-10-31,1.02,1.106807,0.107151078653116
2004-11-01,0,1.089128,0.00319303726989632
2004-11-02,0.51,1.114508,0.0551292577401023
2004-11-03,2.28,1.132146,0.235945266143968
2004-11-04,0.87,1.165112,0.092046211606086
2004-11-05,7.84,1.214399,0.812024936819656
2004-11-06,0,0.9872853,0.00321260548613783
2004-11-07,5.06,0.9161867,0.528235622628316
2004-11-08,0.3,0.8776983,0.0343438849666703
2004-11-09,2.13,0.7714481,0.224723968769584
2004-11-10,0,0.6820809,0.00322575487060284
2004-11-11,7.52,0.6343335,0.792702807786981
2004-11-12,0.06,0.6871911,0.00953763435024768
2004-11-13,0.32,0.7144714,0.0368201521628895
2004-11-14,0.25,0.7467596,0.029469924168569
2004-11-15,0.03,0.6498458,0.00638639244440857
2004-11-16,0,0.5261134,0.00323960220318144
2004-11-17,0.13,0.7804892,0.0168626037820673
2004-11-18,1.38,0.9692749,0.148039418657093
2004-11-19,8.88,0.9393669,0.945842906879158
2004-11-20,5.37,0.6592451,0.577219286386442
2004-11-21,0,0.4911742,0.00327048592250041
2004-11-22,1.16,0.5215181,0.127362823972651
2004-11-23,1.51,0.9227881,0.165035973082763
2004-11-24,3.09,0.943699,0.335480898041949
2004-11-25,0,0.5339188,0.00328002356765272
2004-11-26,0,0.4981881,0.00327945485665286
2004-11-27,0.03,0.6245914,0.00650047422859345
2004-11-28,4.11,0.839671,0.44686941551766
2004-11-29,0.04,0.8040129,0.0076011332352741
2004-11-30,0,0.7893474,0.00328530015564097
2004-12-01,0,0.6858214,0.00328451930155923
2004-12-02,4.03,0.6522361,0.439760953185453
2004-12-03,0.91,0.6546811,0.101928101779194
2004-12-04,0.34,0.6343503,0.0401471045915464
2004-12-05,0,0.4875218,0.00329351471326778
2004-12-06,0,0.4631441,0.00329298354967518
2004-12-07,0,0.6280405,0.00329226633802564
2004-12-08,0,0.6087703,0.00329157100649762
2004-12-09,0,0.6529787,0.00329082592339518
2004-12-10,0,0.5383515,0.00329021029081267
2004-12-11,0,0.422851,0.00328972503576129
2004-12-12,0,0.3872977,0.00328927994128989
2004-12-13,0,0.3944114,0.0032888268763765
2004-12-14,0,0.3857142,0.00328838367220031
2004-12-15,0,0.363615,0.00328796543587681
2004-12-16,0,0.3932182,0.0032875138721629
2004-12-17,4.62,0.4902821,0.50503093736826
2004-12-18,17.88,0.6691674,1.99128950101096
2004-12-19,2.04,0.611173,0.230674115615356
2004-12-20,5.29,0.5502534,0.596787131032886
2004-12-21,0,0.3892653,0.00335068307568356
2004-12-22,0.12,0.3102131,0.0168078354016555
2004-12-23,1.32,0.4280471,0.151597679380668
2004-12-24,3.09,0.6583146,0.351648708774787
2004-12-25,5.01,0.8281793,0.571488823673238
2004-12-26,7.73,0.6941871,0.888451987447931
2004-12-27,0,0.5527822,0.00338490507593749
2004-12-28,0,0.4746404,0.00338434797905706
2004-12-29,5.72,0.4642913,0.662549041151555
2004-12-30,4.41,0.5442014,0.514328564330987
2004-12-31,0.03,0.5549419,0.00687944311489279
2005-01-01,1.26,0.6894726,0.149504012239723
2005-01-02,2.69,0.8096346,0.316232744423906
2005-01-03,1.61,0.6931758,0.190943016486052
2005-01-04,0.55,0.6132231,0.0674961194268491
2005-01-05,0.03,0.6386116,0.00690840850631046
2005-01-06,3.78,0.6912808,0.445600513673954
2005-01-07,1.83,0.7893056,0.217884964644033
2005-01-08,0.06,0.9149299,0.0104517754576205
2005-01-09,1.97,0.8233667,0.234622312170757
2005-01-10,0.07,0.7597027,0.0116383045457903
2005-01-11,1.94,0.9431185,0.231426735672592
2005-01-12,1.97,0.8727531,0.235403770078633
2005-01-13,4.68,0.8354181,0.557519158977114
2005-01-14,0.04,0.6119324,0.00817593340415042
2005-01-15,0,0.4819481,0.00344141881803403
2005-01-16,0,0.4505649,0.00344088198135706
2005-01-17,0,0.3954557,0.00344040980915665
2005-01-18,5.88,0.5186266,0.703697100159841
2005-01-19,17.98,0.7058651,2.19291915162354
2005-01-20,0.63,0.6284215,0.0802348460958059
2005-01-21,11.24,0.902652,1.39123961174975
2005-01-22,5.7,0.7698514,0.711899561355016
2005-01-23,0.09,0.6219703,0.0147078412839745
2005-01-24,0.58,0.5759695,0.0756077347304096
2005-01-25,0.8,0.4979846,0.103014458456168
2005-01-26,0,0.439901,0.00352772474882875
2005-01-27,0,0.4464809,0.00352718131741858
2005-01-28,0,0.4250468,0.00352666361586699
2005-01-29,0,0.5114991,0.00352604250323498
2005-01-30,0.09,0.4399706,0.0147016832447463
2005-01-31,0.78,0.4875022,0.100446621135297
2005-02-01,1.74,0.6468565,0.22010675043918
2005-02-02,1.62,0.7295738,0.205477429530187
2005-02-03,1.58,0.7273596,0.200781157352857
2005-02-04,1.55,0.7654879,0.197308294628645
2005-02-05,0,0.6740511,0.0035367274723451
2005-02-06,0,0.5420755,0.00353606816397167
2005-02-07,0.03,0.5622185,0.00728140977414946
2005-02-08,0,0.5549156,0.00353477592147025
2005-02-09,0,0.5920999,0.00353405693461994
2005-02-10,0.04,0.6052468,0.00852225605292553
2005-02-11,11.21,0.782225,1.42037387196287
2005-02-12,7.9,1.006207,1.01105317901199
2005-02-13,10.86,1.13618,1.40587530514548
2005-02-14,8.73,0.6962438,1.14225658325559
2005-02-15,8.43,0.692138,1.11379072668421
2005-02-16,0.33,0.6141471,0.0470878292830042
2005-02-17,0.11,0.5508775,0.0181124147479888
2005-02-18,0,0.5539304,0.00362958449665619
2005-02-19,0.44,0.5415132,0.0615454446091302
2005-02-20,4.57,0.6248027,0.608204645602095
2005-02-21,1.55,0.6320815,0.208981627052812
2005-02-22,0.58,0.5840309,0.080501417248873
2005-02-23,0.6,0.5496272,0.0831792533916583
2005-02-24,0,0.4561931,0.00364215425913632
2005-02-25,0.32,0.4425995,0.046051756190043
2005-02-26,0,0.4348168,0.00364175051501705
2005-02-27,0.6,0.4946571,0.0831662657936951
2005-02-28,0.36,0.5022481,0.0513609130910594
2005-03-01,0,0.3873481,0.00364210194171434
2005-03-05,0.23,0.5887297,0.0341165145486319
2005-03-06,4.94,0.6015626,0.661778800534306
2005-03-07,0.49,0.5458912,0.068945576079653
2005-03-08,0.94,0.6820855,0.128991478667464
2005-03-09,1.4,0.839284,0.190532430231418
2005-03-10,1.3,0.8456676,0.177353297420114
2005-03-11,0.43,0.8152473,0.0611077503515322
2005-03-12,0.34,0.838068,0.049075241582497
2005-03-13,4.26,0.8197186,0.57528760770956
2005-03-14,0.09,0.8383325,0.0157350190194937
2005-03-15,0,0.9326511,0.00366293214911649
2005-03-16,0,0.9829395,0.00366170806341127
2005-03-17,0,1.411184,0.00365995537050788
2005-03-18,0,1.589331,0.00365798347380137
2005-03-19,0,1.507555,0.00365611337658253
2005-03-20,0,1.502384,0.00365425046669331
2005-03-21,0,1.472723,0.00365242492781572
2005-03-22,0,1.40291,0.00365068619528795
2005-03-23,1.43,1.498569,0.194173432178727
2005-03-24,0,1.70044,0.00364982282417652
2005-03-25,2.74,1.542112,0.369093152613747
2005-03-26,0,1.616185,0.00365184576367355
2005-03-27,0.41,1.450103,0.0582463410321576
2005-03-28,0.13,1.625386,0.0209435313664325
2005-03-29,2.35,1.619739,0.316809613568893
2005-03-30,0.8,1.605759,0.110243847257188
2005-03-31,5.6,1.557586,0.753976458058542
2005-04-01,0,1.604459,0.00366023578283552
2005-04-02,0,1.462536,0.00365842028859632
2005-04-03,0,1.440072,0.00365663327859617
2005-04-04,0,1.586499,0.0036546663906891
2005-04-05,0,1.552986,0.00365274171677832
2005-04-06,2.32,1.541074,0.313419305763879
2005-04-07,6.78,1.396284,0.915345174875273
2005-04-08,3.63,1.530486,0.493368423922106
2005-04-09,6.71,1.224065,0.915280680046283
2005-04-10,0.52,1.093089,0.0743231326925258
2005-04-11,0.39,1.224756,0.0566437178909529
2005-04-12,0,1.451623,0.0036849544225979
2005-04-13,0,1.538495,0.00368303424839367
2005-04-14,0,1.675045,0.00368094546775394
2005-04-15,0,1.745112,0.00367877078581718
2005-04-16,4.33,1.592329,0.591443463272348
2005-04-17,1.58,1.512652,0.218335403652422
2005-04-18,0.2,1.785537,0.0308299919146713
2005-04-19,0.17,1.748204,0.0267338485435037
2005-04-20,5.69,1.599067,0.779500350165257
2005-04-21,0.44,1.423264,0.0636585343850208
2005-04-22,0,1.379885,0.00369178041958486
2005-04-23,0,1.460161,0.00368995464790342
2005-04-24,2.18,1.509001,0.30067439848142
2005-04-25,0.33,1.940844,0.0486053155384924
2005-04-26,7.72,1.824589,1.06262547217934
2005-04-27,8.3,1.884232,1.15175255062675
2005-04-28,0.76,1.886999,0.10879959327904
2005-04-29,0,1.817897,0.00371792049056709
2005-04-30,1.08,2.491382,0.152792740958513
2005-05-01,0,2.654647,0.0037137901288902
2005-05-02,0,2.979977,0.00371005649919503
2005-05-03,0.07,2.734749,0.0133154043599107
2005-05-04,5.47,2.253556,0.758196748183476
2005-05-05,4.04,1.959461,0.562835404176634
2005-05-06,0.18,1.966407,0.0286029836486813
2005-05-07,1.99,1.840794,0.279109901926941
2005-05-08,11.17,1.538772,1.56790842134615
2005-05-09,0.32,1.431704,0.0485263444007616
2005-05-10,0,1.499452,0.00374091648737389
2005-05-11,0.08,1.527832,0.0149131703164235
2005-05-12,0,1.616271,0.00373711534936473
2005-05-13,0.1,1.963023,0.0176702277409879
2005-05-14,0,2.134367,0.00373216374061609
2005-05-15,16.04,2.091104,2.27395789054955
2005-05-16,0.86,2.068168,0.125431364336763
2005-05-17,0,2.115844,0.00376047294622543
2005-05-18,0,1.993742,0.00375794469301056
2005-05-19,0.03,1.84385,0.00798303630208376
2005-05-20,0,2.129164,0.00375297510712844
2005-05-21,10.91,2.984589,1.5550050104811
2005-05-22,0,2.696783,0.00376915648212408
2005-05-23,0,2.48452,0.00376600250124148
2005-05-24,0.2,2.461813,0.0320605188965303
2005-05-25,0,2.439509,0.00376021543554317
2005-05-26,0,3.291149,0.00375604983323918
2005-05-27,0,3.752751,0.00375130635421973
2005-05-28,0.05,4.226289,0.0107557293090115
2005-05-29,0.05,4.319947,0.0107304183206315
2005-05-30,12.94,4.156369,1.83453535202184
2005-05-31,1.46,2.537844,0.210316927589784
2005-06-01,0.23,2.296298,0.0362582086513793
2005-06-02,0,2.706445,0.0037573171933666
2005-06-03,0,3.043817,0.00375346616712804
2005-06-04,3.33,3.260307,0.473198914126238
2005-06-05,1.08,2.522418,0.155936284424757
2005-06-06,0,2.289379,0.00375271799078263
2005-06-07,2.65,2.518276,0.377082879662163
2005-06-08,0,2.14433,0.0037525059741147
2005-06-09,0,2.289801,0.00374960911340691
2005-06-10,0,2.503968,0.00374644443767611
2005-06-11,0,2.648957,0.0037430995783046
2005-06-12,0,2.54047,0.00373989364074819
2005-06-13,0,2.333608,0.00373694994650387
2005-06-14,0,2.605817,0.00373366640421827
2005-06-15,0,2.823523,0.00373011217166161
2005-06-16,0,3.095813,0.00372621951272919
2005-06-17,0,3.523176,0.00372179521409063
2005-06-18,0.03,3.933271,0.00785748670301577
2005-06-19,0.03,4.415076,0.00783985235220843
2005-06-20,0,4.288468,0.00370609869595286
2005-06-21,0,4.673518,0.00370026153440411
2005-06-22,0.04,4.772464,0.00914838496525796
2005-06-23,0,4.534642,0.00368874625571371
2005-06-24,0,4.682284,0.00368292132794941
2005-06-25,0.03,5.340871,0.00772697430340185
2005-06-26,1.11,4.299456,0.153306960287073
2005-06-27,0,4.406134,0.00366795356999445
2005-06-28,0,4.518274,0.00366235890516297
2005-06-29,0,4.98642,0.00365619431038967
2005-06-30,2.01,4.218043,0.271951244309995
2005-07-01,2.51,3.436428,0.338910199493234
2005-07-02,2.69,3.093486,0.363346883748415
2005-07-03,2.75,3.373674,0.371729011095332
2005-07-04,0,4.070348,0.00365526098123366
2005-07-05,4.95,3.306112,0.666761431197776
2005-07-06,0.16,2.719457,0.025057010022027
2005-07-07,11.16,2.822993,1.51307364092703
2005-07-08,8.05,2.484864,1.100930086871
2005-07-09,8.76,2.743725,1.20773627572228
2005-07-10,0,3.170881,0.00370524353577185
2005-07-11,2,3.857578,0.2779332069569
2005-07-12,0,4.588746,0.00369900392705228
2005-07-13,0,4.193992,0.00369377250369288
2005-07-14,0,4.556277,0.00368809735267562
2005-07-15,0,4.689089,0.00368226485157603
2005-07-16,0,4.450485,0.00367673569669117
2005-07-17,0,4.211437,0.00367150932813248
2005-07-18,0,4.029562,0.00366651402448815
2005-07-19,3.24,3.882426,0.439317878436922
2005-07-20,1.48,3.19517,0.202585585846335
2005-07-21,6.02,2.886899,0.816954557725926
2005-07-22,0,2.960662,0.00367369744925431
2005-07-23,0.11,3.049948,0.0184723197421592
2005-07-24,0,3.209504,0.00366616889490501
2005-07-25,8.18,3.193089,1.11027097259332
2005-07-26,3.12,3.480394,0.426309983654192
2005-07-27,0.16,3.439533,0.025305311214947
2005-07-28,1.46,4.334658,0.200783028596906
2005-07-29,3.98,4.477613,0.541887156863811
2005-07-30,16.48,3.663631,2.26993608894561
2005-07-31,2.37,3.064103,0.329842167646782
2005-08-01,3.14,2.728464,0.436583248896891
2005-08-02,0,3.112624,0.00371083994337977
2005-08-03,0,3.147316,0.00370690000767763
2005-08-04,0.35,2.867621,0.0516767666474246
2005-08-05,0,2.868614,0.00370048022060091
2005-08-06,5.47,2.5858,0.755467825052712
2005-08-07,0,2.442183,0.0037059779262675
2005-08-08,3.93,2.238373,0.544583395743003
2005-08-09,0.38,2.33656,0.0559481075154182
2005-08-10,0,2.587624,0.00370629350815094
2005-08-11,0,2.605904,0.00370303261554857
2005-08-12,2.64,2.491075,0.365858180413939
2005-08-13,0,2.714198,0.00370221288617567
2005-08-14,0,2.682147,0.00369886005295563
2005-08-15,13.68,2.459687,1.9002655878481
2005-08-16,3.24,2.452757,0.453848025077891
2005-08-17,0,3.099506,0.00372521801815153
2005-08-18,0,3.126107,0.0037212917462865
2005-08-19,0,3.283715,0.00371717184789888
2005-08-20,0.68,2.803069,0.0974765806424231
2005-08-21,0,2.626738,0.00371182750696719
2005-08-22,0,2.588151,0.0037085846653404
2005-08-23,0,2.943487,0.00370490096926858
2005-08-24,0.97,2.549504,0.136637747790399
2005-08-25,0.03,2.660715,0.00780465618894035
2005-08-26,4.24,2.348806,0.585702230239133
2005-08-27,0,2.122388,0.00370408509270135
2005-08-28,0,2.173436,0.0037013648669526
2005-08-29,0,2.540396,0.00369818922829285
2005-08-30,0,2.784911,0.00369471158771424
2005-08-31,0,3.151083,0.00369078144306765
2005-09-01,0,3.454235,0.00368647832894203
2005-09-02,0,2.969024,0.00368278150843899
2005-09-03,0,3.078266,0.00367895237560073
2005-09-04,0.03,2.997457,0.00772357230096004
2005-09-05,0.03,3.13647,0.00771130679321117
2005-09-06,0.06,3.023247,0.0117315928494684
2005-09-07,4.47,3.103573,0.606329798219192
2005-09-08,0,3.144351,0.0036697508868937
2005-09-09,0,3.193396,0.00366579090646384
2005-09-10,8.96,2.936333,1.21686092375313
2005-09-11,3.53,2.710608,0.482750514634016
2005-09-12,0.99,2.545185,0.137964712769601
2005-09-13,2.24,2.49724,0.307796808489412
2005-09-14,0,2.562524,0.00368325631310171
2005-09-15,0.03,2.23683,0.00774038042443032
2005-09-16,0.91,2.673458,0.126736822668651
2005-09-17,8.84,2.069236,1.20986289786943
2005-09-18,0,1.635706,0.00369362917272356
2005-09-19,0,1.576464,0.00369165794270935
2005-09-20,0,1.598641,0.00368966002678028
2005-09-21,0,1.659914,0.00368758687337487
2005-09-22,0,1.688629,0.00368547903513003
2005-09-23,0,1.763874,0.0036832787939847
2005-09-24,0,1.836622,0.00368098939153695
2005-09-25,0,1.970443,0.00367853523256847
2005-09-26,0.1,2.072422,0.0171769116555582
2005-09-27,0,2.098127,0.00367356260069352
2005-09-28,0.38,2.107799,0.0548515673807169
2005-09-29,2.12,1.840451,0.289560702827919
2005-09-30,2.11,1.626438,0.28860791296636
2005-10-01,1.19,1.46649,0.164438357025679
2005-10-02,6.97,1.711256,0.951919892551527
2005-10-03,2.11,1.495578,0.291164805185294
2005-10-04,0,1.52791,0.00369103346336423
2005-10-05,0,1.784045,0.00368880534346851
2005-10-06,0,2.027596,0.00368627577570038
2005-10-07,0,2.041108,0.00368373089861552
2005-10-08,0,2.00324,0.00368123449639224
2005-10-09,0,1.791158,0.00367900255771761
2005-10-10,0,1.651373,0.00367694505929009
2005-10-11,0,1.661337,0.00367487618714167
2005-10-12,0,1.590911,0.00367289553102422
2005-10-13,0,1.62495,0.0036708736356767
2005-10-14,0,1.50876,0.00366899646984728
2005-10-15,0,1.456775,0.003667184424292
2005-10-16,0,1.358171,0.00366549506816848
2005-10-17,0,1.379401,0.00366378012792744
2005-10-18,0,1.207543,0.00366227823033904
2005-10-19,0.07,1.184507,0.0130333754781011
2005-10-20,5.79,1.236701,0.783565980474451
2005-10-21,2.08,1.521519,0.28424133962599
2005-10-22,19.97,1.701719,2.75775713306425
2005-10-23,4.47,1.730524,0.622651539608074
2005-10-24,0.92,1.514964,0.13111376103986
2005-10-25,0,1.368209,0.00372125006891205
2005-10-26,0.84,1.68172,0.119907396177076
2005-10-27,0,1.751443,0.00371874088527933
2005-10-28,0.03,1.709431,0.00785661328011589
2005-10-29,0,1.723678,0.00371449090607026
2005-10-30,0,1.571635,0.003712516306582
2005-10-31,0,1.531022,0.00371059333515273
2005-11-01,0.43,1.626909,0.0628197735024188
2005-11-02,16.79,1.390835,2.35474222259837
2005-11-03,9.61,1.239053,1.36312672010703
2005-11-04,0.04,1.5933,0.00941322555972496
2005-11-05,4.76,1.381366,0.679420361588221
2005-11-06,2.16,1.086596,0.310899018322921
2005-11-07,0,1.118102,0.00377120418702495
2005-11-08,1.96,1.00812,0.282683024942529
2005-11-09,0,1.213065,0.00377257255926571
2005-11-10,0.44,0.9936017,0.0663223266127452
2005-11-11,0,1.051076,0.00377090631716143
2005-11-12,0.69,1.050091,0.101798462245278
2005-11-13,0.35,0.9528222,0.0534823433104446
2005-11-14,0.78,1.148047,0.114569297777449
2005-11-15,0,0.9672437,0.00376955507550844
2005-11-16,5.97,0.8645967,0.856525669933961
2005-11-17,2.47,0.8156803,0.357388940314184
2005-11-18,0.13,0.7428913,0.0223888792570479
2005-11-19,0,0.721917,0.00378388496361963
2005-11-20,0,0.584867,0.00378313242708111
2005-11-21,0,0.5666367,0.00378240317087804
2005-11-22,0.13,0.7606092,0.0223552439177421
2005-11-23,0,0.5914326,0.00378094574518377
2005-11-24,0.03,0.6131673,0.00806305800519668
2005-11-25,2.51,0.6668969,0.36297319453271
2005-11-26,0.2,0.568899,0.0324004334078537
2005-11-27,2.1,0.5638723,0.304855500434218
2005-11-28,1.01,0.5914569,0.148695799123514
2005-11-29,3.98,0.6221925,0.577142036278391
2005-11-30,0.06,0.6370068,0.012436865098099
2005-12-01,0,0.5939674,0.00379586622422465
2005-12-02,0,0.5795554,0.00379511844404864
2005-12-03,10.96,0.6093981,1.59970592574218
2005-12-04,10.68,0.835227,1.57668102399053
2005-12-05,20.54,0.8852936,3.09611228795446
2005-12-06,0.86,0.780482,0.133406506901047
2005-12-07,0.42,0.7203354,0.0671367245684122
2005-12-08,0.22,0.7266342,0.0370069501992854
2005-12-09,5.11,0.6792817,0.777240933770447
2005-12-10,0,0.641126,0.00389126006596859
2005-12-11,0,0.5554378,0.0038905278690775
2005-12-12,0,0.4978358,0.00388987068960709
2005-12-13,0.04,0.6092603,0.00993358728889681
2005-12-14,0.06,0.6748322,0.0129515010356458
2005-12-15,0.58,0.6955155,0.0915130378584658
2005-12-16,0.39,0.6871021,0.0628061586215133
2005-12-17,6.98,0.7945831,1.06584852403849
2005-12-18,4.19,0.5647568,0.644041765676895
2005-12-19,0,0.5699394,0.00390975975793631
2005-12-20,2.13,0.5453842,0.329831631077558
2005-12-21,0,0.5635263,0.00391280136754594
2005-12-22,0,0.5792199,0.00391203469722676
2005-12-23,0.09,0.5903021,0.0176678259717862
2005-12-24,0,0.6611409,0.00391057082397355
2005-12-25,0,0.7195387,0.00390962128513436
2005-12-26,0.06,0.689492,0.0130675382628046
2005-12-27,3.57,0.5497398,0.550765070571885
2005-12-28,1.71,0.4394627,0.26626128236412
2005-12-29,0.69,0.4475311,0.109823846635489
2005-12-30,0.27,0.3878605,0.0453615684156086
2005-12-31,9.99,0.4179907,1.55341420224616
2006-01-01,1.66,0.6755196,0.261753941265471
2006-01-02,3.85,0.6891219,0.604074542812105
2006-01-03,0,0.7122377,0.00394903232801024
2006-01-04,0,0.5916529,0.00394824334029178
2006-01-05,0,0.5178823,0.00394755159874097
2006-01-06,0.59,0.5177258,0.0958279266116914
2006-01-07,0,0.4401883,0.00394751594663319
2006-01-08,0,0.4579959,0.00394690313916224
2006-01-09,0,0.5305783,0.00394619488542656
2006-01-10,0,0.4316201,0.00394561695896669
2006-01-11,0,0.4481434,0.00394501736236093
2006-01-12,3.3,0.4999456,0.518690961452196
2006-01-13,0.57,0.6123654,0.092878649422191
2006-01-14,0,0.541813,0.0039509745895249
2006-01-15,0,0.4790324,0.00395033362146404
2006-01-16,0,0.391807,0.00394980762546256
2006-01-17,0.57,0.463781,0.0928184267514445
2006-01-18,18.58,0.7064641,2.9569771586152
2006-01-19,0.82,0.716875,0.134364754400745
2006-01-20,0,0.6305717,0.00398842695507948
2006-01-21,2.95,0.8116945,0.474030871822003
2006-01-22,1.28,0.7315867,0.208118104003742
2006-01-23,0,0.6536101,0.00399436619421817
2006-01-24,0,0.4829788,0.00399371409026946
2006-01-25,0,0.4536762,0.00399310102280241
2006-01-26,0.42,0.4885271,0.0709067222663992
2006-01-27,0.11,0.5368626,0.021513446304803
2006-01-28,0,0.4089335,0.00399227850240319
2006-01-29,0.1,0.5597329,0.0199108108021997
2006-01-30,0,0.7826701,0.00399068501014196
2006-01-31,0,0.6719809,0.00398978237206983
2006-02-01,0,0.6150579,0.00398895549413155
2006-02-02,0,0.5432889,0.00398822405022505
2006-02-03,0.03,0.4630497,0.00875364133280903
2006-02-04,0,0.4412431,0.00398706654063938
2006-02-05,0,0.650513,0.00398619307825512
2006-02-06,0.5,0.6916068,0.0833656782222368
2006-02-07,0.03,0.7817963,0.00874574092812198
2006-02-08,0.45,0.7870484,0.0753874860673852
2006-02-09,2.95,0.7915451,0.473280715409755
2006-02-10,3.55,0.6819946,0.570590078993466
2006-02-11,0.36,0.7195751,0.0614479681267884
2006-02-12,0,0.7037867,0.00399574997904599
2006-02-13,2.59,0.6666952,0.418074819248232
2006-02-14,0.07,0.6449706,0.01518673646648
2006-02-15,0.27,0.7748904,0.0471393567061923
2006-02-16,22.04,0.9732111,3.60491312398654
2006-02-17,8.62,1.034805,1.42397424998065
2006-02-18,1.93,0.9502857,0.322407946659926
2006-02-19,12.73,0.9093604,2.1300528092952
2006-02-20,1.49,0.9871904,0.253140184707681
2006-02-21,1.27,0.9610401,0.216507193173731
2006-02-22,0.92,0.8301464,0.158026838195565
2006-02-23,0.03,0.7976961,0.00910839348930075
2006-02-24,0,0.7065107,0.00409034915931147
2006-02-25,0,0.7650482,0.0040893015801185
2006-02-26,0,0.7348837,0.00408829510828806
2006-02-27,0,0.5994329,0.00408747239921033
2006-02-28,0.4,0.594277,0.0708566741153989
2006-03-01,3.36,0.7213423,0.566604496900507
2006-03-02,0.39,0.6346496,0.0693829871360009
2006-03-03,0.54,0.6573148,0.0945043744241017
2006-03-04,8.84,0.6795819,1.49680641647686
2006-03-05,0,0.5950798,0.00411027047902255
2006-03-06,0.59,0.5040029,0.103722275180436
2006-03-07,2.9,0.5969318,0.494971525447013
2006-03-08,0.15,0.775813,0.0294949899683132
2006-03-09,11.44,0.8606969,1.96101869305042
2006-03-10,7.09,1.154469,1.22462068467224
2006-03-11,2.47,0.9804657,0.430108980909265
2006-03-12,2.76,0.8441187,0.481164845463564
2006-03-13,0.03,0.6025251,0.00934126432456189
2006-03-14,0,0.6547178,0.00415744646991151
2006-03-15,0,0.7655962,0.00415638387080957
2006-03-16,0,0.8944366,0.00415514450501314
2006-03-17,0,0.8028612,0.00415403121367256
2006-03-18,0,0.9173837,0.00415276092315798
2006-03-19,0,0.9993356,0.00415137846440223
2006-03-20,0,1.104287,0.00414985237398208
2006-03-21,0.26,1.142912,0.0488612872492641
2006-03-22,2.34,1.023736,0.407229763569926
2006-03-23,0.22,1.014172,0.0420301691503029
2006-03-24,0,1.107618,0.00414976027425991
2006-03-25,7.77,1.273506,1.35022197426113
2006-03-26,9.73,1.683638,1.70418496003413
2006-03-27,2.62,1.950993,0.462535895737368
2006-03-28,4.06,1.834449,0.716438434026574
2006-03-29,4.41,1.489434,0.78043818683152
2006-03-30,2.53,1.371952,0.450227327786029
2006-03-31,25.72,1.717335,4.64780475911867
2006-04-01,14.39,1.762839,2.63529280804903
2006-04-02,4.83,1.549207,0.890554127448516
2006-04-03,6.34,1.504987,1.17350727546771
2006-04-04,4.98,1.340376,0.926234111188869
2006-04-05,0,1.231758,0.00430275869644134
2006-04-06,0,1.136354,0.00430114138161576
2006-04-07,0,1.141842,0.00429951681421138
2006-04-08,0,1.253996,0.00429773434411124
2006-04-09,0,1.356024,0.00429580843447753
2006-04-10,0.09,1.452778,0.0208734633039888
2006-04-11,0,1.360654,0.00429199915034461
2006-04-12,0,1.227348,0.00429025683489127
2006-04-13,0.74,1.471256,0.140340488769148
2006-04-14,1.65,1.417903,0.30783931285202
2006-04-15,2.45,1.73055,0.455551472169728
2006-04-16,3.92,1.78059,0.728151219769099
2006-04-17,17.49,1.836359,3.28362067788527
2006-04-18,0,1.865053,0.0043292886151543
2006-04-19,0,1.712098,0.00432684535633132
2006-04-20,0,1.5832,0.00432458619961536
2006-04-21,0,1.72232,0.00432213062391091
2006-04-22,0,2.055787,0.00431920333805891
2006-04-23,0,1.906578,0.00431648913656749
2006-04-24,0,1.664318,0.00431411951704599
2006-04-25,0,2.614495,0.00431040584988011
2006-04-26,1,2.489932,0.189813676933809
2006-04-27,0.52,2.279525,0.100671687078837
2006-04-28,0,2.066842,0.00430379391093608
2006-04-29,0,1.879394,0.00430112610465909
2006-04-30,0,1.488974,0.00429901112482911
2006-05-01,6.57,1.242226,1.22404583838495
2006-05-02,3.03,1.63297,0.567844173119108
2006-05-03,0,2.279322,0.0043112195986396
2006-05-04,0,2.74471,0.00430732380530036
2006-05-05,0,3.133681,0.00430288121837417
2006-05-06,3.03,2.780145,0.565394186207062
2006-05-07,0.03,2.960251,0.00984564263962236
2006-05-08,0,2.775521,0.00429704344765803
2006-05-09,12.56,2.514195,2.34520950100977
2006-05-10,0.38,2.528348,0.0750467435309584
2006-05-11,0.03,2.437027,0.00988797672131292
2006-05-12,0,2.765869,0.00430886376995805
2006-05-13,1.85,2.838433,0.347443951870221
2006-05-14,17.67,2.514401,3.33104209292427
2006-05-15,0,2.326371,0.00433754768122661
2006-05-16,0,2.655017,0.00433375980754599
2006-05-17,5.11,2.925123,0.965984989245295
2006-05-18,1.28,2.969827,0.245037853642276
2006-05-19,0.96,3.010565,0.184665343747333
2006-05-20,2.01,2.310091,0.382037643653992
2006-05-21,20.61,2.148815,3.94646185799912
2006-05-22,2.74,2.531541,0.528913364042549
2006-05-23,6.28,2.563149,1.21155283992796
2006-05-24,2.8,2.043834,0.543280239974846
2006-05-25,2.29,1.911688,0.445501231655575
2006-05-26,8.75,2.128356,1.70106832276043
2006-05-27,14.14,2.629082,2.77695872284694
2006-05-28,2.17,2.9359,0.429935940412692
2006-05-29,1.87,2.826622,0.371052527551798
2006-05-30,10.33,2.018782,2.0459909803891
2006-05-31,3.09,1.813142,0.616110715306581
2006-06-01,1.5,1.825399,0.301419220118171
2006-06-02,2.16,1.812284,0.432410333998475
2006-06-03,0,2.259227,0.00444974966535466
2006-06-04,0,2.48771,0.00444612439618558
2006-06-05,0,2.742347,0.00444213212904555
2006-06-06,0.29,2.678804,0.0615293110141266
2006-06-07,0,2.430686,0.00443528147429399
2006-06-08,0,2.713694,0.00443133867260173
2006-06-09,0,3.084712,0.00442686203405079
2006-06-10,0,3.324333,0.0044220428148593
2006-06-11,0,3.659721,0.00441674371876215
2006-06-12,0,3.942612,0.00441104190826925
2006-06-13,0,3.961734,0.00440531859611269
2006-06-14,0,4.422082,0.00439893911338186
2006-06-15,0.36,4.404413,0.0738182732569201
2006-06-16,6.6,3.662155,1.28184528881687
2006-06-17,0,3.213944,0.00439670067845891
2006-06-18,0,3.410493,0.00439178461313299
2006-06-19,0,3.942181,0.00438610988365417
2006-06-20,0.54,3.871599,0.107965586472167
2006-06-21,0,3.72498,0.00437627956220839
2006-06-22,0,3.518181,0.00437122811815792
2006-06-23,0.48,2.880505,0.0958731031214664
2006-06-24,0,3.093686,0.00436362713855566
2006-06-25,0,3.727085,0.00435828941634064
2006-06-26,8.5,3.789807,1.62624375389463
2006-06-27,1.1,3.535503,0.213983311089227
2006-06-28,0,3.477216,0.00436221622492282
2006-06-29,0,3.872422,0.00435667247553061
2006-06-30,0.22,3.829599,0.0459765490989666
2006-07-01,0,4.328485,0.0043454588422148
2006-07-02,0,4.433869,0.00433913392178045
2006-07-03,0,4.329465,0.00433296490352097
2006-07-04,0,4.457209,0.00432662183540123
2006-07-05,0,4.797611,0.00431980402257737
2006-07-06,0.53,4.549896,0.102883977323731
2006-07-07,0,4.048904,0.00430867966153562
2006-07-08,0.11,3.95075,0.0246557962086313
2006-07-09,0.15,3.992552,0.0319824137557339
2006-07-10,0,3.74398,0.00429266378860153
2006-07-11,0,4.167972,0.00428677667066436
2006-07-12,0,4.747865,0.00428008060129588
2006-07-13,0,4.813864,0.00427330046648196
2006-07-14,39.93,4.265984,7.54724707599292
2006-07-15,0,4.356479,0.00434196074109196
2006-07-16,0,4.018706,0.0043362301920611
2006-07-17,0,4.285995,0.00433012629755828
2006-07-18,0,4.391714,0.00432387953735665
2006-07-19,0,4.628929,0.00431730419051049
2006-07-20,0,4.96938,0.00431025551674541
2006-07-21,0,5.001661,0.00430317073141261
2006-07-22,0,5.331844,0.0042956298623051
2006-07-23,2.51,4.568414,0.466756166735687
2006-07-24,0.1,4.465701,0.0226605928530072
2006-07-25,0,4.750831,0.00428148156372383
2006-07-26,0,5.349794,0.00427394684360104
2006-07-27,0,5.65498,0.00426599513010534
2006-07-28,0.03,4.900592,0.00969654317181066
2006-07-29,0.55,3.810304,0.103742384307868
2006-07-30,0,3.927917,0.00424944103818436
2006-07-31,0.68,3.800787,0.126702668792429
2006-08-01,0.81,3.653794,0.149872614237905
2006-08-02,4.81,3.003323,0.871345573390361
2006-08-03,10.41,2.675501,1.89640100047002
2006-08-04,0.33,2.578596,0.0641604407138258
2006-08-05,18.72,2.739754,3.45707078888941
2006-08-06,1.75,3.501988,0.326862061068969
2006-08-07,0.03,3.528031,0.00980728239371069
2006-08-08,0,3.567246,0.00428520975407329
2006-08-09,0,3.291851,0.0042805634342307
2006-08-10,0.62,2.788448,0.11764065358299
2006-08-11,1.96,2.521464,0.362725404772965
2006-08-12,10.29,2.316128,1.90175341778738
2006-08-13,2.22,2.329921,0.413894655209224
2006-08-14,0,2.424958,0.00429382988391801
2006-08-15,3.32,2.519591,0.616781049716843
2006-08-16,4.86,2.672488,0.903444795210399
2006-08-17,0.52,2.662792,0.100383477032982
2006-08-18,4.93,3.122262,0.917627910932549
2006-08-19,4.55,3.004925,0.849192933209072
2006-08-20,2.29,2.870884,0.429653215393354
2006-08-21,2.98,2.601081,0.558423678416469
2006-08-22,4.1,2.593484,0.768329699122042
2006-08-23,0,2.549566,0.00431501490188615
2006-08-24,0,2.728572,0.00431113912527106
2006-08-25,19.03,2.385486,3.59610635037379
2006-08-26,10.92,2.386554,2.08318785678669
2006-08-27,0.5,2.413896,0.0994398305326006
2006-08-28,1.12,2.515089,0.217203506787231
2006-08-29,11.05,2.100826,2.1229365199204
2006-08-30,4.72,1.925744,0.912120476459391
2006-08-31,0,2.002639,0.00438438376098854
2006-09-01,0,2.103298,0.00438135367094151
2006-09-02,0,2.585042,0.00437763466679434
2006-09-03,0,2.825362,0.00437357403789687
2006-09-04,2.85,3.081168,0.549390775995996
2006-09-05,0,3.064568,0.00437050763325724
2006-09-06,0,2.807721,0.00436647767118896
2006-09-07,0,3.035901,0.0043621246564528
2006-09-08,0,2.618402,0.00435837142807059
2006-09-09,0,2.175367,0.00435525323984358
2006-09-10,0,2.246124,0.00435203593814922
2006-09-11,0,2.530095,0.00434841573670004
2006-09-12,0,2.718208,0.00434453003950534
2006-09-13,0,2.874105,0.00434042530273979
2006-09-14,0,2.895916,0.00433629273861863
2006-09-15,0,2.747738,0.0043323739913069
2006-09-16,0,2.73487,0.00432847643374167
2006-09-17,0,2.40794,0.00432504574188757
2006-09-18,0,2.678368,0.00432123374312946
2006-09-19,1.43,2.399691,0.271050489878814
2006-09-20,0,2.083848,0.00431775972148709
2006-09-21,0.1,2.081233,0.0229180275311823
2006-09-22,0,2.278032,0.0043117642425967
2006-09-23,0,2.649146,0.00430800322744188
2006-09-24,0,2.621812,0.0043042835557929
2006-09-25,0.7,2.68054,0.133733702234873
2006-09-26,0.71,2.27936,0.135471948310923
2006-09-27,0.19,2.122584,0.0393570070158127
2006-09-28,0,1.876615,0.00429484080270783
2006-09-29,0,1.930407,0.00429210561357644
2006-09-30,0,2.025467,0.00428923784361726
2006-10-01,14.33,1.997627,2.67081397925406
2006-10-02,5.45,2.178683,1.02220295941228
2006-10-03,0.88,1.950745,0.168602052321719
2006-10-04,17.49,1.766855,3.31933115453138
2006-10-05,0.27,1.603188,0.0554870755618063
2006-10-06,0.8,1.547164,0.155817740774097
2006-10-07,11.91,1.874038,2.28152453078501
2006-10-08,2.73,1.649406,0.527094336292887
2006-10-09,0,1.301947,0.00437574762121747
2006-10-10,0,1.510334,0.00437357187046449
2006-10-11,0.76,1.916001,0.149540069122172
2006-10-12,0,1.654135,0.0043699722507546
2006-10-13,0.04,1.797016,0.0119908128931635
2006-10-14,0,2.025724,0.00436455996364886
2006-10-15,0,1.731451,0.00436207266746189
2006-10-16,0,1.520572,0.00435988787921187
2006-10-17,0,1.403569,0.00435787113216605
2006-10-18,0,1.310002,0.00435598877167057
2006-10-19,0,1.485701,0.00435385626676477
2006-10-20,2.51,1.616091,0.480347146530344
2006-10-21,4.67,1.776714,0.892780807730319
2006-10-22,1.89,1.745203,0.364134281533389
2006-10-23,3.34,1.81631,0.641360898128294
2006-10-24,20.27,1.930539,3.93787808333526
2006-10-25,17.22,1.529007,3.3952985297857
2006-10-26,0,1.412991,0.00443732228494156
2006-10-27,0,1.708703,0.0044348339512303
2006-10-28,0,1.780439,0.00443224285793921
2006-10-29,0.09,1.708365,0.0220768412661529
2006-10-30,0.48,1.634229,0.0984853025270803
2006-10-31,0,1.140033,0.00442686408556526
2006-11-01,1.2,1.082988,0.239481688549918
2006-11-02,1.82,0.964431,0.361291078457391
2006-11-03,0.79,0.7605854,0.159364911837198
2006-11-04,0,0.8545902,0.00442917387614508
2006-11-05,0,0.9481588,0.0044277899717052
2006-11-06,0,0.9193982,0.00442644804351567
2006-11-07,0,0.9116619,0.00442511764223384
2006-11-08,0,0.8268558,0.00442391024109389
2006-11-09,0.03,0.9273551,0.0102854875337297
2006-11-10,1.1,1.114316,0.219452422611972
2006-11-11,0.03,0.7095165,0.0102840724924926
2006-11-12,4.32,0.8355081,0.851387164035579
2006-11-13,1.85,0.9514834,0.367515166907524
2006-11-14,3.29,1.053415,0.651614644842774
2006-11-15,3.65,1.315407,0.724186962399972
2006-11-16,0,1.285559,0.00444061776400925
2006-11-17,0.51,1.270585,0.104884216894059
2006-11-18,8.25,1.187549,1.64014470932953
2006-11-19,0.66,0.9402765,0.135306429311771
2006-11-20,16.94,0.9359483,3.41215287371533
2006-11-21,17.59,0.881795,3.59629559810836
2006-11-22,8.55,0.9763085,1.76241563182954
2006-11-23,1.98,0.8075814,0.412116555922807
2006-11-24,25.38,1.083009,5.34125238154769
2006-11-25,5.27,1.135842,1.11692459201715
2006-11-26,4.58,1.407379,0.974205463343289
2006-11-27,0.34,1.056545,0.0765525292516042
2006-11-28,0,0.9674931,0.00460063527300851
2006-11-29,0.38,1.02429,0.0849364271359212
2006-11-30,0.03,0.9460962,0.0109370742369474
2006-12-01,0.24,0.7327512,0.0552926667554954
2006-12-02,0,0.8916934,0.00459650299104424
2006-12-03,0.1,0.8705289,0.0256956617990332
2006-12-04,13.13,1.051893,2.80440123989579
2006-12-05,16.38,1.016901,3.54383111196142
2006-12-06,4.6,1.272633,1.00159499626209
2006-12-07,2.19,0.9761119,0.479860676683677
2006-12-08,10.81,0.8848088,2.37024806983877
2006-12-09,13.83,0.9940333,3.06410532264822
2006-12-10,2.41,0.7947422,0.538622982676436
2006-12-11,0,0.6095968,0.00470776355367539
2006-12-12,3.54,0.7145317,0.790585055898384
2006-12-13,2.2,0.7840955,0.493748151624667
2006-12-14,0.15,0.779254,0.0380459323229196
2006-12-15,0,0.8028575,0.00471447677816531
2006-12-16,0,0.5791272,0.00471358264439654
2006-12-17,3.97,0.706076,0.888544335581723
2006-12-18,0,0.6121042,0.00471926464455073
2006-12-19,0.22,0.6152815,0.0536659360839779
2006-12-20,0,0.632099,0.00471776670757801
2006-12-21,0,0.5945614,0.00471684854208231
2006-12-22,0,0.7432586,0.00471570392235869
2006-12-23,0,0.6758961,0.00471466215936278
2006-12-24,0,0.6088232,0.0047137227585682
2006-12-25,0,0.6640194,0.00471269944016301
2006-12-26,0,0.5150117,0.00471190322236977
2006-12-27,0,0.5376472,0.00471107264644724
2006-12-28,0,0.5005325,0.0047102986968614
2006-12-29,0.03,0.5033704,0.0113582881431039
2006-12-30,0,0.5271747,0.00470876460309392
2006-12-31,19.35,0.668015,4.35834881033458
2007-01-01,10,0.9901223,2.27160660209355
2007-01-02,13.94,0.8833843,3.19869788015091
2007-01-03,5.28,0.7147818,1.21912030054968
2007-01-04,0.43,0.7655866,0.103675759639992
2007-01-05,3.81,0.8574706,0.883103886108339
2007-01-06,2.04,0.8818367,0.475575981156123
2007-01-07,10.9,1.043456,2.54044708462708
2007-01-08,0,0.9019123,0.00482360485525535
2007-01-09,11.59,0.9696581,2.72254075087164
2007-01-10,2.4,1.184793,0.568249712336095
2007-01-11,3.14,1.032169,0.743304062508916
2007-01-12,5.24,0.8568484,1.24158693283614
2007-01-13,0.17,0.9369128,0.0449627106821796
2007-01-14,0.44,1.086821,0.108619041305052
2007-01-15,0.56,0.8524475,0.13690238441016
2007-01-16,0,0.5613311,0.00485686013662004
2007-01-17,0.07,0.7308876,0.0213484567806869
2007-01-18,17.2,1.040246,4.10945034365685
2007-01-19,41.8,1.22803,10.2961866723269
2007-01-20,6.31,1.233655,1.56471168452996
2007-01-21,3.89,1.134227,0.968657039092233
2007-01-22,3.07,0.8719943,0.766856830462199
2007-01-23,0,0.7245337,0.00498235550517749
2007-01-24,0.04,0.5394815,0.0149004235021297
2007-01-25,0,0.536026,0.00498069265679801
2007-01-26,0,0.4866848,0.00497990512995215
2007-01-27,0.05,0.4556527,0.0173664023614925
2007-01-28,0.6,0.6817537,0.153626801921959
2007-01-29,0.06,0.7300378,0.0198366386037332
2007-01-30,0.43,0.8509507,0.111439045915156
2007-01-31,0,0.9172454,0.00497619906241395
2007-02-01,0,0.8697195,0.00497480267898337
2007-02-02,0,0.9545065,0.00497327175628914
2007-02-03,0.03,1.060443,0.0123811388365125
2007-02-04,0,0.8533794,0.00497025985812203
2007-02-05,0,0.7802819,0.00496900696678354
2007-02-06,0.33,0.6552955,0.0863730088501486
2007-02-07,4.15,0.6837842,1.0314652621152
2007-02-08,1.45,0.6847117,0.363864542126641
2007-02-09,14.03,0.7375471,3.51270126954218
2007-02-10,0.84,0.8752164,0.215027872805801
2007-02-11,3.53,0.9397408,0.889416177859519
2007-02-12,14.81,1.077894,3.75405777490603
2007-02-13,14,1.083452,3.58334976831654
2007-02-14,2.96,1.002059,0.762775379083466
2007-02-15,14.92,0.9533609,3.86388019345554
2007-02-16,0,1.003201,0.00508583343517651
2007-02-17,0,0.856263,0.00508443423008418
2007-02-18,0,0.8881834,0.00508298366934784
2007-02-19,0,0.9038812,0.00508150803864012
2007-02-20,0,0.9381504,0.00507997731233093
2007-02-21,0,0.9226408,0.00507847203902321
2007-02-22,1.18,0.8813277,0.309276114990551
2007-02-23,0,1.099098,0.00507743268237753
2007-02-24,1.7,1.224402,0.443219772586862
2007-02-25,10.63,1.228775,2.76387633876574
2007-02-26,14.7,1.117206,3.85814896482895
2007-02-27,4.83,1.088919,1.2746441069459
2007-02-28,4.38,1.058435,1.15921513999608
2007-03-01,11.6,1.29858,3.08448869293827
2007-03-02,21.1,1.217096,5.6861141238153
2007-03-03,2.25,1.059463,0.611528022357192
2007-03-04,10.66,1.1775,2.8972529129869
2007-03-05,0,1.132171,0.00520862777622826
2007-03-06,3.15,1.288491,0.86036540861865
2007-03-07,13.12,1.25329,3.59679170724923
2007-03-08,6.91,1.190425,1.90446335891559
2007-03-09,0,1.075671,0.00524269899176651
2007-03-10,3.84,0.9890859,1.06208678027916
2007-03-11,0,1.10021,0.0052461624040993
2007-03-12,0,1.122617,0.00524428619290085
2007-03-13,0,1.163444,0.00524234279732652
2007-03-14,0,1.222282,0.00524030241373461
2007-03-15,0,1.334261,0.00523807705226949
2007-03-16,0,1.247331,0.00523599648145656
2007-03-17,0,1.187288,0.00523401602870328
2007-03-18,0.26,1.302366,0.0763618665594062
2007-03-19,9.03,1.262067,2.48911811889156
2007-03-20,2.67,0.9292095,0.740602715999456
2007-03-21,2.65,0.9419255,0.735993641664879
2007-03-22,2.95,0.9950124,0.8198605708486
2007-03-23,3.41,0.9648929,0.94851906167794
2007-03-24,1.67,1.007223,0.467443726055663
2007-03-25,0.7,1.132908,0.198944018526022
2007-03-26,0.42,1.37928,0.12140126571404
2007-03-27,0,1.620343,0.00525773885089175
2007-03-28,0,1.48899,0.00525525048345324
2007-03-29,0.59,1.497669,0.167992849998493
2007-03-30,2.19,1.519264,0.609648478756855
2007-03-31,1.49,1.430789,0.416511539517429
2007-04-01,4.1,1.46369,1.13904580600049
2007-04-02,0,1.787156,0.00525753035500974
2007-04-03,0,1.808416,0.00525451132556157
2007-04-04,0.17,1.409192,0.0521192321600464
2007-04-05,0,1.420167,0.00525009235168077
2007-04-06,0,1.52033,0.00524755483953433
2007-04-07,0,1.795482,0.00524456181425496
2007-04-08,0,1.578328,0.00524193024246015
2007-04-09,0,1.574736,0.0052393056737969
2007-04-10,0,1.7514,0.0052363894233264
2007-04-11,0,1.757233,0.00523346480180832
2007-04-12,0,1.876821,0.00523034351570226
2007-04-13,0,2.341811,0.00522645445620408
2007-04-14,0,2.551093,0.00522222173309268
2007-04-15,0,2.840632,0.0052175134688543
2007-04-16,0,2.793692,0.00521288605367331
2007-04-17,0,2.670284,0.00520846545423603
2007-04-18,0.11,2.251117,0.0349839799560525
2007-04-19,0.13,1.719758,0.0403604134408476
2007-04-20,0,1.770438,0.00519939619976914
2007-04-21,0.04,1.881214,0.0159894028241661
2007-04-22,0.03,1.832928,0.0132788896192725
2007-04-23,0,2.150896,0.00518982700846184
2007-04-24,0,2.509893,0.00518568560830174
2007-04-25,0.07,3.020765,0.0239559564625177
2007-04-26,0,3.271975,0.00517544922272917
2007-04-27,0.06,2.898417,0.0212013748123705
2007-04-28,0.13,2.844012,0.0398396561898045
2007-04-29,0.27,2.757627,0.0770635492507386
2007-04-30,0.03,2.695275,0.0131334348783221
2007-05-01,0.12,2.543535,0.0370070240485667
2007-05-02,0.38,2.52194,0.105883823498843
2007-05-03,0.42,2.378257,0.116348875739968
2007-05-04,0.04,2.31667,0.0157189750163752
2007-05-05,2.18,2.334802,0.581537431119993
2007-05-06,0,2.98098,0.005138989479451
2007-05-07,0.03,2.799354,0.0130374883804132
2007-05-08,13.9,2.359743,3.69783964400945
2007-05-09,1.7,2.432111,0.456625402302621
2007-05-10,16.27,2.296554,4.36969083661079
2007-05-11,0,2.832992,0.00517654621639331
2007-05-12,1.85,2.430684,0.500435591796849
2007-05-13,7.03,2.432104,1.89360963223028
2007-05-14,12.83,2.564849,3.47716724366725
2007-05-15,2.6,2.491665,0.708965151083905
2007-05-16,3.76,2.153939,1.02423963112613
2007-05-17,16.22,2.091313,4.44514057565999
2007-05-18,6.62,2.256397,1.82305668633997
2007-05-19,0.03,2.471938,0.0134630725249179
2007-05-20,1.88,2.900028,0.52039768211575
2007-05-21,4.18,3.202664,1.15163983285694
2007-05-22,0,3.571619,0.00523291606942576
2007-05-23,0,3.647683,0.00522686525015206
2007-05-24,0,3.439071,0.00522116467299748
2007-05-25,0,3.89349,0.00521471890628862
2007-05-26,1.06,4.039923,0.29272654695014
2007-05-27,6.98,3.436336,1.90358875878398
2007-05-28,5.02,2.637963,1.37301740505286
2007-05-29,1.49,2.297534,0.411028467635496
2007-05-30,0.6,2.112245,0.168479700499937
2007-05-31,1.34,2.319103,0.369637486684449
2007-06-01,1.79,2.886993,0.491731492306478
2007-06-02,20.56,2.596715,5.66421053973466
2007-06-03,0,3.345914,0.00524265581258887
2007-06-04,0,3.388029,0.00523702610788256
2007-06-05,0,3.557964,0.00523111998020869
2007-06-06,0,3.826997,0.0052247743713231
2007-06-07,0,4.307184,0.00521764193620868
2007-06-08,3.94,4.445396,1.07698532051363
2007-06-09,29.31,4.069629,8.12013605972979
2007-06-10,10.6,4.046522,2.95384492620728
2007-06-11,0.26,3.653285,0.0774394410729915
2007-06-12,0,3.829153,0.00526400958468025
2007-06-13,0,3.68477,0.00525786862968287
2007-06-14,0.07,3.548856,0.0245473817357414
2007-06-15,4.72,3.792321,1.30741353378843
2007-06-16,1.56,3.390762,0.435163940096847
2007-06-17,2.44,2.987031,0.677535728924755
2007-06-18,2.19,3.351696,0.608281884113051
2007-06-19,1.94,3.590299,0.53893976746769
2007-06-20,0,4.275302,0.00523976416175688
2007-06-21,5.57,3.97617,1.53543602610244
2007-06-22,1.22,3.414429,0.33995602688212
2007-06-23,7.81,2.879175,2.15564307284745
2007-06-24,15.35,2.890103,4.26867289443713
2007-06-25,16.25,3.422012,4.55902192241298
2007-06-26,12.71,2.821688,3.59138222034751
2007-06-27,12.36,2.464177,3.51628316457295
2007-06-28,0.24,2.467374,0.0734062721733719
2007-06-29,6.39,2.686004,1.82262329134135
2007-06-30,2.92,2.81332,0.835919459613952
2007-07-01,0.47,3.224695,0.138790372284772
2007-07-02,0,3.444295,0.00532483340003562
2007-07-03,4.74,3.087645,1.350014954384
2007-07-04,19.89,2.581028,5.71399622691381
2007-07-05,6.38,2.61873,1.84122778876764
2007-07-06,6.2,2.754533,1.79366997817173
2007-07-07,2.8,2.981329,0.81296801621121
2007-07-08,0,2.818891,0.00536763113162793
2007-07-09,0.54,3.114996,0.160586957372282
2007-07-10,2.31,2.686867,0.669266985994773
2007-07-11,0.5,2.718639,0.148862416222196
2007-07-12,0.93,2.523867,0.272012141191645
2007-07-13,0.56,2.937147,0.165681490786053
2007-07-14,0.13,4.014497,0.0424742385471088
2007-07-15,0,4.531443,0.00533840047836422
2007-07-16,0,5.0155,0.00532995595620507
2007-07-17,0,4.6067,0.00532220755666729
2007-07-18,1.56,3.865216,0.446277307925157
2007-07-19,0,3.681824,0.00531231926027639
2007-07-20,4.52,3.436576,1.28111359115971
2007-07-21,10.41,3.519786,2.95770137807349
2007-07-22,0,3.150485,0.00532206785724581
2007-07-23,0,3.138306,0.00531678928723787
2007-07-24,1.98,2.684003,0.564430279761011
2007-07-25,3.09,3.013151,0.878029863934592
2007-07-26,0,3.201598,0.00531092148955007
2007-07-27,0,3.529157,0.00530499758860213
2007-07-28,0,3.510686,0.00529910980082312
2007-07-29,7.5,3.272223,2.11620551217534
2007-07-30,4.42,2.760532,1.25087969784704
2007-07-31,0,2.544953,0.00530610854116124
2007-08-01,0,2.506059,0.00530190007253473
2007-08-02,0,2.93718,0.00529697352298699
2007-08-03,4.35,3.03917,1.22621178519226
2007-08-04,0,3.266202,0.00529422298538891
2007-08-05,0,3.353098,0.00528860772255957
2007-08-06,0,3.860483,0.00528215101950034
2007-08-07,6.47,3.64281,1.8130094087254
2007-08-08,0.32,3.062259,0.0945375385598324
2007-08-09,0.88,2.778073,0.250445147481806
2007-08-10,4.67,2.509406,1.30840946016873
2007-08-11,1.23,3.238931,0.348086751900299
2007-08-12,0,3.401731,0.00527542893980465
2007-08-13,2.2,3.156409,0.616799988708566
2007-08-14,0,3.074136,0.00526899121941076
2007-08-15,0.62,3.234817,0.176989056059121
2007-08-16,17.63,3.471575,4.93660207166202
2007-08-17,1.03,2.780097,0.293085375215621
2007-08-18,0.17,2.514845,0.052714337879158
2007-08-19,0,2.505285,0.00527974779462966
2007-08-20,6.46,2.754937,1.80957539434303
2007-08-21,4.96,2.387256,1.39321246512414
2007-08-22,3.36,2.638337,0.946075238842839
2007-08-23,26.28,2.428957,7.48342083329269
2007-08-24,0.19,2.840125,0.0593069365732795
2007-08-25,0,3.021453,0.00532669481129074
2007-08-26,0,3.296874,0.00532114661020017
2007-08-27,0,3.230543,0.00531571415936574
2007-08-28,0,2.847615,0.00531092747493924
2007-08-29,0,2.279299,0.00530709563835316
2007-08-30,0,2.469016,0.00530294853151213
2007-08-31,0,2.286143,0.00529910980893704
2007-09-01,0,2.66167,0.00529464568589589
2007-09-02,0.03,2.598874,0.0136807173017359
2007-09-03,0,2.415577,0.00528629586671792
2007-09-04,8.24,2.22065,2.31600109197366
2007-09-05,1.19,1.870173,0.338876340123499
2007-09-06,0.28,1.809521,0.0837081168309404
2007-09-07,0.27,2.387941,0.0808035987914932
2007-09-08,0.13,2.371202,0.0415934358522213
2007-09-09,0,2.38547,0.00528260529443607
2007-09-10,0,2.283628,0.00527878243837359
2007-09-11,1.23,1.880311,0.347659952654288
2007-09-12,0.03,2.055126,0.0136145363393718
2007-09-13,0,2.068384,0.00527100708367292
2007-09-14,0,1.953667,0.00526774011293943
2007-09-15,0,2.049237,0.00526431573836585
2007-09-16,0,2.215427,0.00526061678228157
2007-09-17,0,2.000933,0.00525727636321628
2007-09-18,0.77,2.077052,0.217755703023294
2007-09-19,1.61,1.658407,0.449598991975068
2007-09-20,0,1.417313,0.00525298026397603
2007-09-21,0,1.713372,0.00525012111095596
2007-09-22,0,1.715962,0.00524725889493258
2007-09-23,0,1.948336,0.00524401245198954
2007-09-24,0,2.258395,0.00524025359523455
2007-09-25,3.34,2.001274,0.922712239989581
2007-09-26,0,1.654806,0.00524021892875715
2007-09-27,0.81,1.47894,0.227420640336208
2007-09-28,17.91,1.520576,4.9740320686291
2007-09-29,1.98,1.556552,0.554782848975245
2007-09-30,1.31,1.601824,0.368792737032251
2007-10-01,0.11,1.821827,0.0357586745408298
2007-10-02,0,1.911037,0.00526364507111486
2007-10-03,0,2.339129,0.00525974082786734
2007-10-04,0.03,2.279755,0.0135377144562709
2007-10-05,0,2.271092,0.00525220504835828
2007-10-06,0,1.800353,0.00524920183145094
2007-10-07,0,1.587189,0.00524655370617499
2007-10-08,0,1.40789,0.00524420408406773
2007-10-09,0,1.407783,0.00524185547514973
2007-10-10,1.44,1.478465,0.400650386792454
2007-10-11,5.62,1.565396,1.55290186442878
2007-10-12,0,1.412938,0.00524721076942845
2007-10-13,0,1.420557,0.00524483989715448
2007-10-14,0,1.411482,0.00524248492706614
2007-10-15,0,1.321315,0.0052402802943482
2007-10-16,0.03,1.332127,0.0134635663573608
2007-10-17,0,1.514491,0.0052355896611481
2007-10-18,1.71,1.321046,0.473796850521893
2007-10-19,0,1.195626,0.00523449618736778
2007-10-20,0,0.9941499,0.00523283606694215
2007-10-21,0,0.9254265,0.00523129016577979
2007-10-22,0.83,0.8711892,0.232214018960158
2007-10-23,0,0.9185676,0.00522980756460953
2007-10-24,0,0.914166,0.005228281013265
2007-10-25,0,0.9609404,0.00522667741412353
2007-10-26,0,1.148504,0.00522476392012966
2007-10-27,0,1.144724,0.0052228572342483
2007-10-28,0,1.122187,0.00522098836142829
2007-10-29,0,1.059696,0.00521922330789208
2007-10-30,15.28,1.071194,4.20598380857078
2007-10-31,0.77,1.080656,0.21689799737772
2007-11-01,0,0.8699238,0.00524326538022543
2007-11-02,0,0.9150839,0.00524173418416832
2007-11-03,0.17,1.325481,0.0518813319454188
2007-11-04,0.06,1.380964,0.0216855569679437
2007-11-05,0,1.182654,0.0052356641926279
2007-11-06,0,1.052429,0.00523390723371116
2007-11-07,4.39,0.9893813,1.20986594169465
2007-11-08,0.33,0.9550949,0.0957574407812097
2007-11-09,9.78,1.100047,2.70416121711738
2007-11-10,9.4,0.776849,2.61481089918234
2007-11-11,3.16,0.8975085,0.883921892837788
2007-11-12,2.27,1.04977,0.637015609785841
2007-11-13,0.07,0.7597936,0.0247485200582792
2007-11-14,4.77,0.7299483,1.33589796012416
2007-11-15,0.53,0.7116808,0.153115538117286
2007-11-16,0.07,0.6309774,0.024800373799848
2007-11-17,0,0.5476907,0.00528137804025591
2007-11-18,0,0.6117775,0.00528034400254665
2007-11-19,0,0.6262208,0.00527928603261225
2007-11-20,8.54,0.6702339,2.39662828662132
2007-11-21,4.12,0.8734195,1.16155395897154
2007-11-22,7.4,0.9561988,2.09123929828626
2007-11-23,0,1.021733,0.00530940483412194
2007-11-24,1.51,0.9140477,0.430862936457545
2007-11-25,0,0.6137285,0.00530952894111702
2007-11-26,1.24,0.7302099,0.354763823061525
2007-11-27,2.09,0.7178354,0.594873521798775
2007-11-28,1.41,0.7513988,0.403244346889355
2007-11-29,0,0.6026742,0.00531328573093391
2007-11-30,1.29,0.5585133,0.369425042629617
2007-12-01,0.28,0.7762789,0.0843213759500587
2007-12-02,12.38,0.8895213,3.52579839915008
2007-12-03,32.79,0.946073,9.52862015619704
2007-12-04,8.94,0.8325739,2.61574940247241
2007-12-05,4.38,0.7837103,1.28733609149662
2007-12-06,3.72,1.008369,1.0961247301914
2007-12-07,11.21,0.9921537,3.3141664764354
2007-12-08,12.32,0.9966976,3.66853488368864
2007-12-09,8.2,0.7202448,2.45531112147835
2007-12-10,15.1,0.8409903,4.55800411374452
2007-12-11,2.89,0.8034015,0.877962669287906
2007-12-12,1.83,0.7235334,0.558348452994411
2007-12-13,0,0.654707,0.00549711923602596
2007-12-14,0,0.7352492,0.0054958393187127
2007-12-15,0,0.5655723,0.00549485174277587
2007-12-16,0,0.5305481,0.00549392459703731
2007-12-17,0,0.4869337,0.00549307264355062
2007-12-18,0,0.4699497,0.00549225002392787
2007-12-19,0,0.480215,0.00549140983683656
2007-12-20,0,0.4960719,0.00549054246784171
2007-12-21,0,0.4392978,0.00548977288096157
2007-12-22,0,0.384399,0.00548909781920299
2007-12-23,0.14,0.345081,0.0476368056440555
2007-12-24,0,0.3718117,0.00548808177371514
2007-12-25,0,0.407578,0.00548736701171297
2007-12-26,0,0.4069361,0.00548665342706511
2007-12-27,1.87,0.4828996,0.568536956295582
2007-12-28,0.42,0.6035321,0.131934049027418
2007-12-29,0.32,0.6235852,0.101808987242305
2007-12-30,4.16,0.6364212,1.26047489848527
2007-12-31,1.4,0.6876386,0.428036493053141
2008-01-01,0.03,0.621906,0.0145456436710082
2008-01-02,0.03,0.58448,0.0145414874281245
2008-01-03,0,0.4672828,0.00549281311302193
2008-01-04,1.14,0.5013281,0.349349478391766
2008-01-05,0,0.5589762,0.00549295085019896
2008-01-06,16.79,0.7875598,5.1194759781045
2008-01-07,1.87,0.6959366,0.5755135637154
2008-01-08,3.27,0.788749,1.00380279736437
2008-01-09,0.68,0.7426555,0.213110671029222
2008-01-10,4.06,0.6748454,1.24756167635723
2008-01-11,5.15,0.8309017,1.58528045111272
2008-01-12,13.18,1.036875,4.07911732124474
2008-01-13,0.61,0.7670174,0.194074413201131
2008-01-14,0,0.6155949,0.00555989715631796
2008-01-15,3.38,0.6886255,1.05144545015166
2008-01-16,8.38,0.8901357,2.61063653149861
2008-01-17,13.9,0.8797913,4.36129455631084
2008-01-18,8.22,0.8656537,2.59299241561602
2008-01-19,2.91,0.9967545,0.922638631159402
2008-01-20,0.95,1.172118,0.304939936440564
2008-01-21,0.28,1.128609,0.0937881273371243
2008-01-22,3.37,1.014853,1.06836645258469
2008-01-23,5.01,0.8115083,1.5895711122179
2008-01-24,0,0.6427591,0.00562349696536012
2008-01-25,0.79,0.7812077,0.255283196112237
2008-01-26,0.03,0.6253767,0.0150995821909541
2008-01-27,0,0.7022861,0.00562116004293676
2008-01-28,0,0.7244935,0.00561987633638545
2008-01-29,0,0.797089,0.00561846568564988
2008-01-30,0,0.6987271,0.00561722759163637
2008-01-31,2.18,0.6267238,0.693667563463416
2008-02-01,5.25,0.6489212,1.66723931626419
2008-02-02,21.52,0.7490634,6.90225797322349
2008-02-03,0.1,0.6599474,0.037697851938224
2008-02-04,0,0.6299449,0.00566075963056708
2008-02-05,9.06,0.8294688,2.92123481871503
2008-02-06,20.58,0.895276,6.705987258654
2008-02-07,12.38,1.021215,4.06317070934097
2008-02-08,0.03,0.6629166,0.0155539086296161
2008-02-09,0,0.70842,0.0057243044102588
2008-02-10,0,0.7958283,0.00572287554162591
2008-02-11,0,0.8152787,0.00572141239251092
2008-02-12,0,0.9415926,0.00571972515730299
2008-02-13,0,0.8856408,0.00571813767598051
2008-02-14,0,0.6740624,0.0057169262268761
2008-02-15,0.03,0.6989262,0.0155102276896708
2008-02-16,0,0.7226058,0.00571442412340595
2008-02-17,0,0.6552571,0.00571324666541968
2008-02-18,0,0.6777739,0.0057120294395542
2008-02-19,0,0.7049456,0.00571076420703489
2008-02-20,0,0.7162226,0.00570947918891637
2008-02-21,2.6,0.7442772,0.85362006552274
2008-02-22,0,0.9790944,0.00571077271714965
2008-02-23,0,1.192035,0.00570864374174497
2008-02-24,0,1.185586,0.00570652681969394
2008-02-25,0,1.000129,0.00570473924558016
2008-02-26,2.12,1.201867,0.695538879096721
2008-02-27,4.58,1.285197,1.49884554039379
2008-02-28,0,1.055688,0.00570970455366181
2008-02-29,7.64,1.104381,2.5043011704058
2008-03-01,13.98,1.297897,4.61157095620645
2008-03-02,14.51,1.311042,4.8227188212204
2008-03-03,2.27,1.317964,0.759719445568778
2008-03-04,3.79,1.144552,1.26643704680286
2008-03-05,6.18,0.8297875,2.06770687533439
2008-03-06,0.06,0.8047804,0.0257860242922686
2008-03-07,0,0.7896094,0.0057752642648275
2008-03-08,0,1.051532,0.0057733679561935
2008-03-09,0,1.079973,0.00577142125921835
2008-03-10,1.3,1.173151,0.438524125585198
2008-03-11,8.65,1.125538,2.89760973648907
2008-03-12,25.72,1.241975,8.72456294637242
2008-03-13,7.3,1.291372,2.48868954167679
2008-03-14,3.1,1.175764,1.06127628593168
2008-03-15,4.6,1.423751,1.57465928576782
2008-03-16,1.99,1.509442,0.684651300416229
2008-03-17,13.68,1.393486,4.70413271813289
2008-03-18,1.12,1.11256,0.390490699367276
2008-03-19,0.21,1.005028,0.0779417544743205
2008-03-20,1.11,0.9537075,0.386871898925581
2008-03-21,3.96,0.9723478,1.36734032187587
2008-03-22,14.98,1.012238,5.19593592920918
2008-03-23,4.63,0.9656111,1.61318331227786
2008-03-24,0,0.8544,0.00589218087878661
2008-03-25,4.28,0.8129117,1.49366336294091
2008-03-26,0.83,0.8733795,0.294388272501802
2008-03-27,1.44,1.075798,0.506476004942467
2008-03-28,7.23,1.047708,2.52763130459285
2008-03-29,5.79,1.253853,2.03025481439032
2008-03-30,0,1.425041,0.00591214451181056
2008-03-31,3.51,1.584664,1.23318456808816
2008-04-01,2.08,1.558716,0.733315370714696
2008-04-02,0,1.373512,0.00591295291785959
2008-04-03,0,1.468333,0.00591026219857871
2008-04-04,0,1.390292,0.0059077145542714
2008-04-05,0.03,1.42444,0.0163599201741793
2008-04-06,3.9,1.377234,1.3667900772629
2008-04-07,7.38,1.111414,2.58980702629667
2008-04-08,2.31,0.9883765,0.815227537598641
2008-04-09,0,1.064545,0.00591890366881286
2008-04-10,3.14,1.20845,1.10636102152739
2008-04-11,0,1.40786,0.00591919902633907
2008-04-12,0.28,1.507517,0.103883072549236
2008-04-13,0.58,1.357282,0.208739152353195
2008-04-14,8.4,1.536396,2.95412467680284
2008-04-15,14.78,1.365623,5.2308747200979
2008-04-16,0.69,1.375489,0.249753989585376
2008-04-17,0,1.221062,0.00594385896841094
2008-04-18,0,1.254604,0.00594154833829267
2008-04-19,0.03,1.742833,0.0165112371381079
2008-04-20,3.74,1.660896,1.32535419188579
2008-04-21,0,1.951244,0.00593780848810134
2008-04-22,0.26,2.048953,0.0974446328220738
2008-04-23,0,2.174279,0.0059304812446589
2008-04-24,5.04,2.025521,1.78009901428451
2008-04-25,1.65,2.074031,0.586539584091856
2008-04-26,0,1.909961,0.00593029116747157
2008-04-27,0.03,2.157325,0.0164564920199472
2008-04-28,0.03,2.335531,0.0164372337792617
2008-04-29,11.5,2.059992,4.05695377007271
2008-04-30,4.31,1.869742,1.52600279199343
2008-05-01,3.17,1.863719,1.12458772226087
2008-05-02,1.36,1.690947,0.485718188677777
2008-05-03,0,2.075866,0.00593752117857768
2008-05-04,0,2.265371,0.00593336539359227
2008-05-05,0,2.499134,0.00592878503930446
2008-05-06,0,2.454337,0.00592428915894597
2008-05-07,0,2.760771,0.0059192371314517
2008-05-08,0,2.772447,0.00591416715997019
2008-05-09,0,2.752635,0.00590913662414675
2008-05-10,0,2.856082,0.0059039211533829
2008-05-11,0.19,3.075909,0.0719655998713988
2008-05-12,0.15,2.946628,0.0579609463831349
2008-05-13,0.04,2.949599,0.0197478211269768
2008-05-14,0,3.09572,0.00588254572784918
2008-05-15,2.7,3.083371,0.939236535112624
2008-05-16,1.65,2.917915,0.575756141673001
2008-05-17,3.85,3.028585,1.33595031425497
2008-05-18,6.12,2.639001,2.12392043251183
2008-05-19,2.02,2.339387,0.704745774591835
2008-05-20,0,2.383156,0.005879425737979
2008-05-21,0,2.42365,0.00587501448294962
2008-05-22,0,2.461305,0.00587053756466913
2008-05-23,0,2.606313,0.00586580071570578
2008-05-24,0,2.867994,0.00586059333054883
2008-05-25,1.17,2.629301,0.407069893206442
2008-05-26,1.54,3.350946,0.533306145106235
2008-05-27,1.75,3.523205,0.604509764618568
2008-05-28,3.7,3.655748,1.27135371972481
2008-05-29,3.92,3.761087,1.34643189032782
2008-05-30,44.47,3.50933,15.5586358808449
2008-05-31,5.93,3.697579,2.08186505479156
2008-06-01,0,3.368706,0.00591239089624496
2008-06-02,0,3.454565,0.00590608384726885
2008-06-03,0.52,3.971857,0.186780175681171
2008-06-04,0.03,3.45583,0.0163067443447026
2008-06-05,0,3.141066,0.00588771636744975
2008-06-06,6.47,3.078773,2.25110700125127
2008-06-07,6.19,3.13277,2.15714436189706
2008-06-08,0.92,2.787799,0.325238003450067
2008-06-09,2.18,3.755817,0.761755282222728
2008-06-10,0,4.159685,0.00588261884338671
2008-06-11,0,4.07287,0.00587521566332324
2008-06-12,0,3.136269,0.00586951583268172
2008-06-13,9.25,2.231893,3.20265285772794
2008-06-14,1.04,2.320891,0.364990329731421
2008-06-15,4.75,2.339798,1.64801658682714
2008-06-16,0,2.462896,0.00587708343983763
2008-06-17,0,2.820332,0.00587195466247266
2008-06-18,0,3.041625,0.005866428646288
2008-06-19,0,3.119525,0.00586076571517745
2008-06-20,4.62,3.22411,1.59270946589259
2008-06-21,0,3.121795,0.00585683151129093
2008-06-22,0,3.957402,0.00584966204345656
2008-06-23,7.5,3.921468,2.57521429872448
2008-06-24,0,3.118923,0.00584922707324036
2008-06-25,0,3.932298,0.0058421101213639
2008-06-26,2.13,3.92766,0.731461726132936
2008-06-27,0,3.264205,0.00583261335214864
2008-06-28,0.95,2.940106,0.328394310694553
2008-06-29,0.07,3.492742,0.029540172919114
2008-06-30,0,3.630979,0.00581612548477354
2008-07-01,0,3.509337,0.00580979973653548
2008-07-02,0,3.987754,0.00580262049254104
2008-07-03,16.77,4.305755,5.68765516026792
2008-07-04,11.97,3.173422,4.08091388591977
2008-07-05,1.13,2.994688,0.390062881547462
2008-07-06,0.13,3.229766,0.0499456299899221
2008-07-07,0,3.301082,0.00582143414707985
2008-07-08,9.3,2.906226,3.16646244328256
2008-07-09,2.43,2.796363,0.831376403557232
2008-07-10,0,3.03377,0.00582499998495582
2008-07-11,0,3.840116,0.00581807171623375
2008-07-12,2.24,3.249845,0.763013787317173
2008-07-13,0,2.98676,0.00581052870576498
2008-07-14,0,2.936294,0.0058052367516894
2008-07-15,0,3.006315,0.00579982287134641
2008-07-16,0,3.390598,0.00579372379918904
2008-07-17,1.09,3.188794,0.370945112747035
2008-07-18,0.4,2.974626,0.139570400773086
2008-07-19,0.21,3.080645,0.0758913661848085
2008-07-20,7.19,3.261246,2.41134031639662
2008-07-21,0.21,2.597297,0.0759364276817936
2008-07-22,1.34,2.307831,0.453136812031622
2008-07-23,0.06,2.812069,0.0257714720517361
2008-07-24,0,3.277093,0.00576898112476861
2008-07-25,0,3.537541,0.0057626448949444
2008-07-26,0,3.927065,0.00575561922756892
2008-07-27,2.42,3.987414,0.806058119428754
2008-07-28,0.06,3.798034,0.0255420252114279
2008-07-29,1.85,4.33812,0.615136823528258
2008-07-30,0,3.829969,0.00573437725257237
2008-07-31,0,4.094183,0.0057270814892085
2008-08-01,0,4.489154,0.00571909196495873
2008-08-02,1.8,3.655958,0.593364506375572
2008-08-03,1.33,3.235747,0.439385032276161
2008-08-04,0.73,3.530902,0.243317553703636
2008-08-05,19.38,3.289647,6.37291103327769
2008-08-06,0,3.059017,0.00572826383027131
2008-08-07,0,3.816206,0.00572146763656202
2008-08-08,1.47,3.372968,0.486020963006064
2008-08-09,12.14,2.922485,3.99339575163614
2008-08-10,0,3.065935,0.00572763540438866
2008-08-11,0.59,3.044565,0.198853201438076
2008-08-12,0.17,3.0177,0.061266791145825
2008-08-13,10.38,3.14744,3.41151259929395
2008-08-14,0.12,2.845515,0.0450313214135212
2008-08-15,0,2.63938,0.00572035980429708
2008-08-16,0,2.581485,0.00571576144421748
2008-08-17,0,2.573532,0.00571118007002708
2008-08-18,3.53,2.644942,1.15686736672485
2008-08-19,0,3.151406,0.00570681523610361
2008-08-20,2,3.057616,0.656167345736349
2008-08-21,2.14,2.546305,0.70147482998344
2008-08-22,0,2.659502,0.00569910990883653
2008-08-23,17.94,2.472761,5.88159574490598
2008-08-24,0.82,2.336311,0.274034323636679
2008-08-25,4.22,2.28043,1.38801293921671
2008-08-26,0.73,2.543905,0.244561634166891
2008-08-27,0,2.736315,0.00571691931280148
2008-08-28,0,2.422829,0.00571260454381305
2008-08-29,0,2.708872,0.00570778522336112
2008-08-30,0,2.834149,0.00570274715275112
2008-08-31,0,2.963003,0.00569748446444525
2008-09-01,0,3.136793,0.00569191818094987
2008-09-02,0,2.765324,0.00568701268869526
2008-09-03,8.98,2.591131,2.91892787503094
2008-09-04,5.54,2.02723,1.80657721304916
2008-09-05,0,2.087481,0.00569960452089142
2008-09-06,22.84,2.234071,7.51028953184281
2008-09-07,2.08,2.491171,0.688932138046534
2008-09-08,5.07,2.183521,1.6737114950048
2008-09-09,0,2.223232,0.00573362964444162
2008-09-10,0.48,2.357897,0.163239044429615
2008-09-11,0.05,2.711845,0.0221054295899933
2008-09-12,1.02,2.571753,0.339538676134575
2008-09-13,19.29,2.192404,6.3815589867655
2008-09-14,17.53,1.801987,5.85233170409385
2008-09-15,0,1.65603,0.00577395821704043
2008-09-16,0,1.569091,0.00577113650775235
2008-09-17,0,1.723211,0.00576804035314965
2008-09-18,0,1.538599,0.00576527538420502
2008-09-19,0,1.440773,0.00576268620414911
2008-09-20,0,1.624273,0.00575977024420381
2008-09-21,0,1.499982,0.00575707729488198
2008-09-22,0,1.462788,0.00575445169634814
2008-09-23,0,1.543511,0.00575168303727893
2008-09-24,1.27,1.557238,0.425523720790162
2008-09-25,0.03,1.743072,0.0156532355015826
2008-09-26,0,1.777951,0.0057447589330732
2008-09-27,0,1.691646,0.00574173002533927
2008-09-28,0,1.566538,0.00573892513057925
2008-09-29,0,1.479006,0.00573627711277231
2008-09-30,0.09,1.403472,0.0353048732691508
2008-10-01,12.24,1.423459,4.0526031574268
2008-10-02,10.71,1.603801,3.56525668896314
2008-10-03,7.7,1.331589,2.5741578077146
2008-10-04,2.2,1.207945,0.739979721695551
2008-10-05,0.46,1.28195,0.159209939590888
2008-10-06,19.77,1.357242,6.66949082539803
2008-10-07,18.28,1.796667,6.22453060842733
2008-10-08,0.39,1.851831,0.138382992651977
2008-10-09,3.01,1.693426,1.0295232954083
2008-10-10,0,1.541978,0.00583081958600421
2008-10-11,0,1.505726,0.00582809049586446
2008-10-12,0,1.464269,0.0058254370825203
2008-10-13,0,1.640103,0.00582246796330526
2008-10-14,0.03,1.684482,0.0159729174048373
2008-10-15,0,1.723606,0.00581635273558128
2008-10-16,6.44,1.607637,2.18889056040376
2008-10-17,6.29,1.359308,2.14385190627674
2008-10-18,0,1.061353,0.00583007063901581
2008-10-19,0,0.9860402,0.0058282783920968
2008-10-20,0,1.017413,0.00582643004047315
2008-10-21,0,1.192877,0.00582426605711713
2008-10-22,8.05,1.485108,2.74476978380517
2008-10-23,0,1.128306,0.00583280053432753
2008-10-24,0,1.0494,0.00583089339530192
2008-10-25,0.56,1.046068,0.196042329856245
2008-10-26,0.03,1.328017,0.0160092606731494
2008-10-27,0.36,1.20419,0.127939705815942
2008-10-28,16.64,1.214173,5.69909383224079
2008-10-29,0.09,0.8992387,0.0366267018532567
2008-10-30,0.03,0.8252401,0.0161020882283515
2008-10-31,6.76,0.8487676,2.3239648010598
2008-11-01,6.67,0.9492341,2.30030867803953
2008-11-02,5.93,1.065562,2.05116609626499
2008-11-03,0,1.212667,0.00587248878467515
2008-11-04,0,1.21,0.00587028050373572
2008-11-05,0,1.229064,0.00586803832596499
2008-11-06,0.04,1.220242,0.0196206794405861
2008-11-07,0,1.106355,0.0058638597214724
2008-11-08,0.22,1.076346,0.0814202441111978
2008-11-09,0.12,1.066963,0.0470493511855563
2008-11-10,16.72,1.144974,5.79441693153761
2008-11-11,3.07,1.35316,1.06965337547848
2008-11-12,7.76,1.217076,2.7042981186999
2008-11-13,2.81,0.984596,0.983947428085837
2008-11-14,0,0.9072889,0.00589981907706036
2008-11-15,0,0.8128485,0.00589832527856441
2008-11-16,0,1.049573,0.00589640122480697
2008-11-17,1.05,1.131416,0.37068389167569
2008-11-18,0,0.722122,0.00589471347841441
2008-11-19,0.15,0.7668845,0.0579620303373105
2008-11-20,0.06,0.932976,0.0267079253066786
2008-11-21,0.45,1.017081,0.161950895568284
2008-11-22,3.59,0.8411904,1.25273260103099
2008-11-23,5.45,0.5957714,1.90373663843215
2008-11-24,6.59,0.5635995,2.30825826699273
2008-11-25,1.93,0.6263418,0.680650108923361
2008-11-26,0.24,0.5752641,0.0897997163023492
2008-11-27,0,0.583843,0.00591280964211575
2008-11-28,0.11,0.587428,0.0443337482311674
2008-11-29,0,0.5019052,0.00591097348860373
2008-11-30,0,0.5312045,0.00590999066072082
2008-12-01,9.93,0.603584,3.48974946632874
2008-12-02,8.54,0.5807372,3.01501239353134
2008-12-03,6.06,0.6438079,2.14738607801283
2008-12-04,16.63,0.5693876,5.93348558526139
2008-12-05,12.41,0.5931328,4.45724034781027
2008-12-06,14.54,0.7686026,5.25926825729719
2008-12-07,2.09,0.7174219,0.761626578740311
2008-12-08,0.35,0.6800738,0.132521806426336
2008-12-09,0,0.4742816,0.00601301141792781
2008-12-10,1.35,0.5283458,0.494017601166201
2008-12-11,0,0.5824368,0.00601308495191522
2008-12-12,0,0.5523222,0.00601205000751713
2008-12-13,0,0.5418535,0.00601103452713328
2008-12-14,0,0.4912891,0.00601011251575076
2008-12-15,1.34,0.5968961,0.489909987334523
2008-12-16,0,0.6298593,0.00600995801947469
2008-12-17,0,0.5125397,0.00600899691464218
2008-12-18,3.14,0.4948456,1.1406598824721
2008-12-19,0.18,0.5711073,0.0710388187880033
2008-12-20,0.82,0.6786007,0.302248337538773
2008-12-21,2.84,0.8044328,1.03303883246329
2008-12-22,0.42,0.9259063,0.157844785261169
2008-12-23,0.46,0.8907094,0.172252701982046
2008-12-24,0,0.7651861,0.0060119641631954
2008-12-25,0,0.6401317,0.00601076726791249
2008-12-26,0,0.6911374,0.00600947641559658
2008-12-27,0,0.5303401,0.00600848251934856
2008-12-28,0,0.4579273,0.00600762237411135
2008-12-29,0,0.4541913,0.00600676921759006
2008-12-30,0,0.4023186,0.00600601185789614
2008-12-31,0,0.3799093,0.00600529591312929
2009-01-01,1.31,0.4981534,0.478335159995575
2009-01-02,0,0.5284282,0.0060054660413324
2009-01-03,0,0.4171373,0.00600468147329589
2009-01-04,0,0.4748072,0.00600379061531245
2009-01-05,0,0.4247358,0.00600299220312825
2009-01-06,0.8,0.4707253,0.294153750512562
2009-01-07,0,0.3720257,0.00600268748918426
2009-01-08,0,0.2919532,0.00600213404911846
2009-01-17,0.42,0.5584137,0.157198664783418
2009-01-18,1.32,0.6813924,0.481325967125623
2009-01-19,22.13,0.7308494,8.06496862518882
2009-01-20,12.78,0.8144309,4.68897879786451
2009-01-21,1.41,0.6632489,0.522885109122248
2009-01-22,0.06,0.6236257,0.0280399297433707
2009-01-23,4.57,0.6471815,1.68390584976554
2009-01-24,33.84,0.7914717,12.6424313132189
2009-01-25,0,0.6569303,0.00611132629789432
2009-01-26,0,0.5699618,0.00611024535476027
2009-01-27,0,0.5521673,0.00610919782060048
2009-01-28,0,0.5509913,0.00610815262267825
2009-01-29,0,0.5108741,0.00610718253151617
2009-01-30,0,0.5765682,0.00610608980889572
2009-01-31,0,0.5665488,0.00610501595540156
2009-02-01,0,0.5220466,0.00610402537759043
2009-02-02,0,0.5541468,0.00610297496766285
2009-02-03,2.77,0.6129549,1.03829263837098
2009-02-04,2.17,0.6787131,0.81527783926305
2009-02-05,0.51,0.666439,0.196252577339536
2009-02-06,0.96,0.7441937,0.364039073630332
2009-02-07,0.07,0.812506,0.0321934661211677
2009-02-08,0.25,0.7806473,0.0992401567077845
2009-02-09,0,0.678167,0.0061041273570436
2009-02-10,15.43,0.6765619,5.79505053485949
2009-02-11,20.33,0.8420598,7.70826823843876
2009-02-12,4.13,0.6997881,1.57341254386234
2009-02-13,0.9,0.6415553,0.347713008685476
2009-02-14,0.18,0.6504734,0.0744500863047438
2009-02-15,0.41,0.6711149,0.161675032573928
2009-02-16,0.42,0.552574,0.165446805657542
2009-02-17,2.34,0.7636287,0.894244268240327
2009-02-18,3.1,0.9284083,1.18384684836013
2009-02-19,0,0.6204886,0.00616420323493425
2009-02-20,0.2,0.6515353,0.0820905837489678
2009-02-21,0.37,0.8463477,0.146580612420875
2009-02-22,0.16,0.9237023,0.0668525219129556
2009-02-23,0.76,0.9415536,0.294389267848055
2009-02-24,3.07,0.9503117,1.17157594754353
2009-02-25,0,0.9155488,0.00616134493610009
2009-02-26,0,0.7839816,0.00615985460539587
2009-02-27,0.03,0.9587813,0.0175280007965668
2009-02-28,0.23,1.007072,0.093281953871941
2009-03-01,0,1.191543,0.00615427484795939
2009-03-02,0.53,1.088806,0.206692418000289
2009-03-03,0,1.150314,0.00615085943316585
2009-03-04,0,0.8627117,0.00614922315615462
2009-03-05,12.68,0.9743282,4.82582654672724
2009-03-06,0.84,0.9225834,0.325403345668009
2009-03-07,0.99,0.9523436,0.38237619958096
2009-03-08,0,0.939773,0.00616451666417463
2009-03-09,5.36,1.143397,2.04589853613916
2009-03-10,3.37,0.9731626,1.29001505811577
2009-03-11,8.83,1.015949,3.38284614259976
2009-03-12,0.06,1.048857,0.029114166843503
2009-03-13,0.48,1.019982,0.189554325153244
2009-03-14,0.72,1.293924,0.281119261559941
2009-03-15,0.19,1.283224,0.0786819252685121
2009-03-16,0,1.359721,0.00617655251930841
2009-03-17,0,1.362313,0.0061739696279723
2009-03-18,0,1.166164,0.0061717570128092
2009-03-19,0,1.158998,0.00616955849975586
2009-03-20,0,1.102972,0.00616746606152937
2009-03-21,0,0.983947,0.00616559819455098
2009-03-22,0,1.010108,0.00616368153206169
2009-03-23,0,1.030969,0.0061617260804284
2009-03-24,7.42,1.207847,2.83007837906394
2009-03-25,3.03,1.04511,1.16034418461427
2009-03-26,9.97,0.9790548,3.82057031264568
2009-03-27,8.64,1.175474,3.32358590692088
2009-03-28,6.76,1.249385,2.60847518731185
2009-03-29,7.82,1.244052,3.02588547737774
2009-03-30,0.22,1.239028,0.0911108434240447
2009-03-31,0,1.257783,0.00621145209244438
2009-04-01,0,1.32152,0.00620893521937014
2009-04-02,0,1.635394,0.00620582544336583
2009-04-03,0,1.998539,0.00620203035230883
2009-04-04,0,1.927537,0.00619837119097159
2009-04-05,0,1.846024,0.00619486763157434
2009-04-06,0,1.729523,0.00619158553292494
2009-04-07,0,1.879651,0.00618802145273576
2009-04-08,0.04,1.726466,0.0214766330233157
2009-04-09,2.02,1.751832,0.778371332894217
2009-04-10,0.75,2.091525,0.292624961693803
2009-04-11,0,2.379295,0.00617730465151479
2009-04-12,0.58,2.365185,0.22711110100635
2009-04-13,0,2.273704,0.00616943147910966
2009-04-14,0,2.278798,0.00616512608215037
2009-04-15,0,2.300572,0.006160782040366
2009-04-16,0,2.3718,0.00615630647211021
2009-04-17,3.56,1.90995,1.35545140124629
2009-04-18,15.77,1.691137,6.0244395297902
2009-04-19,5.1,1.740955,1.95536792892322
2009-04-20,0.18,2.139026,0.0748910122366877
2009-04-21,0,2.229018,0.00617599060291594
2009-04-22,0,2.324557,0.00617159553290714
2009-04-23,0,2.078975,0.00616766507603134
2009-04-24,0,1.648623,0.00616454624851222
2009-04-25,0,1.794894,0.0061611535077713
2009-04-26,0.46,1.865264,0.180511897570331
2009-04-27,6.76,2.318762,2.5734860379049
2009-04-28,1.71,1.983741,0.655358190445869
2009-04-29,2.46,1.786177,0.940225920840497
2009-04-30,7.16,1.590243,2.73195486305674
2009-05-01,0,1.930967,0.00616820976751849
2009-05-02,0.75,2.3378,0.291048100855789
2009-05-03,0,2.708936,0.00615984447638743
2009-05-04,0,2.077851,0.00615592186776727
2009-05-05,0,1.902105,0.00615233134007068
2009-05-06,0.44,1.818944,0.172448176683618
2009-05-07,0,2.122687,0.00614558084817843
2009-05-08,0,2.36927,0.00614111849321841
2009-05-09,1.77,2.434079,0.672875684056817
2009-05-10,4.72,2.094593,1.78607890132531
2009-05-11,3.48,2.453522,1.31881001094984
2009-05-12,12.49,2.420822,4.74019472814175
2009-05-13,10.29,2.145917,3.92141787344087
2009-05-14,0,2.610996,0.00616526628120438
2009-05-15,18.19,2.775262,6.96751587182649
2009-05-16,4.95,2.446969,1.9023970059975
2009-05-17,0.25,2.197536,0.101838390787778
2009-05-18,1.37,2.456547,0.529923034047444
2009-05-19,0,2.339,0.00618034310357889
2009-05-20,0,2.561159,0.00617549991317099
2009-05-21,0,2.958158,0.0061699122585479
2009-05-22,4.02,3.057369,1.53582499536801
2009-05-23,0,2.734146,0.00616520112100669
2009-05-24,0,2.907868,0.00615971515002406
2009-05-25,0,3.913302,0.0061523444189587
2009-05-26,0,4.20187,0.00614443909278109
2009-05-27,1.01,2.944525,0.386740540156926
2009-05-28,0,2.174284,0.00613637714264873
2009-05-29,0.68,2.622108,0.261713542890896
2009-05-30,0,2.931649,0.00612699848648273
2009-05-31,0,2.895581,0.0061215615856009
2009-06-01,0,2.892344,0.00611613443948004
2009-06-02,0,3.310001,0.0061099306491049
2009-06-03,0,3.607307,0.00610317673774344
2009-06-04,0,2.896547,0.00609775426705105
2009-06-05,0,2.329021,0.00609339364051424
2009-06-06,0,2.304042,0.00608908196364005
2009-06-07,1.87,2.10746,0.698785485775749
2009-06-08,6.38,2.410382,2.37370285466113
2009-06-09,1.94,2.655424,0.725569948160431
2009-06-10,2.03,3.00336,0.758346796606877
2009-06-11,13.09,2.789467,4.88130399933528
2009-06-12,6.23,2.703289,2.32996482493008
2009-06-13,0,2.706008,0.00610419987242763
2009-06-14,0,3.054897,0.00609848127330984
2009-06-15,2.03,3.646948,0.75973465757462
2009-06-16,26.93,3.054263,10.1233993736097
2009-06-17,1.2,2.916752,0.456422322325945
2009-06-18,0,3.165088,0.00612159834802637
2009-06-19,0,3.165592,0.00611566028180596
2009-06-20,0,2.899616,0.00611022356403766
2009-06-21,0.5,2.424626,0.192440159008358
2009-06-22,5.11,2.306557,1.91273819587054
2009-06-23,0,2.570292,0.00610532459194249
2009-06-24,0,3.037999,0.00609963671347065
2009-06-25,0,3.666297,0.00609278158135521
2009-06-26,0,4.08087,0.00608516034345719
2009-06-27,0,3.896434,0.00607788954113587
2009-06-28,4.36,3.516741,1.61589793727242
2009-06-29,0.19,3.851752,0.0760651910605077
2009-06-30,3.32,4.325484,1.22798516210757
2009-07-01,0,4.590717,0.0060599612159112
2009-07-02,0,4.611983,0.00605138682289209
2009-07-03,0,4.923543,0.00604224484801414
2009-07-04,0.33,4.393494,0.126136992626912
2009-07-05,0,4.346181,0.00602656256209432
2009-07-06,0.22,4.249085,0.0856744110299826
2009-07-07,9.25,3.612511,3.36412141990538
2009-07-08,4.31,2.889095,1.57149856125229
2009-07-09,7.1,2.987057,2.58980206498174
2009-07-10,3.41,2.577553,1.2472320691535
2009-07-11,0.05,2.505075,0.0242021785453138
2009-07-12,0,2.786487,0.00602521510641368
2009-07-13,4.19,3.123471,1.52665651215065
2009-07-14,4.31,3.615325,1.57029092256909
2009-07-15,0,3.802904,0.00601921368810639
2009-07-16,0,3.788282,0.00601220311388091
2009-07-17,0,3.844505,0.00600509519570774
2009-07-18,4.98,3.326695,1.801844003228
2009-07-19,1.22,2.89138,0.445449912298989
2009-07-20,5.51,2.987741,1.99288986998475
2009-07-21,0.16,3.315642,0.0635834398358762
2009-07-22,9.65,4.311081,3.48758684685377
2009-07-23,5.99,4.281851,2.16830196879893
2009-07-24,8.85,3.467221,3.20891397806956
2009-07-25,3.42,3.112767,1.24361901765065
2009-07-26,0.59,2.964768,0.219194467420468
2009-07-27,0,3.303321,0.00600674055885283
2009-07-28,2.58,3.164488,0.93579312938157
2009-07-29,0,3.047309,0.00599938017188597
2009-07-30,9.48,3.582638,3.4257312237162
2009-07-31,0.08,3.123845,0.034806423633106
2009-08-01,0,2.961106,0.00599678448092391
2009-08-02,0,3.487834,0.005990346811053
2009-08-03,9.39,3.043829,3.38406556599032
2009-08-04,0.63,2.967963,0.232300607882661
2009-08-05,0,3.08849,0.00598957482931368
2009-08-06,0,3.394183,0.00598331528365758
2009-08-07,0,3.823559,0.00597627217529086
2009-08-08,0.15,3.863287,0.0593873846833789
2009-08-09,0,3.549021,0.00596287665952922
2009-08-10,0,3.526416,0.00595639641196085
2009-08-11,0,3.736363,0.00594953734885038
2009-08-12,1.65,3.35621,0.588952383141928
2009-08-13,0,3.343398,0.00593991357385731
2009-08-14,30.19,3.129776,10.804929484519
2009-08-15,0,2.944408,0.00597719495712262
2009-08-16,0,3.172161,0.00597135290909461
2009-08-17,0,3.704509,0.0059645389657785
2009-08-18,0,3.453029,0.00595819179031115
2009-08-19,0,3.122391,0.00595245521648135
2009-08-20,0,3.664809,0.00594573054806212
2009-08-21,2.08,4.415073,0.739635985552299
2009-08-22,5.15,2.893412,1.82439169477443
2009-08-23,0,2.789335,0.00593890443880308
2009-08-24,0,2.830374,0.00593371562871102
2009-08-25,0,3.23881,0.00592778477426848
2009-08-26,2.52,3.113473,0.890391864746739
2009-08-27,0,2.899563,0.00592086684552442
2009-08-28,0,3.16247,0.00591508502598062
2009-08-29,0.17,2.683121,0.0652606151944179
2009-08-30,0,2.244487,0.00590635384700345
2009-08-31,0,2.166915,0.00590239408979315
2009-09-01,0,2.650404,0.00589755718031524
2009-09-02,11.1,2.558096,3.88176336913616
2009-09-03,0.46,2.521474,0.166318251357433
2009-09-04,11.03,2.443825,3.86983407046737
2009-09-05,15.91,1.931925,5.6212366446578
2009-09-06,0,2.043467,0.00593896057455804
2009-09-07,0,1.951387,0.00593537779294768
2009-09-08,0,2.27679,0.00593120231148709
2009-09-09,0,2.516431,0.00592659167691607
2009-09-10,0,2.670638,0.0059217025301125
2009-09-11,0.13,2.524838,0.0514078038566893
2009-09-12,0,2.304254,0.0059130777605136
2009-09-13,0,2.255469,0.00590895324328863
2009-09-14,0.23,1.891005,0.0860784749225273
2009-09-15,1.65,1.85738,0.580918173386607
2009-09-16,0,2.043344,0.00590142474101269
2009-09-17,0,2.336488,0.00589715919528804
2009-09-18,0,2.48835,0.00589262007056983
2009-09-19,0,2.431557,0.00588818679171057
2009-09-20,0.65,2.425047,0.230847536600828
2009-09-21,0.23,2.541699,0.0853677178661441
2009-09-22,0,2.51324,0.00587600313112522
2009-09-23,0,2.130404,0.00587212530992595
2009-09-24,0,2.048132,0.00586839850893177
2009-09-25,0,2.136672,0.00586451322811011
2009-09-26,0,1.807652,0.00586122540197425
2009-09-27,0,1.744725,0.0058580528514909
2009-09-28,0,1.806492,0.0058547699314061
2009-09-29,0,1.737427,0.00585161328306287
2009-09-30,0,1.9004,0.00584816348697846
2009-10-01,0.05,2.088927,0.0229125617290545
2009-10-02,0,1.704401,0.00584136439257153
2009-10-03,0,1.398388,0.005838825186777
2009-10-04,0,1.361371,0.0058363536226342
2009-10-05,0.79,1.736741,0.274592883467291
2009-10-06,16.58,1.611057,5.69348809071153
2009-10-07,3.44,2.17422,1.18660766345319
2009-10-08,4.29,2.514847,1.47960740333984
2009-10-09,7.33,2.106764,2.53098037411768
2009-10-10,0.03,1.651734,0.0161924706877725
2009-10-11,10.96,1.763238,3.79662178955308
2009-10-12,11.68,1.523339,4.06803497485983
2009-10-13,3.97,1.425926,1.38841925273318
2009-10-14,0.55,1.263709,0.197341992077444
2009-10-15,0,0.9227384,0.00589991274098522
2009-10-16,0,0.8372267,0.00589837457418309
2009-10-17,0.47,1.013969,0.169251998630413
2009-10-18,2.54,1.11932,0.889336075018459
2009-10-19,0,0.9196151,0.00589768384786664
2009-10-20,0,0.8473702,0.00589612768359104
2009-10-21,0,1.016953,0.00589426349376827
2009-10-22,0.1,1.374926,0.0405849481548576
2009-10-23,0.44,1.216016,0.158461683206364
2009-10-24,0,1.176927,0.0058882524766745
2009-10-25,4.47,1.266465,1.55736684398538
2009-10-26,0.56,1.360998,0.200155822203902
2009-10-27,0.05,1.25101,0.023221469225525
2009-10-28,0,1.286191,0.00588709881741989
2009-10-29,0,1.015541,0.00588523940478172
2009-10-30,0,1.051226,0.00588331565902233
2009-10-31,0,1.129001,0.00588125123476528
2009-11-01,0,1.032294,0.00587936285385782
2009-11-02,20.83,1.156498,7.27971679037038
2009-11-03,6.45,1.144117,2.26464076357552
2009-11-04,12.17,1.024777,4.29344822655391
2009-11-05,10.72,1.058499,3.80219521915086
2009-11-06,3.44,1.012393,1.22566094327777
2009-11-07,1.53,1.027264,0.548545752378087
2009-11-08,9.83,0.9694805,3.50845572467561
2009-11-09,0,0.9081361,0.0059692775428661
2009-11-10,0.68,0.9466661,0.248066442761961
2009-11-11,0.4,0.9018559,0.148329070861578
2009-11-12,0,0.802691,0.00596610403870163
2009-11-13,0.44,0.8808149,0.162436237015173
2009-11-14,0.28,1.266484,0.105472748367146
2009-11-15,3.53,1.267145,1.2619046845392
2009-11-16,2.45,1.136858,0.878192110649655
2009-11-17,13.31,1.21371,4.77487301077244
2009-11-18,11.27,1.138559,4.06547020587867
2009-11-19,0,1.074777,0.00600150140890043
2009-11-20,0,0.9915159,0.00599965839019692
2009-11-21,0,0.9228478,0.00599794235114176
2009-11-22,0.21,1.127094,0.0814542113685981
2009-11-23,4.53,1.124333,1.63654305193858
2009-11-24,24.24,1.063332,8.8376661928971
2009-11-25,7.41,1.147095,2.71442124092704
2009-11-26,8.44,1.082727,3.10247826399567
2009-11-27,7.14,0.9823672,2.63372293668214
2009-11-28,10.81,0.9250795,4.00445055862593
2009-11-29,18.35,0.9301861,6.85376027530191
2009-11-30,5.78,0.966407,2.16813753459245
2009-12-01,0.33,0.810569,0.129512894500226
2009-12-02,2.78,0.7297961,1.04664789103341
2009-12-03,5.76,0.7424351,2.16739578480764
2009-12-04,20.28,0.8859177,7.68987905137415
2009-12-05,0,0.6863083,0.0061558382038725
2009-12-06,10.46,0.767214,3.9865928956038
2009-12-07,13.32,0.979632,5.10570936470192
2009-12-08,2.62,0.802062,1.0100646701026
2009-12-09,8.31,0.8043016,3.20182836336316
2009-12-10,1.23,0.7992892,0.479257801113135
2009-12-11,6.79,0.9395251,2.6249039430462
2009-12-12,1.91,0.8305926,0.743159985763452
2009-12-13,0.1,0.6603587,0.0447820308277002
2009-12-14,0.29,0.5729269,0.118040355418616
2009-12-15,0,0.4644361,0.00621070814689362
2009-12-16,0,0.4829431,0.00620977842024322
2009-12-17,0,0.4667883,0.00620887937424691
2009-12-18,0,0.4009569,0.00620810500612933
2009-12-19,0,0.4173667,0.00620729966129676
2009-12-20,0.49,0.2637233,0.194912267590595
2009-12-21,6.53,0.3118097,2.52863227727871
2009-12-22,5.62,0.4667029,2.18251379034272
2009-12-23,15.94,0.6197243,6.22479422416597
2009-12-24,0,0.5673743,0.00624667817386854
2009-12-25,6.54,0.5962517,2.56395870306012
2009-12-26,7.98,0.6521371,3.13798646297612
2009-12-27,0,0.5833494,0.00626521964834687
2009-12-28,8.93,0.5283053,3.52356871687746
2009-12-29,0.2,0.596746,0.0850302149003925
2009-12-30,13.94,0.6006402,5.53023826417805
2009-12-31,4.82,0.9727193,1.91957431443426
