"Date","P","E","MVIII_Q_sim"
2004-09-02,0,2.113637,0
2004-09-03,0,2.284305,0
2004-09-04,0,2.757288,0
2004-09-05,0,2.852728,0
2004-09-06,0,2.882288,0
2004-09-07,0,2.759263,0
2004-09-08,0,2.680601,0
2004-09-09,0,2.677378,0
2004-09-10,0,2.387042,0
2004-09-11,0,2.376496,0
2004-09-12,2.56,2.716567,0.0963266015437161
2004-09-13,0.4,2.149183,0.0334385498166372
2004-09-14,0,2.107571,0.0115066759602791
2004-09-15,1.41,1.976001,0.0709678006558077
2004-09-16,0.28,1.704098,0.0334545409698914
2004-09-17,0,1.448402,0.0164632756486895
2004-09-18,0,1.587894,0.0136342272201806
2004-09-19,0,1.871197,0.0131031162137336
2004-09-20,2.26,1.978648,0.125458585411599
2004-09-21,0,1.634728,0.035224298818849
2004-09-22,1.32,1.840719,0.0831481907809061
2004-09-23,1.79,1.640583,0.13700733253172
2004-09-24,14.07,1.869767,2.39592547884572
2004-09-25,0.45,1.48158,1.36909026307625
2004-09-26,0.67,1.552072,0.663491507874256
2004-09-27,0.19,1.701439,0.198724055622202
2004-09-28,0.17,1.707937,0.0973740458979123
2004-09-29,0.22,1.918793,0.0826518461408279
2004-09-30,0.24,1.802173,0.0819981091858211
2004-10-01,0,1.592697,0.0721612726907194
2004-10-02,1.83,1.870887,0.160081082185101
2004-10-03,0,1.646764,0.0870341920979125
2004-10-04,0,1.448458,0.07581172873072
2004-10-05,0,1.877995,0.0733742935000199
2004-10-06,0.18,2.073062,0.0789881681152447
2004-10-07,6.15,1.500013,0.870232361291417
2004-10-08,0,1.218998,0.328329313155361
2004-10-09,0.46,1.205347,0.173014582981194
2004-10-10,1.81,1.369293,0.234003647755586
2004-10-11,0,1.256048,0.11987663183101
2004-10-12,0.03,1.158983,0.0993209475589584
2004-10-13,0.09,1.209478,0.097927549392069
2004-10-14,0,1.27022,0.0922196787367235
2004-10-15,12.23,1.358412,2.16322377272139
2004-10-16,6.52,1.145263,2.55538085317876
2004-10-17,7.73,1.05341,3.11433092607394
2004-10-18,8.21,1.068011,3.61239290163755
2004-10-19,3.43,1.118989,2.98680551437
2004-10-20,0,1.071919,1.85955454026754
2004-10-21,26.45,1.69434,6.24217807339754
2004-10-22,6.71,1.454203,5.45149413222002
2004-10-23,0,1.153814,3.61925928000572
2004-10-24,0,1.585888,2.17883986186178
2004-10-25,1.91,1.457917,1.57726357911106
2004-10-26,0.13,1.476742,0.788618357171319
2004-10-27,0,1.06086,0.421698472135603
2004-10-28,1.34,1.060081,0.427678450710342
2004-10-29,11.48,1.32757,2.31241085291941
2004-10-30,9.61,1.257509,3.30754916284205
2004-10-31,1.02,1.106807,2.32440943116554
2004-11-01,0,1.089128,1.42062152974617
2004-11-02,0.51,1.114508,0.874752081270526
2004-11-03,2.28,1.132146,0.840706433772822
2004-11-04,0.87,1.165112,0.568948103481077
2004-11-05,7.84,1.214399,1.72262566517498
2004-11-06,0,0.9872853,1.0282013257699
2004-11-07,5.06,0.9161867,1.58073406347247
2004-11-08,0.3,0.8776983,1.02354056276884
2004-11-09,2.13,0.7714481,1.0293566974424
2004-11-10,0,0.6820809,0.647807777154206
2004-11-11,7.52,0.6343335,1.89751392811144
2004-11-12,0.06,0.6871911,1.26205765074879
2004-11-13,0.32,0.7144714,0.856247582129232
2004-11-14,0.25,0.7467596,0.579342829279639
2004-11-15,0.03,0.6498458,0.436432749750137
2004-11-16,0,0.5261134,0.385799451304731
2004-11-17,0.13,0.7804892,0.374833460142316
2004-11-18,1.38,0.9692749,0.471873879355625
2004-11-19,8.88,0.9393669,1.95528686083326
2004-11-20,5.37,0.6592451,2.39225318820653
2004-11-21,0,0.4911742,1.66699335605529
2004-11-22,1.16,0.5215181,1.37486321606887
2004-11-23,1.51,0.9227881,1.11574351768034
2004-11-24,3.09,0.943699,1.24530681169335
2004-11-25,0,0.5339188,0.840083228812788
2004-11-26,0,0.4981881,0.586945312162623
2004-11-27,0.03,0.6245914,0.45259510276419
2004-11-28,4.11,0.839671,1.01076992096749
2004-11-29,0.04,0.8040129,0.628724657560844
2004-11-30,0,0.7893474,0.454343495869128
2004-12-01,0,0.6858214,0.401199120962143
2004-12-02,4.03,0.6522361,1.01368414784874
2004-12-03,0.91,0.6546811,0.822764391729126
2004-12-04,0.34,0.6343503,0.603834418637346
2004-12-05,0,0.4875218,0.465270698592116
2004-12-06,0,0.4631441,0.408044996307969
2004-12-07,0,0.6280405,0.383390072229087
2004-12-08,0,0.6087703,0.373712191804952
2004-12-09,0,0.6529787,0.368291836313279
2004-12-10,0,0.5383515,0.364195557850965
2004-12-11,0,0.422851,0.360460010567618
2004-12-12,0,0.3872977,0.356846664002181
2004-12-13,0,0.3944114,0.353297001184761
2004-12-14,0,0.3857142,0.349792849794639
2004-12-15,0,0.363615,0.346327121931547
2004-12-16,0,0.3932182,0.342896998852278
2004-12-17,4.62,0.4902821,1.12955016724182
2004-12-18,17.88,0.6691674,4.33500469816264
2004-12-19,2.04,0.611173,3.43396272527117
2004-12-20,5.29,0.5502534,3.47072344080397
2004-12-21,0,0.3892653,2.47377288448664
2004-12-22,0.12,0.3102131,1.80952369575941
2004-12-23,1.32,0.4280471,1.54240318342446
2004-12-24,3.09,0.6583146,1.64132593083812
2004-12-25,5.01,0.8281793,2.05189685615552
2004-12-26,7.73,0.6941871,2.94182094590414
2004-12-27,0,0.5527822,2.05374726703645
2004-12-28,0,0.4746404,1.44250605120417
2004-12-29,5.72,0.4642913,2.17106986524849
2004-12-30,4.41,0.5442014,2.40390828977498
2004-12-31,0.03,0.5549419,1.67872392454107
2005-01-01,1.26,0.6894726,1.36902690593284
2005-01-02,2.69,0.8096346,1.40184360061673
2005-01-03,1.61,0.6931758,1.24243107680602
2005-01-04,0.55,0.6132231,0.940820423389179
2005-01-05,0.03,0.6386116,0.64659062247728
2005-01-06,3.78,0.6912808,1.14361485915015
2005-01-07,1.83,0.7893056,1.07471530007104
2005-01-08,0.06,0.9149299,0.672482113875261
2005-01-09,1.97,0.8233667,0.772757571509868
2005-01-10,0.07,0.7597027,0.555840483845502
2005-01-11,1.94,0.9431185,0.674005816877078
2005-01-12,1.97,0.8727531,0.761168271535453
2005-01-13,4.68,0.8354181,1.36468979492287
2005-01-14,0.04,0.6119324,0.926846657151296
2005-01-15,0,0.4819481,0.666280088215327
2005-01-16,0,0.4505649,0.531821995514736
2005-01-17,0,0.3954557,0.474961113053492
2005-01-18,5.88,0.5186266,1.49854025555886
2005-01-19,17.98,0.7058651,4.63572987967045
2005-01-20,0.63,0.6284215,3.3846926840095
2005-01-21,11.24,0.902652,4.56435549873247
2005-01-22,5.7,0.7698514,4.32839900014826
2005-01-23,0.09,0.6219703,3.06772158623805
2005-01-24,0.58,0.5759695,2.28010214466748
2005-01-25,0.8,0.4979846,1.78543230601393
2005-01-26,0,0.439901,1.28688013789107
2005-01-27,0,0.4464809,0.932111769861252
2005-01-28,0,0.4250468,0.706502897579907
2005-01-29,0,0.5114991,0.578929637742826
2005-01-30,0.09,0.4399706,0.539132433867155
2005-01-31,0.78,0.4875022,0.600709912388802
2005-02-01,1.74,0.6468565,0.750271500980157
2005-02-02,1.62,0.7295738,0.800808856139992
2005-02-03,1.58,0.7273596,0.825689342221946
2005-02-04,1.55,0.7654879,0.826349979004527
2005-02-05,0,0.6740511,0.606668955769405
2005-02-06,0,0.5420755,0.527689613280983
2005-02-07,0.03,0.5622185,0.500195167881981
2005-02-08,0,0.5549156,0.485699916600115
2005-02-09,0,0.5920999,0.477929551065176
2005-02-10,0.04,0.6052468,0.475694823817293
2005-02-11,11.21,0.782225,2.51054676374204
2005-02-12,7.9,1.006207,3.2296428669425
2005-02-13,10.86,1.13618,4.31020957137349
2005-02-14,8.73,0.6962438,4.79013374528939
2005-02-15,8.43,0.692138,5.07863078330875
2005-02-16,0.33,0.6141471,3.66687792114401
2005-02-17,0.11,0.5508775,2.6324095883183
2005-02-18,0,0.5539304,1.86921840337783
2005-02-19,0.44,0.5415132,1.41629070680294
2005-02-20,4.57,0.6248027,1.90590617366231
2005-02-21,1.55,0.6320815,1.6413984463501
2005-02-22,0.58,0.5840309,1.27031758480265
2005-02-23,0.6,0.5496272,1.02245095779412
2005-02-24,0,0.4561931,0.771818912713934
2005-02-25,0.32,0.4425995,0.683363142822697
2005-02-26,0,0.4348168,0.598013729746325
2005-02-27,0.6,0.4946571,0.627616740565638
2005-02-28,0.36,0.5022481,0.608124040367396
2005-03-01,0,0.3873481,0.561617492054506
2005-03-05,0.23,0.5887297,0.55940980605717
2005-03-06,4.94,0.6015626,1.36725725656841
2005-03-07,0.49,0.5458912,1.06091136323842
2005-03-08,0.94,0.6820855,0.899574204214301
2005-03-09,1.4,0.839284,0.839891036045102
2005-03-10,1.3,0.8456676,0.786228439352913
2005-03-11,0.43,0.8152473,0.64410430647023
2005-03-12,0.34,0.838068,0.580532145777461
2005-03-13,4.26,0.8197186,1.17652039797935
2005-03-14,0.09,0.8383325,0.781576219028937
2005-03-15,0,0.9326511,0.586381002928745
2005-03-16,0,0.9829395,0.529974395263684
2005-03-17,0,1.411184,0.512945359759055
2005-03-18,0,1.589331,0.505940831069903
2005-03-19,0,1.507555,0.500653344125438
2005-03-20,0,1.502384,0.49565389007233
2005-03-21,0,1.472723,0.490739589742284
2005-03-22,0,1.40291,0.485879333163535
2005-03-23,1.43,1.498569,0.561541111164815
2005-03-24,0,1.70044,0.491361244521693
2005-03-25,2.74,1.542112,0.672556460042761
2005-03-26,0,1.616185,0.508738921143283
2005-03-27,0.41,1.450103,0.499902288723304
2005-03-28,0.13,1.625386,0.480170933926298
2005-03-29,2.35,1.619739,0.614635234140145
2005-03-30,0.8,1.605759,0.534996395477482
2005-03-31,5.6,1.557586,1.17730255966667
2005-04-01,0,1.604459,0.629175125333581
2005-04-02,0,1.462536,0.498944610361443
2005-04-03,0,1.440072,0.473018926594361
2005-04-04,0,1.586499,0.464948843387978
2005-04-05,0,1.552986,0.459853242954448
2005-04-06,2.32,1.541074,0.604992393179344
2005-04-07,6.78,1.396284,1.51220807632733
2005-04-08,3.63,1.530486,1.4827523630529
2005-04-09,6.71,1.224065,2.18292026574672
2005-04-10,0.52,1.093089,1.46844879246792
2005-04-11,0.39,1.224756,0.904123553261111
2005-04-12,0,1.451623,0.568078723769696
2005-04-13,0,1.538495,0.494619126686312
2005-04-14,0,1.675045,0.479022477329698
2005-04-15,0,1.745112,0.47277288884119
2005-04-16,4.33,1.592329,0.881690842791917
2005-04-17,1.58,1.512652,0.700224023344154
2005-04-18,0.2,1.785537,0.518005726062937
2005-04-19,0.17,1.748204,0.484762754028684
2005-04-20,5.69,1.599067,1.14792224764352
2005-04-21,0.44,1.423264,0.689236595085656
2005-04-22,0,1.379885,0.514050233873305
2005-04-23,0,1.460161,0.477508023929937
2005-04-24,2.18,1.509001,0.608466422896422
2005-04-25,0.33,1.940844,0.500703531931154
2005-04-26,7.72,1.824589,1.50038041987721
2005-04-27,8.3,1.884232,2.31857279178609
2005-04-28,0.76,1.886999,1.3747556800929
2005-04-29,0,1.817897,0.687800054589304
2005-04-30,1.08,2.491382,0.557889368892831
2005-05-01,0,2.654647,0.499051077740093
2005-05-02,0,2.979977,0.488901385889711
2005-05-03,0.07,2.734749,0.485648708631403
2005-05-04,5.47,2.253556,0.926187986727432
2005-05-05,4.04,1.959461,1.03006700818026
2005-05-06,0.18,1.966407,0.591742948103182
2005-05-07,1.99,1.840794,0.617787860147404
2005-05-08,11.17,1.538772,2.3804874773574
2005-05-09,0.32,1.431704,1.47340791861609
2005-05-10,0,1.499452,0.789594958510546
2005-05-11,0.08,1.527832,0.564264821893631
2005-05-12,0,1.616271,0.515258776388765
2005-05-13,0.1,1.963023,0.507394994310488
2005-05-14,0,2.134367,0.498501086130511
2005-05-15,16.04,2.091104,3.11676743108126
2005-05-16,0.86,2.068168,1.91818905376926
2005-05-17,0,2.115844,0.90441392580334
2005-05-18,0,1.993742,0.580430099848144
2005-05-19,0.03,1.84385,0.530315674435723
2005-05-20,0,2.129164,0.517943218747309
2005-05-21,10.91,2.984589,1.82041280298766
2005-05-22,0,2.696783,0.762355081393175
2005-05-23,0,2.48452,0.557880923025374
2005-05-24,0.2,2.461813,0.537243884411091
2005-05-25,0,2.439509,0.524501732004063
2005-05-26,0,3.291149,0.518530450607821
2005-05-27,0,3.752751,0.513334486905391
2005-05-28,0.05,4.226289,0.509275607952854
2005-05-29,0.05,4.319947,0.504426520453346
2005-05-30,12.94,4.156369,1.86235650083517
2005-05-31,1.46,2.537844,1.01640621363308
2005-06-01,0.23,2.296298,0.605280012708517
2005-06-02,0,2.706445,0.533145494135375
2005-06-03,0,3.043817,0.521481297805557
2005-06-04,3.33,3.260307,0.629201862786435
2005-06-05,1.08,2.522418,0.570645519424417
2005-06-06,0,2.289379,0.523581584723122
2005-06-07,2.65,2.518276,0.623508979139114
2005-06-08,0,2.14433,0.528118121345216
2005-06-09,0,2.289801,0.512214871357089
2005-06-10,0,2.503968,0.505980535558853
2005-06-11,0,2.648957,0.500854012409494
2005-06-12,0,2.54047,0.495883594004417
2005-06-13,0,2.333608,0.490972304045315
2005-06-14,0,2.605817,0.486110601320726
2005-06-15,0,2.823523,0.481297142234454
2005-06-16,0,3.095813,0.476531355808299
2005-06-17,0,3.523176,0.471812761102639
2005-06-18,0.03,3.933271,0.467792949964387
2005-06-19,0.03,4.415076,0.463233151753396
2005-06-20,0,4.288468,0.458144405775351
2005-06-21,0,4.673518,0.453576769895881
2005-06-22,0.04,4.772464,0.449831639467119
2005-06-23,0,4.534642,0.444791304322192
2005-06-24,0,4.682284,0.440352585591405
2005-06-25,0.03,5.340871,0.436504228395284
2005-06-26,1.11,4.299456,0.455749730813584
2005-06-27,0,4.406134,0.432001244368608
2005-06-28,0,4.518274,0.426558921065828
2005-06-29,0,4.98642,0.422266283323917
2005-06-30,2.01,4.218043,0.464902111700055
2005-07-01,2.51,3.436428,0.498877031528952
2005-07-02,2.69,3.093486,0.523709270829959
2005-07-03,2.75,3.373674,0.524006631061446
2005-07-04,0,4.070348,0.436546321630353
2005-07-05,4.95,3.306112,0.636456790769477
2005-07-06,0.16,2.719457,0.461396290653742
2005-07-07,11.16,2.822993,1.85809788664489
2005-07-08,8.05,2.484864,2.33383879800054
2005-07-09,8.76,2.743725,2.74415075842063
2005-07-10,0,3.170881,1.13725146991543
2005-07-11,2,3.857578,0.623343453208139
2005-07-12,0,4.588746,0.504723633275153
2005-07-13,0,4.193992,0.493058109326595
2005-07-14,0,4.556277,0.487753388056709
2005-07-15,0,4.689089,0.482898982438968
2005-07-16,0,4.450485,0.478115936848432
2005-07-17,0,4.211437,0.473381568567964
2005-07-18,0,4.029562,0.468694157768777
2005-07-19,3.24,3.882426,0.55453613735799
2005-07-20,1.48,3.19517,0.520251772307478
2005-07-21,6.02,2.886899,0.88167579405267
2005-07-22,0,2.960662,0.520575171093875
2005-07-23,0.11,3.049948,0.483280661219841
2005-07-24,0,3.209504,0.473069727556917
2005-07-25,8.18,3.193089,1.1617816049859
2005-07-26,3.12,3.480394,0.716906616251147
2005-07-27,0.16,3.439533,0.51371621445096
2005-07-28,1.46,4.334658,0.520900112984253
2005-07-29,3.98,4.477613,0.592143877993686
2005-07-30,16.48,3.663631,2.79359660961713
2005-07-31,2.37,3.064103,1.6913464455318
2005-08-01,3.14,2.728464,1.16934886997131
2005-08-02,0,3.112624,0.606042358463955
2005-08-03,0,3.147316,0.542655437545016
2005-08-04,0.35,2.867621,0.542583300423636
2005-08-05,0,2.868614,0.528681808373219
2005-08-06,5.47,2.5858,0.892036872565952
2005-08-07,0,2.442183,0.574706779312779
2005-08-08,3.93,2.238373,0.77555192374825
2005-08-09,0.38,2.33656,0.577144552291594
2005-08-10,0,2.587624,0.534463912330936
2005-08-11,0,2.605904,0.525538170932554
2005-08-12,2.64,2.491075,0.629921920204185
2005-08-13,0,2.714198,0.532369388938201
2005-08-14,0,2.682147,0.518311047498966
2005-08-15,13.68,2.459687,2.5440261300941
2005-08-16,3.24,2.452757,1.87932743121474
2005-08-17,0,3.099506,0.746103205901465
2005-08-18,0,3.126107,0.563004038987761
2005-08-19,0,3.283715,0.542003293537665
2005-08-20,0.68,2.803069,0.555823562170426
2005-08-21,0,2.626738,0.533790305300951
2005-08-22,0,2.588151,0.526918130205643
2005-08-23,0,2.943487,0.52154532391073
2005-08-24,0.97,2.549504,0.5487220462649
2005-08-25,0.03,2.660715,0.517818461605069
2005-08-26,4.24,2.348806,0.760914913617623
2005-08-27,0,2.122388,0.546795798507063
2005-08-28,0,2.173436,0.514855248447867
2005-08-29,0,2.540396,0.506692588181991
2005-08-30,0,2.784911,0.501371262267617
2005-08-31,0,3.151083,0.496378823969679
2005-09-01,0,3.454235,0.491461415390743
2005-09-02,0,2.969024,0.486594814466134
2005-09-03,0,3.078266,0.481776557218235
2005-09-04,0.03,2.997457,0.477813244897447
2005-09-05,0.03,3.13647,0.473208933433213
2005-09-06,0.06,3.023247,0.469452937421801
2005-09-07,4.47,3.103573,0.6533604025988
2005-09-08,0,3.144351,0.487094532410433
2005-09-09,0,3.193396,0.468441661709179
2005-09-10,8.96,2.936333,1.39016193150181
2005-09-11,3.53,2.710608,1.02938115572866
2005-09-12,0.99,2.545185,0.606446484874891
2005-09-13,2.24,2.49724,0.59668034914887
2005-09-14,0,2.562524,0.500072782461883
2005-09-15,0.03,2.23683,0.487067730745635
2005-09-16,0.91,2.673458,0.509408171918094
2005-09-17,8.84,2.069236,1.66325079897211
2005-09-18,0,1.635706,0.855676452411809
2005-09-19,0,1.576464,0.55726793902318
2005-09-20,0,1.598641,0.49889448795367
2005-09-21,0,1.659914,0.486013535526106
2005-09-22,0,1.688629,0.480080134201182
2005-09-23,0,1.763874,0.475170476694855
2005-09-24,0,1.836622,0.470444444281898
2005-09-25,0,1.970443,0.465783399251026
2005-09-26,0.1,2.072422,0.464783650863406
2005-09-27,0,2.098127,0.457282346031015
2005-09-28,0.38,2.107799,0.46637421471263
2005-09-29,2.12,1.840451,0.56296923971613
2005-09-30,2.11,1.626438,0.607540383507631
2005-10-01,1.19,1.46649,0.555244007995365
2005-10-02,6.97,1.711256,1.41774400207949
2005-10-03,2.11,1.495578,1.11779922980286
2005-10-04,0,1.52791,0.610929327358917
2005-10-05,0,1.784045,0.484511435769239
2005-10-06,0,2.027596,0.46231930646956
2005-10-07,0,2.041108,0.455651594349392
2005-10-08,0,2.00324,0.450892749429323
2005-10-09,0,1.791158,0.446398735548729
2005-10-10,0,1.651373,0.441974693044092
2005-10-11,0,1.661337,0.437597739031231
2005-10-12,0,1.590911,0.433264588549166
2005-10-13,0,1.62495,0.428974408774056
2005-10-14,0,1.50876,0.424726719670393
2005-10-15,0,1.456775,0.420521092033219
2005-10-16,0,1.358171,0.41635710875216
2005-10-17,0,1.379401,0.412234357069452
2005-10-18,0,1.207543,0.408152428711433
2005-10-19,0.07,1.184507,0.407934728604873
2005-10-20,5.79,1.236701,1.20353288915818
2005-10-21,2.08,1.521519,0.94015356152104
2005-10-22,19.97,1.701719,4.32813120236659
2005-10-23,4.47,1.730524,3.60155952142451
2005-10-24,0.92,1.514964,2.42929098739047
2005-10-25,0,1.368209,1.44983566581231
2005-10-26,0.84,1.68172,0.849152866474248
2005-10-27,0,1.751443,0.530192393188807
2005-10-28,0.03,1.709431,0.474760897632514
2005-10-29,0,1.723678,0.461735231476621
2005-10-30,0,1.571635,0.456039689378996
2005-10-31,0,1.531022,0.45135999690735
2005-11-01,0.43,1.626909,0.466355770031465
2005-11-02,16.79,1.390835,3.44611857087188
2005-11-03,9.61,1.239053,4.17212266760911
2005-11-04,0.04,1.5933,2.64312362288154
2005-11-05,4.76,1.381366,2.57462732433287
2005-11-06,2.16,1.086596,2.0895340739133
2005-11-07,0,1.118102,1.29548806416574
2005-11-08,1.96,1.00812,1.16038713724297
2005-11-09,0,1.213065,0.689918417042549
2005-11-10,0.44,0.9936017,0.584902451157481
2005-11-11,0,1.051076,0.519879854128692
2005-11-12,0.69,1.050091,0.548638998830869
2005-11-13,0.35,0.9528222,0.531323587483209
2005-11-14,0.78,1.148047,0.549624655877869
2005-11-15,0,0.9672437,0.501753109182479
2005-11-16,5.97,0.8645967,1.44367570943632
2005-11-17,2.47,0.8156803,1.42291821966855
2005-11-18,0.13,0.7428913,0.960544274216139
2005-11-19,0,0.721917,0.661307654998799
2005-11-20,0,0.584867,0.545206033504171
2005-11-21,0,0.5666367,0.50260336812738
2005-11-22,0.13,0.7606092,0.494995109059764
2005-11-23,0,0.5914326,0.480519109292522
2005-11-24,0.03,0.6131673,0.475430421911582
2005-11-25,2.51,0.6668969,0.792249887725355
2005-11-26,0.2,0.568899,0.616929518758375
2005-11-27,2.1,0.5638723,0.834530637438843
2005-11-28,1.01,0.5914569,0.767430238406362
2005-11-29,3.98,0.6221925,1.29743801053174
2005-11-30,0.06,0.6370068,0.883041226847183
2005-12-01,0,0.5939674,0.629213471782886
2005-12-02,0,0.5795554,0.516841916126078
2005-12-03,10.96,0.6093981,2.53949295971211
2005-12-04,10.68,0.835227,3.86517350202579
2005-12-05,20.54,0.8852936,6.80825753647267
2005-12-06,0.86,0.780482,4.95522427689037
2005-12-07,0.42,0.7203354,3.56055766037158
2005-12-08,0.22,0.7266342,2.52124773223319
2005-12-09,5.11,0.6792817,2.78666621206864
2005-12-10,0,0.641126,1.95148761455742
2005-12-11,0,0.5554378,1.38013351755675
2005-12-12,0,0.4978358,0.992509428933872
2005-12-13,0.04,0.6092603,0.727908842864651
2005-12-14,0.06,0.6748322,0.604281496777708
2005-12-15,0.58,0.6955155,0.609166088508252
2005-12-16,0.39,0.6871021,0.589798186114833
2005-12-17,6.98,0.7945831,1.74595031159787
2005-12-18,4.19,0.5647568,2.07830937301699
2005-12-19,0,0.5699394,1.46412193687986
2005-12-20,2.13,0.5453842,1.46473091546197
2005-12-21,0,0.5635263,1.03020339178035
2005-12-22,0,0.5792199,0.744815475647757
2005-12-23,0.09,0.5903021,0.615855471329693
2005-12-24,0,0.6611409,0.554941274873674
2005-12-25,0,0.7195387,0.533177769357082
2005-12-26,0.06,0.689492,0.528390783579835
2005-12-27,3.57,0.5497398,1.0815366197176
2005-12-28,1.71,0.4394627,1.13244644518541
2005-12-29,0.69,0.4475311,0.96187080688895
2005-12-30,0.27,0.3878605,0.782270613326076
2005-12-31,9.99,0.4179907,2.60567506383797
2006-01-01,1.66,0.6755196,2.14184440539867
2006-01-02,3.85,0.6891219,2.2517432962323
2006-01-03,0,0.7122377,1.54212192890273
2006-01-04,0,0.5916529,1.07321152820427
2006-01-05,0,0.5178823,0.778910148646426
2006-01-06,0.59,0.5177258,0.704287077044742
2006-01-07,0,0.4401883,0.592758085313278
2006-01-08,0,0.4579959,0.543769364107034
2006-01-09,0,0.5305783,0.522309359529837
2006-01-10,0,0.4316201,0.51232942529885
2006-01-11,0,0.4481434,0.505564179717562
2006-01-12,3.3,0.4999456,1.02119612582713
2006-01-13,0.57,0.6123654,0.814278392498628
2006-01-14,0,0.541813,0.619356858983834
2006-01-15,0,0.4790324,0.538339765223685
2006-01-16,0,0.391807,0.507035330110267
2006-01-17,0.57,0.463781,0.554659732178814
2006-01-18,18.58,0.7064641,4.09285312215813
2006-01-19,0.82,0.716875,3.01829902093761
2006-01-20,0,0.6305717,2.11009309444929
2006-01-21,2.95,0.8116945,2.00488523849777
2006-01-22,1.28,0.7315867,1.61569263054326
2006-01-23,0,0.6536101,1.10288162801432
2006-01-24,0,0.4829788,0.80095078913712
2006-01-25,0,0.4536762,0.631966537200656
2006-01-26,0.42,0.4885271,0.602402868843718
2006-01-27,0.11,0.5368626,0.548399677746619
2006-01-28,0,0.4089335,0.517751707430483
2006-01-29,0.1,0.5597329,0.511530050066812
2006-01-30,0,0.7826701,0.496602998012499
2006-01-31,0,0.6719809,0.489338756140115
2006-02-01,0,0.6150579,0.483874216048013
2006-02-02,0,0.5432889,0.478912507861947
2006-02-03,0.03,0.4630497,0.477033155768625
2006-02-04,0,0.4412431,0.47046483619967
2006-02-05,0,0.650513,0.465107760328888
2006-02-06,0.5,0.6916068,0.502655049474551
2006-02-07,0.03,0.7817963,0.469669914615758
2006-02-08,0.45,0.7870484,0.49103469304785
2006-02-09,2.95,0.7915451,0.844904478156928
2006-02-10,3.55,0.6819946,1.24385299137547
2006-02-11,0.36,0.7195751,0.877429339659192
2006-02-12,0,0.7037867,0.603979419764879
2006-02-13,2.59,0.6666952,0.886830858846005
2006-02-14,0.07,0.6449706,0.626615890728187
2006-02-15,0.27,0.7748904,0.523485674992885
2006-02-16,22.04,0.9732111,4.68256130650551
2006-02-17,8.62,1.034805,4.92089910427088
2006-02-18,1.93,0.9502857,3.76231067664595
2006-02-19,12.73,0.9093604,5.14370591488093
2006-02-20,1.49,0.9871904,3.82975074733482
2006-02-21,1.27,0.9610401,2.85477632765724
2006-02-22,0.92,0.8301464,2.12710532242824
2006-02-23,0.03,0.7976961,1.43605518757341
2006-02-24,0,0.7065107,0.969970068886136
2006-02-25,0,0.7650482,0.685106327326512
2006-02-26,0,0.7348837,0.577863943771858
2006-02-27,0,0.5994329,0.544675776741362
2006-02-28,0.4,0.594277,0.56810068347561
2006-03-01,3.36,0.7213423,1.01909640528237
2006-03-02,0.39,0.6346496,0.785096604378099
2006-03-03,0.54,0.6573148,0.675697216833566
2006-03-04,8.84,0.6795819,2.21761369674015
2006-03-05,0,0.5950798,1.55258077312605
2006-03-06,0.59,0.5040029,1.22466549946966
2006-03-07,2.9,0.5969318,1.43045425885644
2006-03-08,0.15,0.775813,0.971460749004945
2006-03-09,11.44,0.8606969,2.90497600401344
2006-03-10,7.09,1.154469,3.31901940851936
2006-03-11,2.47,0.9804657,2.73260103042923
2006-03-12,2.76,0.8441187,2.41500495804912
2006-03-13,0.03,0.6025251,1.70764180382674
2006-03-14,0,0.6547178,1.18058508853424
2006-03-15,0,0.7655962,0.802408769188834
2006-03-16,0,0.8944366,0.622955637869873
2006-03-17,0,0.8028612,0.571412129329446
2006-03-18,0,0.9173837,0.554003310848127
2006-03-19,0,0.9993356,0.545873338376029
2006-03-20,0,1.104287,0.539911960837804
2006-03-21,0.26,1.142912,0.54945651382129
2006-03-22,2.34,1.023736,0.756478927752908
2006-03-23,0.22,1.014172,0.60102580146576
2006-03-24,0,1.107618,0.540628755637457
2006-03-25,7.77,1.273506,1.72283253221357
2006-03-26,9.73,1.683638,2.84499321699844
2006-03-27,2.62,1.950993,2.12538288383085
2006-03-28,4.06,1.834449,1.94064818281525
2006-03-29,4.41,1.489434,1.98694490282041
2006-03-30,2.53,1.371952,1.67569380681977
2006-03-31,25.72,1.717335,6.06342855898511
2006-04-01,14.39,1.762839,6.89746668005006
2006-04-02,4.83,1.549207,5.62429963667061
2006-04-03,6.34,1.504987,5.03807696724478
2006-04-04,4.98,1.340376,4.39662273317444
2006-04-05,0,1.231758,2.96152350880056
2006-04-06,0,1.136354,1.96429743510782
2006-04-07,0,1.141842,1.2527956006473
2006-04-08,0,1.253996,0.830019902859889
2006-04-09,0,1.356024,0.709458891368569
2006-04-10,0.09,1.452778,0.686435054323424
2006-04-11,0,1.360654,0.673084953811613
2006-04-12,0,1.227348,0.665358447879494
2006-04-13,0.74,1.471256,0.696498240258071
2006-04-14,1.65,1.417903,0.765575658075471
2006-04-15,2.45,1.73055,0.831082383124308
2006-04-16,3.92,1.78059,1.05301015191542
2006-04-17,17.49,1.836359,3.9312094880302
2006-04-18,0,1.865053,2.43349407877067
2006-04-19,0,1.712098,1.41075890365645
2006-04-20,0,1.5832,0.849210767761649
2006-04-21,0,1.72232,0.706034474025963
2006-04-22,0,2.055787,0.678633315377231
2006-04-23,0,1.906578,0.669508921117266
2006-04-24,0,1.664318,0.66258312712126
2006-04-25,0,2.614495,0.655978657297756
2006-04-26,1,2.489932,0.683621198839608
2006-04-27,0.52,2.279525,0.667988909365545
2006-04-28,0,2.066842,0.643536098151943
2006-04-29,0,1.879394,0.635079336396175
2006-04-30,0,1.488974,0.628534413638475
2006-05-01,6.57,1.242226,1.57937100231867
2006-05-02,3.03,1.63297,1.42356130516319
2006-05-03,0,2.279322,0.759471276157448
2006-05-04,0,2.74471,0.643346904088204
2006-05-05,0,3.133681,0.626426337373732
2006-05-06,3.03,2.780145,0.737816670151695
2006-05-07,0.03,2.960251,0.632676304125394
2006-05-08,0,2.775521,0.616948991215081
2006-05-09,12.56,2.514195,2.39734093357564
2006-05-10,0.38,2.528348,1.2043069060555
2006-05-11,0.03,2.437027,0.709370050807072
2006-05-12,0,2.765869,0.636251006818496
2006-05-13,1.85,2.838433,0.68541843036756
2006-05-14,17.67,2.514401,3.48857201768477
2006-05-15,0,2.326371,1.96706147808013
2006-05-16,0,2.655017,0.898343331706019
2006-05-17,5.11,2.925123,1.02249366562393
2006-05-18,1.28,2.969827,0.746659053623162
2006-05-19,0.96,3.010565,0.696760482563065
2006-05-20,2.01,2.310091,0.745752870456149
2006-05-21,20.61,2.148815,4.25039168007827
2006-05-22,2.74,2.531541,3.01715069527937
2006-05-23,6.28,2.563149,2.84724141625707
2006-05-24,2.8,2.043834,2.18001893381952
2006-05-25,2.29,1.911688,1.64104068220997
2006-05-26,8.75,2.128356,2.50314541771
2006-05-27,14.14,2.629082,4.06682731324927
2006-05-28,2.17,2.9359,2.66529174494328
2006-05-29,1.87,2.826622,1.63769758895722
2006-05-30,10.33,2.018782,2.8691796805735
2006-05-31,3.09,1.813142,2.34528581758975
2006-06-01,1.5,1.825399,1.6452675796035
2006-06-02,2.16,1.812284,1.29250771548338
2006-06-03,0,2.259227,0.858114355245025
2006-06-04,0,2.48771,0.790881415551052
2006-06-05,0,2.742347,0.776964719222832
2006-06-06,0.29,2.678804,0.777427429251227
2006-06-07,0,2.430686,0.762704525757287
2006-06-08,0,2.713694,0.754425538006008
2006-06-09,0,3.084712,0.74688704184176
2006-06-10,0,3.324333,0.739485705602296
2006-06-11,0,3.659721,0.732162902555497
2006-06-12,0,3.942612,0.724913022519747
2006-06-13,0,3.961734,0.717734960067005
2006-06-14,0,4.422082,0.710627976777532
2006-06-15,0.36,4.404413,0.710882765473437
2006-06-16,6.6,3.662155,1.02206494058179
2006-06-17,0,3.213944,0.736958614693038
2006-06-18,0,3.410493,0.705200266681961
2006-06-19,0,3.942181,0.696328013245778
2006-06-20,0.54,3.871599,0.701574298867493
2006-06-21,0,3.72498,0.684810874158189
2006-06-22,0,3.518181,0.677342689508624
2006-06-23,0.48,2.880505,0.684406922990743
2006-06-24,0,3.093686,0.666382177503033
2006-06-25,0,3.727085,0.658836417598404
2006-06-26,8.5,3.789807,1.23707450021527
2006-06-27,1.1,3.535503,0.758839166527796
2006-06-28,0,3.477216,0.673846357966723
2006-06-29,0,3.872422,0.661206164726438
2006-06-30,0.22,3.829599,0.659196184302133
2006-07-01,0,4.328485,0.648657973927377
2006-07-02,0,4.433869,0.641989121187518
2006-07-03,0,4.329465,0.635617483097178
2006-07-04,0,4.457209,0.629322724305526
2006-07-05,0,4.797611,0.623091141717243
2006-07-06,0.53,4.549896,0.627477887902421
2006-07-07,0,4.048904,0.612956383868165
2006-07-08,0.11,3.95075,0.608741149185479
2006-07-09,0.15,3.992552,0.604014417535107
2006-07-10,0,3.74398,0.595326746571087
2006-07-11,0,4.167972,0.589241536193758
2006-07-12,0,4.747865,0.583394751002814
2006-07-13,0,4.813864,0.577617316751601
2006-07-14,39.93,4.265984,7.38903785341354
2006-07-15,0,4.356479,4.13629956600432
2006-07-16,0,4.018706,1.91569603894022
2006-07-17,0,4.285995,0.780992757148598
2006-07-18,0,4.391714,0.670423252706631
2006-07-19,0,4.628929,0.657391313542124
2006-07-20,0,4.96938,0.650512220962637
2006-07-21,0,5.001661,0.644050958783133
2006-07-22,0,5.331844,0.637672521758879
2006-07-23,2.51,4.568414,0.68759362297746
2006-07-24,0.1,4.465701,0.637431667120873
2006-07-25,0,4.750831,0.626781219025286
2006-07-26,0,5.349794,0.620329508424911
2006-07-27,0,5.65498,0.614174655765206
2006-07-28,0.03,4.900592,0.608641811843787
2006-07-29,0.55,3.810304,0.61485891562038
2006-07-30,0,3.927917,0.598555724191045
2006-07-31,0.68,3.800787,0.607777158844687
2006-08-01,0.81,3.653794,0.608810429063993
2006-08-02,4.81,3.003323,0.816859862871396
2006-08-03,10.41,2.675501,2.04899493619442
2006-08-04,0.33,2.578596,0.963835457510584
2006-08-05,18.72,2.739754,3.82930239743678
2006-08-06,1.75,3.501988,2.20562636784284
2006-08-07,0.03,3.528031,0.876265669353397
2006-08-08,0,3.567246,0.670404746141993
2006-08-09,0,3.291851,0.64853550823562
2006-08-10,0.62,2.788448,0.65950251465666
2006-08-11,1.96,2.521464,0.712631107917665
2006-08-12,10.29,2.316128,2.0717554532443
2006-08-13,2.22,2.329921,1.40543520420395
2006-08-14,0,2.424958,0.764563593723278
2006-08-15,3.32,2.519591,0.831468583524155
2006-08-16,4.86,2.672488,1.00459309536205
2006-08-17,0.52,2.662792,0.720024635026816
2006-08-18,4.93,3.122262,0.900447616870018
2006-08-19,4.55,3.004925,0.945367301082979
2006-08-20,2.29,2.870884,0.796478754739535
2006-08-21,2.98,2.601081,0.823569269907668
2006-08-22,4.1,2.593484,0.93063171446241
2006-08-23,0,2.549566,0.707420636656279
2006-08-24,0,2.728572,0.677161297291641
2006-08-25,19.03,2.385486,3.81124846219935
2006-08-26,10.92,2.386554,4.41292561901269
2006-08-27,0.5,2.413896,2.72251790355897
2006-08-28,1.12,2.515089,1.61013471588495
2006-08-29,11.05,2.100826,2.95958198980038
2006-08-30,4.72,1.925744,2.69628650714601
2006-08-31,0,2.002639,1.52830314913973
2006-09-01,0,2.103298,0.885967584005954
2006-09-02,0,2.585042,0.76222024145497
2006-09-03,0,2.825362,0.742880847889008
2006-09-04,2.85,3.081168,0.831974132675237
2006-09-05,0,3.064568,0.743109856888434
2006-09-06,0,2.807721,0.728876145208998
2006-09-07,0,3.035901,0.72103366506546
2006-09-08,0,2.618402,0.713842093169291
2006-09-09,0,2.175367,0.706768777388571
2006-09-10,0,2.246124,0.699769831635121
2006-09-11,0,2.530095,0.692840677667864
2006-09-12,0,2.718208,0.685980190559042
2006-09-13,0,2.874105,0.679187641130066
2006-09-14,0,2.895916,0.672462351873602
2006-09-15,0,2.747738,0.665803656166319
2006-09-16,0,2.73487,0.659210894601518
2006-09-17,0,2.40794,0.652683414301919
2006-09-18,0,2.678368,0.646220568855006
2006-09-19,1.43,2.399691,0.692686917899685
2006-09-20,0,2.083848,0.643456288080525
2006-09-21,0.1,2.081233,0.6356663241636
2006-09-22,0,2.278032,0.625851156348025
2006-09-23,0,2.649146,0.619267931379733
2006-09-24,0,2.621812,0.613099407542498
2006-09-25,0.7,2.68054,0.628830074546598
2006-09-26,0.71,2.27936,0.630917326086827
2006-09-27,0.19,2.122584,0.609095669348649
2006-09-28,0,1.876615,0.595004703035239
2006-09-29,0,1.930407,0.588082610013094
2006-09-30,0,2.025467,0.582130964989734
2006-10-01,14.33,1.997627,2.88054930375605
2006-10-02,5.45,2.178683,2.67067616579506
2006-10-03,0.88,1.950745,1.66416484244575
2006-10-04,17.49,1.766855,4.37770843334382
2006-10-05,0.27,1.603188,2.87613631119317
2006-10-06,0.8,1.547164,1.92756580301472
2006-10-07,11.91,1.874038,3.40841010560749
2006-10-08,2.73,1.649406,2.6754972362317
2006-10-09,0,1.301947,1.70373705911382
2006-10-10,0,1.510334,0.983409226809259
2006-10-11,0.76,1.916001,0.75667608387943
2006-10-12,0,1.654135,0.678661651407127
2006-10-13,0.04,1.797016,0.663080668109796
2006-10-14,0,2.025724,0.653804365241778
2006-10-15,0,1.731451,0.647013325693189
2006-10-16,0,1.520572,0.640564408731863
2006-10-17,0,1.403569,0.634215293679445
2006-10-18,0,1.310002,0.627934325839321
2006-10-19,0,1.485701,0.621716374135068
2006-10-20,2.51,1.616091,0.776028447281921
2006-10-21,4.67,1.776714,1.1422942678327
2006-10-22,1.89,1.745203,0.901109337380939
2006-10-23,3.34,1.81631,0.976945447333771
2006-10-24,20.27,1.930539,4.40478244132926
2006-10-25,17.22,1.529007,6.36882779173769
2006-10-26,0,1.412991,4.31734053919918
2006-10-27,0,1.708703,2.7607994828355
2006-10-28,0,1.780439,1.62621427757557
2006-10-29,0.09,1.708365,0.934811740819858
2006-10-30,0.48,1.634229,0.760967212868153
2006-10-31,0,1.140033,0.703479699801636
2006-11-01,1.2,1.082988,0.772990369211332
2006-11-02,1.82,0.964431,0.879554091264408
2006-11-03,0.79,0.7605854,0.821419345226025
2006-11-04,0,0.8545902,0.710468393856935
2006-11-05,0,0.9481588,0.6763772169971
2006-11-06,0,0.9193982,0.663776276923374
2006-11-07,0,0.9116619,0.655908492820575
2006-11-08,0,0.8268558,0.649134328801756
2006-11-09,0.03,0.9273551,0.644566904630739
2006-11-10,1.1,1.114316,0.711506551844121
2006-11-11,0.03,0.7095165,0.655396029508748
2006-11-12,4.32,0.8355081,1.26788760842563
2006-11-13,1.85,0.9514834,1.17166344585182
2006-11-14,3.29,1.053415,1.36147267949264
2006-11-15,3.65,1.315407,1.49066975234741
2006-11-16,0,1.285559,0.899180510250849
2006-11-17,0.51,1.270585,0.724357773047098
2006-11-18,8.25,1.187549,2.00784013270754
2006-11-19,0.66,0.9402765,1.46168684115367
2006-11-20,16.94,0.9359483,4.38145274053565
2006-11-21,17.59,0.881795,6.62636851425561
2006-11-22,8.55,0.9763085,6.37454274809451
2006-11-23,1.98,0.8075814,4.91548215030688
2006-11-24,25.38,1.083009,8.54708633520259
2006-11-25,5.27,1.135842,7.05333380957849
2006-11-26,4.58,1.407379,5.76606541205436
2006-11-27,0.34,1.056545,4.09366356451622
2006-11-28,0,0.9674931,2.85593616244293
2006-11-29,0.38,1.02429,2.03013581240576
2006-11-30,0.03,0.9460962,1.39390417238519
2006-12-01,0.24,0.7327512,1.06809115165754
2006-12-02,0,0.8916934,0.86266461076647
2006-12-03,0.1,0.8705289,0.807169398727092
2006-12-04,13.13,1.051893,3.14113543744391
2006-12-05,16.38,1.016901,5.48718729960353
2006-12-06,4.6,1.272633,4.69997750335049
2006-12-07,2.19,0.9761119,3.73996345445045
2006-12-08,10.81,0.8848088,4.83456178623558
2006-12-09,13.83,0.9940333,6.20309898358273
2006-12-10,2.41,0.7947422,4.92784361709549
2006-12-11,0,0.6095968,3.5835346926337
2006-12-12,3.54,0.7145317,3.30919967562532
2006-12-13,2.2,0.7840955,2.82015831136758
2006-12-14,0.15,0.779254,2.05511776913387
2006-12-15,0,0.8028575,1.4711134906298
2006-12-16,0,0.5791272,1.13898752408114
2006-12-17,3.97,0.706076,1.64728283284077
2006-12-18,0,0.6121042,1.24134886892921
2006-12-19,0.22,0.6152815,1.03149960571071
2006-12-20,0,0.632099,0.907168478719063
2006-12-21,0,0.5945614,0.861481898238704
2006-12-22,0,0.7432586,0.84118799748298
2006-12-23,0,0.6758961,0.829918820447944
2006-12-24,0,0.6088232,0.820930689992977
2006-12-25,0,0.6640194,0.81257722231802
2006-12-26,0,0.5150117,0.804474001563408
2006-12-27,0,0.5376472,0.796489969754027
2006-12-28,0,0.5005325,0.788597685826668
2006-12-29,0.03,0.5033704,0.783574299258305
2006-12-30,0,0.5271747,0.773982547082001
2006-12-31,19.35,0.668015,4.49644788145942
2007-01-01,10,0.9901223,5.16807289196776
2007-01-02,13.94,0.8833843,6.48704243424267
2007-01-03,5.28,0.7147818,5.72838164409756
2007-01-04,0.43,0.7655866,4.18722024151038
2007-01-05,3.81,0.8574706,3.74425118212484
2007-01-06,2.04,0.8818367,3.06149283185909
2007-01-07,10.9,1.043456,4.32546998409901
2007-01-08,0,0.9019123,3.06129691181221
2007-01-09,11.59,0.9696581,4.49220761965053
2007-01-10,2.4,1.184793,3.58659300192915
2007-01-11,3.14,1.032169,3.13663171240795
2007-01-12,5.24,0.8568484,3.29595537311168
2007-01-13,0.17,0.9369128,2.35625971396858
2007-01-14,0.44,1.086821,1.6928657889807
2007-01-15,0.56,0.8524475,1.32105445499164
2007-01-16,0,0.5613311,1.06240423041353
2007-01-17,0.07,0.7308876,0.937144082683674
2007-01-18,17.2,1.040246,4.09207718324422
2007-01-19,41.8,1.22803,11.2999929262803
2007-01-20,6.31,1.233655,9.25945675422792
2007-01-21,3.89,1.134227,7.34357590735028
2007-01-22,3.07,0.8719943,5.88962189361471
2007-01-23,0,0.7245337,4.27225217625547
2007-01-24,0.04,0.5394815,3.17949039828036
2007-01-25,0,0.536026,2.38960206397554
2007-01-26,0,0.4866848,1.83819956405149
2007-01-27,0.05,0.4556527,1.46444070406144
2007-01-28,0.6,0.6817537,1.25810770098615
2007-01-29,0.06,0.7300378,1.06838547246541
2007-01-30,0.43,0.8509507,1.02608918541711
2007-01-31,0,0.9172454,0.973266390446382
2007-02-01,0,0.8697195,0.953988917600105
2007-02-02,0,0.9545065,0.942291610009599
2007-02-03,0.03,1.060443,0.934232562911214
2007-02-04,0,0.8533794,0.923618550510325
2007-02-05,0,0.7802819,0.914164859699757
2007-02-06,0.33,0.6552955,0.932989426953748
2007-02-07,4.15,0.6837842,1.55263249863908
2007-02-08,1.45,0.6847117,1.44806217771933
2007-02-09,14.03,0.7375471,3.91110569810572
2007-02-10,0.84,0.8752164,2.95456602623152
2007-02-11,3.53,0.9397408,2.79714864140722
2007-02-12,14.81,1.077894,4.93637122632716
2007-02-13,14,1.083452,6.30656760030647
2007-02-14,2.96,1.002059,5.07370254461795
2007-02-15,14.92,0.9533609,6.63986465229041
2007-02-16,0,1.003201,4.7186674075699
2007-02-17,0,0.856263,3.38931772857393
2007-02-18,0,0.8881834,2.42790412003587
2007-02-19,0,0.9038812,1.734770814903
2007-02-20,0,0.9381504,1.25707736439824
2007-02-21,0,0.9226408,1.04428350190351
2007-02-22,1.18,0.8813277,1.08657719000579
2007-02-23,0,1.099098,0.981389726287491
2007-02-24,1.7,1.224402,1.07509824338012
2007-02-25,10.63,1.228775,2.81689308772149
2007-02-26,14.7,1.117206,4.92781381567129
2007-02-27,4.83,1.088919,4.44590753927578
2007-02-28,4.38,1.058435,4.02093743685658
2007-03-01,11.6,1.29858,5.1130953652779
2007-03-02,21.1,1.217096,7.85574477971598
2007-03-03,2.25,1.059463,6.04353595839475
2007-03-04,10.66,1.1775,6.42270814187057
2007-03-05,0,1.132171,4.54563884041055
2007-03-06,3.15,1.288491,3.79551717287382
2007-03-07,13.12,1.25329,5.2974334095837
2007-03-08,6.91,1.190425,5.13386315885498
2007-03-09,0,1.075671,3.64980821267817
2007-03-10,3.84,0.9890859,3.39452426090369
2007-03-11,0,1.10021,2.39777701128106
2007-03-12,0,1.122617,1.67957211168419
2007-03-13,0,1.163444,1.24760696627975
2007-03-14,0,1.222282,1.10998721712781
2007-03-15,0,1.334261,1.07385168482398
2007-03-16,0,1.247331,1.05900142981484
2007-03-17,0,1.187288,1.04778027752463
2007-03-18,0.26,1.302366,1.05090555240253
2007-03-19,9.03,1.262067,2.48791969966991
2007-03-20,2.67,0.9292095,2.32668459199801
2007-03-21,2.65,0.9419255,2.20297324386145
2007-03-22,2.95,0.9950124,2.15877990681568
2007-03-23,3.41,0.9648929,2.22947822976398
2007-03-24,1.67,1.007223,1.91344579981125
2007-03-25,0.7,1.132908,1.46145570252223
2007-03-26,0.42,1.37928,1.14852736225568
2007-03-27,0,1.620343,1.03356766080858
2007-03-28,0,1.48899,1.00767498183891
2007-03-29,0.59,1.497669,1.02452129459118
2007-03-30,2.19,1.519264,1.13537516686697
2007-03-31,1.49,1.430789,1.11169782354431
2007-04-01,4.1,1.46369,1.46335053979075
2007-04-02,0,1.787156,1.05984337321665
2007-04-03,0,1.808416,0.981460512628648
2007-04-04,0.17,1.409192,0.971206142691853
2007-04-05,0,1.420167,0.95360584105528
2007-04-06,0,1.52033,0.942877714365106
2007-04-07,0,1.795482,0.933343650922649
2007-04-08,0,1.578328,0.924076147032375
2007-04-09,0,1.574736,0.914922251232973
2007-04-10,0,1.7514,0.905862174125227
2007-04-11,0,1.757233,0.896892288322887
2007-04-12,0,1.876821,0.888011286209484
2007-04-13,0,2.341811,0.879218231991363
2007-04-14,0,2.551093,0.870512247707166
2007-04-15,0,2.840632,0.861892469736258
2007-04-16,0,2.793692,0.853358044467123
2007-04-17,0,2.670284,0.844908126740671
2007-04-18,0.11,2.251117,0.840272102267299
2007-04-19,0.13,1.719758,0.834500194093686
2007-04-20,0,1.770438,0.821497503906763
2007-04-21,0.04,1.881214,0.814273734737203
2007-04-22,0.03,1.832928,0.806084006545254
2007-04-23,0,2.150896,0.796970010808795
2007-04-24,0,2.509893,0.788948130614773
2007-04-25,0.07,3.020765,0.783000620837076
2007-04-26,0,3.271975,0.773724463879381
2007-04-27,0.06,2.898417,0.767605918435919
2007-04-28,0.13,2.844012,0.762335874994236
2007-04-29,0.27,2.757627,0.759638355594195
2007-04-30,0.03,2.695275,0.746327791991693
2007-05-01,0.12,2.543535,0.741314861346713
2007-05-02,0.38,2.52194,0.742968786444835
2007-05-03,0.42,2.378257,0.739743273002055
2007-05-04,0.04,2.31667,0.72129806956014
2007-05-05,2.18,2.334802,0.80287801582648
2007-05-06,0,2.98098,0.718285696513658
2007-05-07,0.03,2.799354,0.70532307114746
2007-05-08,13.9,2.359743,2.80425554436014
2007-05-09,1.7,2.432111,1.80958087609411
2007-05-10,16.27,2.296554,4.1024547120307
2007-05-11,0,2.832992,2.27892092059792
2007-05-12,1.85,2.430684,1.47639424738313
2007-05-13,7.03,2.432104,1.95335457139377
2007-05-14,12.83,2.564849,3.4361501017621
2007-05-15,2.6,2.491665,2.44538820611402
2007-05-16,3.76,2.153939,2.07697664490097
2007-05-17,16.22,2.091313,4.36723428956356
2007-05-18,6.62,2.256397,4.01093982408252
2007-05-19,0.03,2.471938,2.3541442884484
2007-05-20,1.88,2.900028,1.42356778410332
2007-05-21,4.18,3.202664,1.19098472775806
2007-05-22,0,3.571619,0.875788774576305
2007-05-23,0,3.647683,0.842627889917524
2007-05-24,0,3.439071,0.832529558231054
2007-05-25,0,3.89349,0.824152541388975
2007-05-26,1.06,4.039923,0.840021674107583
2007-05-27,6.98,3.436336,1.23665272268663
2007-05-28,5.02,2.637963,1.34226479030257
2007-05-29,1.49,2.297534,0.990526623840324
2007-05-30,0.6,2.112245,0.870937395720047
2007-05-31,1.34,2.319103,0.876759543847015
2007-06-01,1.79,2.886993,0.880633028446509
2007-06-02,20.56,2.596715,4.24354277952164
2007-06-03,0,3.345914,2.24998737917241
2007-06-04,0,3.388029,1.04229579067629
2007-06-05,0,3.557964,0.862517566474333
2007-06-06,0,3.826997,0.840834088530073
2007-06-07,0,4.307184,0.83159902081724
2007-06-08,3.94,4.445396,0.924771284526923
2007-06-09,29.31,4.069629,5.60865630273562
2007-06-10,10.6,4.046522,5.17682602224019
2007-06-11,0.26,3.653285,2.89246903850663
2007-06-12,0,3.829153,1.23995320878341
2007-06-13,0,3.68477,0.934319026001872
2007-06-14,0.07,3.548856,0.903967057177289
2007-06-15,4.72,3.792321,1.05192798458653
2007-06-16,1.56,3.390762,0.954973609261348
2007-06-17,2.44,2.987031,0.982491858120805
2007-06-18,2.19,3.351696,0.964920689897628
2007-06-19,1.94,3.590299,0.947569551916591
2007-06-20,0,4.275302,0.888718828055275
2007-06-21,5.57,3.97617,1.07577503392686
2007-06-22,1.22,3.414429,0.934725931597871
2007-06-23,7.81,2.879175,1.62480265348478
2007-06-24,15.35,2.890103,3.64845325704857
2007-06-25,16.25,3.422012,5.12380341925004
2007-06-26,12.71,2.821688,5.65104588505747
2007-06-27,12.36,2.464177,6.07302983740548
2007-06-28,0.24,2.467374,3.91650151005522
2007-06-29,6.39,2.686004,3.55824344791597
2007-06-30,2.92,2.81332,2.56063978357858
2007-07-01,0.47,3.224695,1.31582785680727
2007-07-02,0,3.444295,1.0357499512926
2007-07-03,4.74,3.087645,1.22057620455255
2007-07-04,19.89,2.581028,4.40855994459403
2007-07-05,6.38,2.61873,3.93941624349301
2007-07-06,6.2,2.754533,3.52884939077981
2007-07-07,2.8,2.981329,2.47751279648812
2007-07-08,0,2.818891,1.31930936434288
2007-07-09,0.54,3.114996,1.09667886676041
2007-07-10,2.31,2.686867,1.13971453319878
2007-07-11,0.5,2.718639,1.0688427507043
2007-07-12,0.93,2.523867,1.06986793139422
2007-07-13,0.56,2.937147,1.04744538889333
2007-07-14,0.13,4.014497,1.02387688454278
2007-07-15,0,4.531443,1.01041269268753
2007-07-16,0,5.0155,1.00021135952065
2007-07-17,0,4.6067,0.990296873830418
2007-07-18,1.56,3.865216,1.01854425015838
2007-07-19,0,3.681824,0.977757325875599
2007-07-20,4.52,3.436576,1.13515336875624
2007-07-21,10.41,3.519786,2.12385797767366
2007-07-22,0,3.150485,1.13359160031233
2007-07-23,0,3.138306,0.992862085664069
2007-07-24,1.98,2.684003,1.04300846465588
2007-07-25,3.09,3.013151,1.09006151269371
2007-07-26,0,3.201598,0.976103169011826
2007-07-27,0,3.529157,0.957788800356358
2007-07-28,0,3.510686,0.947667008647698
2007-07-29,7.5,3.272223,1.48003279792094
2007-07-30,4.42,2.760532,1.4027741357126
2007-07-31,0,2.544953,1.00555170691851
2007-08-01,0,2.506059,0.950290392088138
2007-08-02,0,2.93718,0.936220508266936
2007-08-03,4.35,3.03917,1.11269289147138
2007-08-04,0,3.266202,0.944502124102819
2007-08-05,0,3.353098,0.922028436407541
2007-08-06,0,3.860483,0.911873422935967
2007-08-07,6.47,3.64281,1.21292510455822
2007-08-08,0.32,3.062259,0.94979971914324
2007-08-09,0.88,2.778073,0.935739348845388
2007-08-10,4.67,2.509406,1.18626037606326
2007-08-11,1.23,3.238931,0.967275379135708
2007-08-12,0,3.401731,0.902573841837768
2007-08-13,2.2,3.156409,0.957998326061054
2007-08-14,0,3.074136,0.891974887129717
2007-08-15,0.62,3.234817,0.894781980205898
2007-08-16,17.63,3.471575,3.40732260606041
2007-08-17,1.03,2.780097,2.0488249720543
2007-08-18,0.17,2.514845,1.12115335066262
2007-08-19,0,2.505285,0.92257386332071
2007-08-20,6.46,2.754937,1.39669156267194
2007-08-21,4.96,2.387256,1.53362723200598
2007-08-22,3.36,2.638337,1.27173988597111
2007-08-23,26.28,2.428957,5.76325946189475
2007-08-24,0.19,2.840125,3.55850054649284
2007-08-25,0,3.021453,1.88880902335384
2007-08-26,0,3.296874,1.05734373533992
2007-08-27,0,3.230543,0.955943212473702
2007-08-28,0,2.847615,0.939082661528426
2007-08-29,0,2.279299,0.929137816829825
2007-08-30,0,2.469016,0.919867286717873
2007-08-31,0,2.286143,0.910751777445852
2007-09-01,0,2.66167,0.901732783015296
2007-09-02,0.03,2.598874,0.893706511131306
2007-09-03,0,2.415577,0.884135018437261
2007-09-04,8.24,2.22065,1.87360164795458
2007-09-05,1.19,1.870173,1.28229681135229
2007-09-06,0.28,1.809521,0.963440749889362
2007-09-07,0.27,2.387941,0.895169447830903
2007-09-08,0.13,2.371202,0.875750601714533
2007-09-09,0,2.38547,0.862062434135521
2007-09-10,0,2.283628,0.853007161642541
2007-09-11,1.23,1.880311,0.899568217274277
2007-09-12,0.03,2.055126,0.847054126121047
2007-09-13,0,2.068384,0.832372742103164
2007-09-14,0,1.953667,0.823396617551518
2007-09-15,0,2.049237,0.815152781498693
2007-09-16,0,2.215427,0.807070395295146
2007-09-17,0,2.000933,0.799077639183182
2007-09-18,0.77,2.077052,0.821046297324933
2007-09-19,1.61,1.658407,0.877302600092027
2007-09-20,0,1.417313,0.796986130338537
2007-09-21,0,1.713372,0.776787967586492
2007-09-22,0,1.715962,0.767402203493665
2007-09-23,0,1.948336,0.759568379659277
2007-09-24,0,2.258395,0.752017777716093
2007-09-25,3.34,2.001274,0.944549760195772
2007-09-26,0,1.654806,0.7762981491175
2007-09-27,0.81,1.47894,0.787200690505532
2007-09-28,17.91,1.520576,3.94447728090345
2007-09-29,1.98,1.556552,2.96104712272738
2007-09-30,1.31,1.601824,2.1085305133742
2007-10-01,0.11,1.821827,1.20498084439179
2007-10-02,0,1.911037,0.833024439907991
2007-10-03,0,2.339129,0.766527396232866
2007-10-04,0.03,2.279755,0.753646547183216
2007-10-05,0,2.271092,0.744696369227084
2007-10-06,0,1.800353,0.737165631953053
2007-10-07,0,1.587189,0.729846006546566
2007-10-08,0,1.40789,0.722616210000043
2007-10-09,0,1.407783,0.71546043140821
2007-10-10,1.44,1.478465,0.790510924278155
2007-10-11,5.62,1.565396,1.42792444240265
2007-10-12,0,1.412938,0.891462702663463
2007-10-13,0,1.420557,0.738739252174303
2007-10-14,0,1.411482,0.706011337977829
2007-10-15,0,1.321315,0.694939614032651
2007-10-16,0.03,1.332127,0.688870511315901
2007-10-17,0,1.514491,0.68074929521341
2007-10-18,1.71,1.321046,0.786902555909737
2007-10-19,0,1.195626,0.69290034888239
2007-10-20,0,0.9941499,0.669827669229913
2007-10-21,0,0.9254265,0.659838069845566
2007-10-22,0.83,0.8711892,0.716922851688433
2007-10-23,0,0.9185676,0.662459416550132
2007-10-24,0,0.914166,0.645049730334069
2007-10-25,0,0.9609404,0.636233502671541
2007-10-26,0,1.148504,0.629400850652119
2007-10-27,0,1.144724,0.623069333564354
2007-10-28,0,1.122187,0.616881261194877
2007-10-29,0,1.059696,0.610769463988609
2007-10-30,15.28,1.071194,3.38462524079558
2007-10-31,0.77,1.080656,2.42250311276274
2007-11-01,0,0.8699238,1.64240074326105
2007-11-02,0,0.9150839,1.07762776550056
2007-11-03,0.17,1.325481,0.73880493022713
2007-11-04,0.06,1.380964,0.64365645667426
2007-11-05,0,1.182654,0.619379480892097
2007-11-06,0,1.052429,0.610002281224219
2007-11-07,4.39,0.9893813,1.19726438292659
2007-11-08,0.33,0.9550949,0.844704855793193
2007-11-09,9.78,1.100047,2.42466886187249
2007-11-10,9.4,0.776849,3.5801151798536
2007-11-11,3.16,0.8975085,3.10537250479779
2007-11-12,2.27,1.04977,2.53991306707378
2007-11-13,0.07,0.7597936,1.7775332790324
2007-11-14,4.77,0.7299483,2.19625438441883
2007-11-15,0.53,0.7116808,1.64086380931747
2007-11-16,0.07,0.6309774,1.17677207865018
2007-11-17,0,0.5476907,0.877286535933082
2007-11-18,0,0.6117775,0.71546006844932
2007-11-19,0,0.6262208,0.653409728751914
2007-11-20,8.54,0.6702339,2.17231242935916
2007-11-21,4.12,0.8734195,2.30116762327679
2007-11-22,7.4,0.9561988,3.03636848699437
2007-11-23,0,1.021733,2.04093265904265
2007-11-24,1.51,0.9140477,1.66848481348324
2007-11-25,0,0.6137285,1.18906868986599
2007-11-26,1.24,0.7302099,1.06693256193819
2007-11-27,2.09,0.7178354,1.15162911197994
2007-11-28,1.41,0.7513988,1.0674942264724
2007-11-29,0,0.6026742,0.806727646650323
2007-11-30,1.29,0.5585133,0.871820657019545
2007-12-01,0.28,0.7762789,0.729778225256411
2007-12-02,12.38,0.8895213,2.94214282874538
2007-12-03,32.79,0.946073,8.66211755335004
2007-12-04,8.94,0.8325739,7.95570398568256
2007-12-05,4.38,0.7837103,6.54453202116008
2007-12-06,3.72,1.008369,5.33600645275592
2007-12-07,11.21,0.9921537,6.00204382425116
2007-12-08,12.32,0.9966976,6.7088057662701
2007-12-09,8.2,0.7202448,6.46785592166257
2007-12-10,15.1,0.8409903,7.66633633965718
2007-12-11,2.89,0.8034015,6.06087380161059
2007-12-12,1.83,0.7235334,4.72368379319695
2007-12-13,0,0.654707,3.41719736040651
2007-12-14,0,0.7352492,2.45763950702619
2007-12-15,0,0.5655723,1.82213237481673
2007-12-16,0,0.5305481,1.3790346432164
2007-12-17,0,0.4869337,1.09151071023927
2007-12-18,0,0.4699497,0.933880517681298
2007-12-19,0,0.480215,0.861947046609221
2007-12-20,0,0.4960719,0.83065553654758
2007-12-21,0,0.4392978,0.815126124096394
2007-12-22,0,0.384399,0.804617729311094
2007-12-23,0.14,0.345081,0.81181620504029
2007-12-24,0,0.3718117,0.793857366154179
2007-12-25,0,0.407578,0.782142250916297
2007-12-26,0,0.4069361,0.773017685386161
2007-12-27,1.87,0.4828996,1.01792729573775
2007-12-28,0.42,0.6035321,0.901266688743907
2007-12-29,0.32,0.6235852,0.832582969886514
2007-12-30,4.16,0.6364212,1.45587958472334
2007-12-31,1.4,0.6876386,1.32677496218183
2008-01-01,0.03,0.621906,0.998718556277303
2008-01-02,0.03,0.58448,0.834171292192072
2008-01-03,0,0.4672828,0.768481342825117
2008-01-04,1.14,0.5013281,0.878069865999059
2008-01-05,0,0.5589762,0.773856519176502
2008-01-06,16.79,0.7875598,3.92620408426452
2008-01-07,1.87,0.6959366,3.18264703227182
2008-01-08,3.27,0.788749,2.90766242073194
2008-01-09,0.68,0.7426555,2.19944739714538
2008-01-10,4.06,0.6748454,2.4002623769076
2008-01-11,5.15,0.8309017,2.71886225815421
2008-01-12,13.18,1.036875,4.51818780324014
2008-01-13,0.61,0.7670174,3.33789937581071
2008-01-14,0,0.6155949,2.4158731327555
2008-01-15,3.38,0.6886255,2.42046920880852
2008-01-16,8.38,0.8901357,3.3794604660445
2008-01-17,13.9,0.8797913,5.19413379721767
2008-01-18,8.22,0.8656537,5.34812289616624
2008-01-19,2.91,0.9967545,4.34289590886049
2008-01-20,0.95,1.172118,3.17342137125638
2008-01-21,0.28,1.128609,2.21413571358525
2008-01-22,3.37,1.014853,2.19022639367076
2008-01-23,5.01,0.8115083,2.56905696033302
2008-01-24,0,0.6427591,1.87417279423464
2008-01-25,0.79,0.7812077,1.49536885950795
2008-01-26,0.03,0.6253767,1.13208854546299
2008-01-27,0,0.7022861,0.921664851413551
2008-01-28,0,0.7244935,0.842965042608003
2008-01-29,0,0.797089,0.814805584490067
2008-01-30,0,0.6987271,0.802005039222588
2008-01-31,2.18,0.6267238,1.06745002793766
2008-02-01,5.25,0.6489212,1.85217415815442
2008-02-02,21.52,0.7490634,5.69175044875051
2008-02-03,0.1,0.6599474,4.12009424659041
2008-02-04,0,0.6299449,2.98479402979288
2008-02-05,9.06,0.8294688,3.95324531483594
2008-02-06,20.58,0.895276,6.97174101697667
2008-02-07,12.38,1.021215,7.43527824718326
2008-02-08,0.03,0.6629166,5.37216759383998
2008-02-09,0,0.70842,3.87698899290954
2008-02-10,0,0.7958283,2.78051705002666
2008-02-11,0,0.8152787,1.98943291538014
2008-02-12,0,0.9415926,1.38913851542858
2008-02-13,0,0.8856408,1.0461615314081
2008-02-14,0,0.6740624,0.927887036836928
2008-02-15,0.03,0.6989262,0.887491581958732
2008-02-16,0,0.7226058,0.867722879826197
2008-02-17,0,0.6552571,0.856340886983706
2008-02-18,0,0.6777739,0.847091487285917
2008-02-19,0,0.7049456,0.838495827814068
2008-02-20,0,0.7162226,0.830138700592571
2008-02-21,2.6,0.7442772,1.14172566617195
2008-02-22,0,0.9790944,0.901653015627214
2008-02-23,0,1.192035,0.82848508266435
2008-02-24,0,1.185586,0.808012322454504
2008-02-25,0,1.000129,0.797824135864009
2008-02-26,2.12,1.201867,0.955164386856901
2008-02-27,4.58,1.285197,1.44300331225162
2008-02-28,0,1.055688,0.99338980827579
2008-02-29,7.64,1.104381,2.14478321477313
2008-03-01,13.98,1.297897,4.20071857593953
2008-03-02,14.51,1.311042,5.78124730058465
2008-03-03,2.27,1.317964,4.42836420310813
2008-03-04,3.79,1.144552,3.82407424795313
2008-03-05,6.18,0.8297875,3.97537619762352
2008-03-06,0.06,0.8047804,2.84939784984691
2008-03-07,0,0.7896094,2.03574927936212
2008-03-08,0,1.051532,1.37758428358799
2008-03-09,0,1.079973,0.995475750879115
2008-03-10,1.3,1.173151,0.977790297175089
2008-03-11,8.65,1.125538,2.34758108612947
2008-03-12,25.72,1.241975,6.76515280463127
2008-03-13,7.3,1.291372,6.17704649527647
2008-03-14,3.1,1.175764,4.94204320583762
2008-03-15,4.6,1.423751,4.28979210978791
2008-03-16,1.99,1.509442,3.26862311280646
2008-03-17,13.68,1.393486,4.95085060607726
2008-03-18,1.12,1.11256,3.69232855611116
2008-03-19,0.21,1.005028,2.64002881953507
2008-03-20,1.11,0.9537075,2.08508301515719
2008-03-21,3.96,0.9723478,2.2609772947099
2008-03-22,14.98,1.012238,4.61550204076423
2008-03-23,4.63,0.9656111,4.21575669396388
2008-03-24,0,0.8544,3.02408305743927
2008-03-25,4.28,0.8129117,3.05357776074505
2008-03-26,0.83,0.8733795,2.35557334487769
2008-03-27,1.44,1.075798,1.91775440796493
2008-03-28,7.23,1.047708,2.78932149065392
2008-03-29,5.79,1.253853,3.05905622909053
2008-03-30,0,1.425041,2.02433971018775
2008-03-31,3.51,1.584664,1.94808548837567
2008-04-01,2.08,1.558716,1.61372736526316
2008-04-02,0,1.373512,1.1266713169639
2008-04-03,0,1.468333,0.989860004631327
2008-04-04,0,1.390292,0.958964114473535
2008-04-05,0.03,1.42444,0.947436112753927
2008-04-06,3.9,1.377234,1.32952453320071
2008-04-07,7.38,1.111414,2.37231453627806
2008-04-08,2.31,0.9883765,2.12686803621253
2008-04-09,0,1.064545,1.46307899817592
2008-04-10,3.14,1.20845,1.57836671244641
2008-04-11,0,1.40786,1.08776112334468
2008-04-12,0.28,1.507517,0.96894595890433
2008-04-13,0.58,1.357282,0.959630436394875
2008-04-14,8.4,1.536396,2.17915582342037
2008-04-15,14.78,1.365623,4.40322330853304
2008-04-16,0.69,1.375489,3.13262549666339
2008-04-17,0,1.221062,2.13042480663292
2008-04-18,0,1.254604,1.411102261256
2008-04-19,0.03,1.742833,1.01859007373556
2008-04-20,3.74,1.660896,1.27368452618775
2008-04-21,0,1.951244,0.97761028590166
2008-04-22,0.26,2.048953,0.936282908826528
2008-04-23,0,2.174279,0.913870553855591
2008-04-24,5.04,2.025521,1.33286551818312
2008-04-25,1.65,2.074031,1.07709209498636
2008-04-26,0,1.909961,0.926788058791666
2008-04-27,0.03,2.157325,0.899475085178747
2008-04-28,0.03,2.335531,0.888486574556352
2008-04-29,11.5,2.059992,2.58913054062559
2008-04-30,4.31,1.869742,2.40626359854127
2008-05-01,3.17,1.863719,2.04689243630454
2008-05-02,1.36,1.690947,1.48030776976605
2008-05-03,0,2.075866,0.989393266235003
2008-05-04,0,2.265371,0.903426470398926
2008-05-05,0,2.499134,0.885831536119666
2008-05-06,0,2.454337,0.876196391293355
2008-05-07,0,2.760771,0.867431910042479
2008-05-08,0,2.772447,0.858834546456422
2008-05-09,0,2.752635,0.85032966442831
2008-05-10,0,2.856082,0.841909665903079
2008-05-11,0.19,3.075909,0.838643308667464
2008-05-12,0.15,2.946628,0.830406866987735
2008-05-13,0.04,2.949599,0.819587305649463
2008-05-14,0,3.09572,0.81026750206248
2008-05-15,2.7,3.083371,0.892810476503916
2008-05-16,1.65,2.917915,0.864751939245623
2008-05-17,3.85,3.028585,0.964723282207134
2008-05-18,6.12,2.639001,1.36202953192633
2008-05-19,2.02,2.339387,1.02766373785761
2008-05-20,0,2.383156,0.83390960066143
2008-05-21,0,2.42365,0.804806054571905
2008-05-22,0,2.461305,0.794680849888947
2008-05-23,0,2.606313,0.786592848591292
2008-05-24,0,2.867994,0.778782795692892
2008-05-25,1.17,2.629301,0.809845108204183
2008-05-26,1.54,3.350946,0.81308289210866
2008-05-27,1.75,3.523205,0.815093515178273
2008-05-28,3.7,3.655748,0.88395792970406
2008-05-29,3.92,3.761087,0.903780555631466
2008-05-30,44.47,3.50933,8.83059819700989
2008-05-31,5.93,3.697579,6.62999838790608
2008-06-01,0,3.368706,3.95628252757339
2008-06-02,0,3.454565,2.0192339741375
2008-06-03,0.52,3.971857,1.01230509068565
2008-06-04,0.03,3.45583,0.886245535067097
2008-06-05,0,3.141066,0.867819634460987
2008-06-06,6.47,3.078773,1.27359541610361
2008-06-07,6.19,3.13277,1.46360937597178
2008-06-08,0.92,2.787799,0.987310082110396
2008-06-09,2.18,3.755817,0.940809841690498
2008-06-10,0,4.159685,0.87425473225468
2008-06-11,0,4.07287,0.861916395782238
2008-06-12,0,3.136269,0.853147925085723
2008-06-13,9.25,2.231893,2.04464978738954
2008-06-14,1.04,2.320891,1.23890163386866
2008-06-15,4.75,2.339798,1.38696737170362
2008-06-16,0,2.462896,0.927514508528228
2008-06-17,0,2.820332,0.860817162207653
2008-06-18,0,3.041625,0.846980987092498
2008-06-19,0,3.119525,0.83814633163763
2008-06-20,4.62,3.22411,1.02065100393834
2008-06-21,0,3.121795,0.850522779825933
2008-06-22,0,3.957402,0.827930441405285
2008-06-23,7.5,3.921468,1.20918563784903
2008-06-24,0,3.118923,0.86669984893981
2008-06-25,0,3.932298,0.826717164761338
2008-06-26,2.13,3.92766,0.869942048578826
2008-06-27,0,3.264205,0.818232121437719
2008-06-28,0.95,2.940106,0.834771874153146
2008-06-29,0.07,3.492742,0.804797714054129
2008-06-30,0,3.630979,0.793707182644275
2008-07-01,0,3.509337,0.785624399847148
2008-07-02,0,3.987754,0.777828503337736
2008-07-03,16.77,4.305755,2.86640192618296
2008-07-04,11.97,3.173422,3.73832056358023
2008-07-05,1.13,2.994688,2.21888763586646
2008-07-06,0.13,3.229766,1.0419201221601
2008-07-07,0,3.301082,0.843358254358584
2008-07-08,9.3,2.906226,1.83493768285075
2008-07-09,2.43,2.796363,1.22414625088472
2008-07-10,0,3.03377,0.87227185211885
2008-07-11,0,3.840116,0.830273453885448
2008-07-12,2.24,3.249845,0.887862486641174
2008-07-13,0,2.98676,0.823417325672009
2008-07-14,0,2.936294,0.810422621448048
2008-07-15,0,3.006315,0.801976903127334
2008-07-16,0,3.390598,0.793999699778439
2008-07-17,1.09,3.188794,0.816461387187988
2008-07-18,0.4,2.974626,0.795214101811481
2008-07-19,0.21,3.080645,0.781676224815652
2008-07-20,7.19,3.261246,1.26128540861131
2008-07-21,0.21,2.597297,0.845066673177055
2008-07-22,1.34,2.307831,0.834580010350011
2008-07-23,0.06,2.812069,0.77754358432999
2008-07-24,0,3.277093,0.76370918088284
2008-07-25,0,3.537541,0.75566094706089
2008-07-26,0,3.927065,0.748142479004822
2008-07-27,2.42,3.987414,0.802004386228382
2008-07-28,0.06,3.798034,0.745666344323943
2008-07-29,1.85,4.33812,0.775307643852161
2008-07-30,0,3.829969,0.734052569577391
2008-07-31,0,4.094183,0.724456366102499
2008-08-01,0,4.489154,0.717132148328373
2008-08-02,1.8,3.655958,0.757043483329072
2008-08-03,1.33,3.235747,0.749823310415454
2008-08-04,0.73,3.530902,0.726439005220803
2008-08-05,19.38,3.289647,3.65081563445579
2008-08-06,0,3.059017,1.88242891829129
2008-08-07,0,3.816206,0.855550296569896
2008-08-08,1.47,3.372968,0.787387938971658
2008-08-09,12.14,2.922485,2.34334139305247
2008-08-10,0,3.065935,1.0445239826658
2008-08-11,0.59,3.044565,0.799099059380393
2008-08-12,0.17,3.0177,0.75631449743795
2008-08-13,10.38,3.14744,1.89713331781774
2008-08-14,0.12,2.845515,0.93776536852873
2008-08-15,0,2.63938,0.774422907423748
2008-08-16,0,2.581485,0.751137187244777
2008-08-17,0,2.573532,0.742176454254958
2008-08-18,3.53,2.644942,0.891954891399133
2008-08-19,0,3.151406,0.750258830271783
2008-08-20,2,3.057616,0.794849025730132
2008-08-21,2.14,2.546305,0.820341471818587
2008-08-22,0,2.659502,0.736438356804247
2008-08-23,17.94,2.472761,3.62009571831754
2008-08-24,0.82,2.336311,2.25207255229611
2008-08-25,4.22,2.28043,1.98248177378618
2008-08-26,0.73,2.543905,1.06950203405207
2008-08-27,0,2.736315,0.791675573440517
2008-08-28,0,2.422829,0.756511860546237
2008-08-29,0,2.708872,0.746160034235582
2008-08-30,0,2.834149,0.738504302436098
2008-08-31,0,2.963003,0.731167686033833
2008-09-01,0,3.136793,0.723925622201054
2008-09-02,0,2.765324,0.71675717182182
2008-09-03,8.98,2.591131,1.74532514172379
2008-09-04,5.54,2.02723,1.9573269952353
2008-09-05,0,2.087481,1.02769034030321
2008-09-06,22.84,2.234071,4.8997709954252
2008-09-07,2.08,2.491171,3.38117517454122
2008-09-08,5.07,2.183521,2.99847132913548
2008-09-09,0,2.223232,1.68488358358363
2008-09-10,0.48,2.357897,0.969339882176271
2008-09-11,0.05,2.711845,0.801229576644943
2008-09-12,1.02,2.571753,0.810533486794091
2008-09-13,19.29,2.192404,4.04653642955764
2008-09-14,17.53,1.801987,6.13133820316665
2008-09-15,0,1.65603,4.1120251855982
2008-09-16,0,1.569091,2.69478190072416
2008-09-17,0,1.723211,1.63468084956722
2008-09-18,0,1.538599,1.02972231561618
2008-09-19,0,1.440773,0.862005548380955
2008-09-20,0,1.624273,0.825167236296267
2008-09-21,0,1.499982,0.812932576582227
2008-09-22,0,1.462788,0.804266140801049
2008-09-23,0,1.543511,0.796205985682201
2008-09-24,1.27,1.557238,0.855650535243364
2008-09-25,0.03,1.743072,0.794343818647911
2008-09-26,0,1.777951,0.77789170650299
2008-09-27,0,1.691646,0.769052288228946
2008-09-28,0,1.566538,0.761281758868025
2008-09-29,0,1.479006,0.753720947375741
2008-09-30,0.09,1.403472,0.750615742645348
2008-10-01,12.24,1.423459,2.79644005268452
2008-10-02,10.71,1.603801,3.89867080684561
2008-10-03,7.7,1.331589,4.16316174124793
2008-10-04,2.2,1.207945,3.27557632863262
2008-10-05,0.46,1.28195,2.26526416160076
2008-10-06,19.77,1.357242,5.44527076124123
2008-10-07,18.28,1.796667,7.29220366698736
2008-10-08,0.39,1.851831,4.96909754371676
2008-10-09,3.01,1.693426,3.88971815788042
2008-10-10,0,1.541978,2.55350333909503
2008-10-11,0,1.505726,1.60956159704899
2008-10-12,0,1.464269,1.04894085668221
2008-10-13,0,1.640103,0.888093296751548
2008-10-14,0.03,1.684482,0.856957878511964
2008-10-15,0,1.723606,0.844116650462409
2008-10-16,6.44,1.607637,1.65531690818416
2008-10-17,6.29,1.359308,2.281821710229
2008-10-18,0,1.061353,1.54510914904324
2008-10-19,0,0.9860402,1.08328800842294
2008-10-20,0,1.017413,0.89476816823049
2008-10-21,0,1.192877,0.841112198991191
2008-10-22,8.05,1.485108,2.01364371960266
2008-10-23,0,1.128306,1.33332251867814
2008-10-24,0,1.0494,0.967906045327212
2008-10-25,0.56,1.046068,0.89435504847879
2008-10-26,0.03,1.328017,0.8289596769084
2008-10-27,0.36,1.20419,0.830139470665884
2008-10-28,16.64,1.214173,3.828626751385
2008-10-29,0.09,0.8992387,2.71160634116075
2008-10-30,0.03,0.8252401,1.92243995759999
2008-10-31,6.76,0.8487676,2.71794285110956
2008-11-01,6.67,0.9492341,3.24009763956723
2008-11-02,5.93,1.065562,3.43003997182592
2008-11-03,0,1.212667,2.3176315524133
2008-11-04,0,1.21,1.52361427320837
2008-11-05,0,1.229064,1.0287065742381
2008-11-06,0.04,1.220242,0.871829214192762
2008-11-07,0,1.106355,0.831474405242194
2008-11-08,0.22,1.076346,0.830304468424301
2008-11-09,0.12,1.066963,0.818093547540468
2008-11-10,16.72,1.144974,3.85749200301241
2008-11-11,3.07,1.35316,3.19979129627638
2008-11-12,7.76,1.217076,3.72556658379989
2008-11-13,2.81,0.984596,3.16941227762258
2008-11-14,0,0.9072889,2.22464355654066
2008-11-15,0,0.8128485,1.57738701470096
2008-11-16,0,1.049573,1.08443176593085
2008-11-17,1.05,1.131416,0.980512511324823
2008-11-18,0,0.722122,0.867746819397036
2008-11-19,0.15,0.7668845,0.840369223771804
2008-11-20,0.06,0.932976,0.819185212053225
2008-11-21,0.45,1.017081,0.833749841703562
2008-11-22,3.59,0.8411904,1.29550988486201
2008-11-23,5.45,0.5957714,2.07395438908636
2008-11-24,6.59,0.5635995,2.87345434418003
2008-11-25,1.93,0.6263418,2.48073786650123
2008-11-26,0.24,0.5752641,1.87175564704577
2008-11-27,0,0.583843,1.38524250630818
2008-11-28,0.11,0.587428,1.07485736113715
2008-11-29,0,0.5019052,0.899807480175022
2008-11-30,0,0.5312045,0.820657419970664
2008-12-01,9.93,0.603584,2.63745733373135
2008-12-02,8.54,0.5807372,3.66464818812434
2008-12-03,6.06,0.6438079,3.87920193299394
2008-12-04,16.63,0.5693876,6.20678842567027
2008-12-05,12.41,0.5931328,7.0143549036241
2008-12-06,14.54,0.7686026,7.97812230576901
2008-12-07,2.09,0.7174219,6.15987990313748
2008-12-08,0.35,0.6800738,4.51880236332343
2008-12-09,0,0.4742816,3.33674674264771
2008-12-10,1.35,0.5283458,2.74844885169954
2008-12-11,0,0.5824368,2.03617083899325
2008-12-12,0,0.5523222,1.53536407238067
2008-12-13,0,0.5418535,1.19154641561453
2008-12-14,0,0.4912891,1.00025795577137
2008-12-15,1.34,0.5968961,1.08021858215433
2008-12-16,0,0.6298593,0.930821332501529
2008-12-17,0,0.5125397,0.87691974099179
2008-12-18,3.14,0.4948456,1.35222266480585
2008-12-19,0.18,0.5711073,1.08870890831747
2008-12-20,0.82,0.6786007,1.01989999192543
2008-12-21,2.84,0.8044328,1.29863987942667
2008-12-22,0.42,0.9259063,1.02365305160442
2008-12-23,0.46,0.8907094,0.916002754619029
2008-12-24,0,0.7651861,0.842577256248583
2008-12-25,0,0.6401317,0.817786758055775
2008-12-26,0,0.6911374,0.804956855949922
2008-12-27,0,0.5303401,0.795808716515228
2008-12-28,0,0.4579273,0.787577761107187
2008-12-29,0,0.4541913,0.779661762813687
2008-12-30,0,0.4023186,0.771903343642935
2008-12-31,0,0.3799093,0.764246505808268
2009-01-01,1.31,0.4981534,0.914758011921136
2009-01-02,0,0.5284282,0.806516383145878
2009-01-03,0,0.4171373,0.765139551997987
2009-01-04,0,0.4748072,0.744716772094549
2009-01-05,0,0.4247358,0.733168265777509
2009-01-06,0.8,0.4707253,0.814543698836454
2009-01-07,0,0.3720257,0.753964504097844
2009-01-08,0,0.2919532,0.726658624324623
2009-01-17,0.42,0.5584137,0.749828659505401
2009-01-18,1.32,0.6813924,0.852698655652125
2009-01-19,22.13,0.7308494,5.07925781618227
2009-01-20,12.78,0.8144309,6.18592932125097
2009-01-21,1.41,0.6632489,4.71871351015008
2009-01-22,0.06,0.6236257,3.40802320163909
2009-01-23,4.57,0.6471815,3.38010751159095
2009-01-24,33.84,0.7914717,9.26876433382551
2009-01-25,0,0.6569303,6.65860563322849
2009-01-26,0,0.5699618,4.81960433139774
2009-01-27,0,0.5521673,3.50997753733634
2009-01-28,0,0.5509913,2.57317124984045
2009-01-29,0,0.5108741,1.91440888666081
2009-01-30,0,0.5765682,1.42324617883948
2009-01-31,0,0.5665488,1.09129350173594
2009-02-01,0,0.5220466,0.915401067039373
2009-02-02,0,0.5541468,0.83759657197722
2009-02-03,2.77,0.6129549,1.20365129558792
2009-02-04,2.17,0.6787131,1.31875749974791
2009-02-05,0.51,0.666439,1.08349533490462
2009-02-06,0.96,0.7441937,1.00270813397651
2009-02-07,0.07,0.812506,0.848045992740204
2009-02-08,0.25,0.7806473,0.812616382084525
2009-02-09,0,0.678167,0.778806872942011
2009-02-10,15.43,0.6765619,3.69914127211133
2009-02-11,20.33,0.8420598,6.73998247820695
2009-02-12,4.13,0.6997881,5.67472148091773
2009-02-13,0.9,0.6415553,4.2764399924667
2009-02-14,0.18,0.6504734,3.12762297296039
2009-02-15,0.41,0.6711149,2.34587077159352
2009-02-16,0.42,0.552574,1.82411604985908
2009-02-17,2.34,0.7636287,1.77577587668548
2009-02-18,3.1,0.9284083,1.84513086806853
2009-02-19,0,0.6204886,1.36098207482541
2009-02-20,0.2,0.6515353,1.06827774176298
2009-02-21,0.37,0.8463477,0.916659151776603
2009-02-22,0.16,0.9237023,0.840283721232853
2009-02-23,0.76,0.9415536,0.861816797128778
2009-02-24,3.07,0.9503117,1.18323972215431
2009-02-25,0,0.9155488,0.901546509768654
2009-02-26,0,0.7839816,0.812851918167661
2009-02-27,0.03,0.9587813,0.784539922044877
2009-02-28,0.23,1.007072,0.78502761523678
2009-03-01,0,1.191543,0.764702852685328
2009-03-02,0.53,1.088806,0.788057634180845
2009-03-03,0,1.150314,0.754500306633882
2009-03-04,0,0.8627117,0.742391892680769
2009-03-05,12.68,0.9743282,3.0154892237879
2009-03-06,0.84,0.9225834,2.2549535437896
2009-03-07,0.99,0.9523436,1.73219695834666
2009-03-08,0,0.939773,1.17012744001399
2009-03-09,5.36,1.143397,1.7846673433067
2009-03-10,3.37,0.9731626,1.87293793193409
2009-03-11,8.83,1.015949,3.03362690629721
2009-03-12,0.06,1.048857,2.0741918867435
2009-03-13,0.48,1.019982,1.48242470732552
2009-03-14,0.72,1.293924,1.05898273620571
2009-03-15,0.19,1.283224,0.830600934823013
2009-03-16,0,1.359721,0.762246898995444
2009-03-17,0,1.362313,0.744383035520822
2009-03-18,0,1.166164,0.735352471563867
2009-03-19,0,1.158998,0.72776525909144
2009-03-20,0,1.102972,0.720502847852645
2009-03-21,0,0.983947,0.713357911349948
2009-03-22,0,1.010108,0.706292061463847
2009-03-23,0,1.030969,0.699297932099599
2009-03-24,7.42,1.207847,1.83259900163164
2009-03-25,3.03,1.04511,1.80281815312023
2009-03-26,9.97,0.9790548,3.21318521449576
2009-03-27,8.64,1.175474,3.89580737726263
2009-03-28,6.76,1.249385,3.98335833262705
2009-03-29,7.82,1.244052,4.26646726126389
2009-03-30,0.22,1.239028,2.92921369874941
2009-03-31,0,1.257783,1.92230423349085
2009-04-01,0,1.32152,1.19430018994062
2009-04-02,0,1.635394,0.832313419661816
2009-04-03,0,1.998539,0.757472982004358
2009-04-04,0,1.927537,0.741696480424144
2009-04-05,0,1.846024,0.733326122988148
2009-04-06,0,1.729523,0.725933831129359
2009-04-07,0,1.879651,0.718727725323204
2009-04-08,0.04,1.726466,0.713259504723998
2009-04-09,2.02,1.751832,0.813968782655492
2009-04-10,0.75,2.091525,0.747512239377432
2009-04-11,0,2.379295,0.703275986435222
2009-04-12,0.58,2.365185,0.712287769570037
2009-04-13,0,2.273704,0.688839348757366
2009-04-14,0,2.278798,0.680232955224902
2009-04-15,0,2.300572,0.673304413149779
2009-04-16,0,2.3718,0.666616678365423
2009-04-17,3.56,1.90995,0.895678105109151
2009-04-18,15.77,1.691137,3.51505668778066
2009-04-19,5.1,1.740955,3.21132149655667
2009-04-20,0.18,2.139026,1.87509613131356
2009-04-21,0,2.229018,0.949657583092045
2009-04-22,0,2.324557,0.726792770252761
2009-04-23,0,2.078975,0.694730590777236
2009-04-24,0,1.648623,0.684999502630714
2009-04-25,0,1.794894,0.677809616503301
2009-04-26,0.46,1.865264,0.689832224373678
2009-04-27,6.76,2.318762,1.34867269699042
2009-04-28,1.71,1.983741,0.9598823277029
2009-04-29,2.46,1.786177,0.914499287324479
2009-04-30,7.16,1.590243,1.81268216632057
2009-05-01,0,1.930967,0.963700248360502
2009-05-02,0.75,2.3378,0.749800349146912
2009-05-03,0,2.708936,0.686683323361027
2009-05-04,0,2.077851,0.674729023118327
2009-05-05,0,1.902105,0.667451565916409
2009-05-06,0.44,1.818944,0.679058370451825
2009-05-07,0,2.122687,0.657466940116429
2009-05-08,0,2.36927,0.649221810099975
2009-05-09,1.77,2.434079,0.709866696882634
2009-05-10,4.72,2.094593,1.03595179005053
2009-05-11,3.48,2.453522,0.950705676929807
2009-05-12,12.49,2.420822,2.66179017215659
2009-05-13,10.29,2.145917,3.52816248780466
2009-05-14,0,2.610996,1.91923271689154
2009-05-15,18.19,2.775262,4.41695324683703
2009-05-16,4.95,2.446969,3.62107857641076
2009-05-17,0.25,2.197536,2.17550096927042
2009-05-18,1.37,2.456547,1.29935425306372
2009-05-19,0,2.339,0.816364647750131
2009-05-20,0,2.561159,0.743169918209128
2009-05-21,0,2.958158,0.729193237110662
2009-05-22,4.02,3.057369,0.883489101102591
2009-05-23,0,2.734146,0.740595204429759
2009-05-24,0,2.907868,0.720117606834688
2009-05-25,0,3.913302,0.711806970575445
2009-05-26,0,4.20187,0.704679203272447
2009-05-27,1.01,2.944525,0.727584571662834
2009-05-28,0,2.174284,0.696806683634897
2009-05-29,0.68,2.622108,0.708756521783115
2009-05-30,0,2.931649,0.683819364445334
2009-05-31,0,2.895581,0.675485067420903
2009-06-01,0,2.892344,0.668659299136197
2009-06-02,0,3.310001,0.662026090925478
2009-06-03,0,3.607307,0.655469780426545
2009-06-04,0,2.896547,0.648979276819132
2009-06-05,0,2.329021,0.642553103782601
2009-06-06,0,2.304042,0.636190567582194
2009-06-07,1.87,2.10746,0.712386567345296
2009-06-08,6.38,2.410382,1.25161867853692
2009-06-09,1.94,2.655424,0.834914478703295
2009-06-10,2.03,3.00336,0.732119443717904
2009-06-11,13.09,2.789467,2.51193331020315
2009-06-12,6.23,2.703289,2.42288810705574
2009-06-13,0,2.706008,1.11959877453609
2009-06-14,0,3.054897,0.719754700415186
2009-06-15,2.03,3.646948,0.729450497824324
2009-06-16,26.93,3.054263,5.25139385274751
2009-06-17,1.2,2.916752,3.31008432685085
2009-06-18,0,3.165088,1.60448036844907
2009-06-19,0,3.165592,0.827860415594477
2009-06-20,0,2.899616,0.733176447013339
2009-06-21,0.5,2.424626,0.73491036601946
2009-06-22,5.11,2.306557,1.09459087205362
2009-06-23,0,2.570292,0.760727954275272
2009-06-24,0,3.037999,0.716041273123892
2009-06-25,0,3.666297,0.705739907943892
2009-06-26,0,4.08087,0.698521552558026
2009-06-27,0,3.896434,0.691590013241228
2009-06-28,4.36,3.516741,0.839475814327006
2009-06-29,0.19,3.851752,0.705301258581999
2009-06-30,3.32,4.325484,0.76940585239286
2009-07-01,0,4.590717,0.691909074186136
2009-07-02,0,4.611983,0.680937295109541
2009-07-03,0,4.923543,0.67395585225859
2009-07-04,0.33,4.393494,0.67395544166454
2009-07-05,0,4.346181,0.661980054856759
2009-07-06,0.22,4.249085,0.659651953744242
2009-07-07,9.25,3.612511,1.43327391718279
2009-07-08,4.31,2.889095,1.21687822708386
2009-07-09,7.1,2.987057,1.59038331665486
2009-07-10,3.41,2.577553,1.24461350721336
2009-07-11,0.05,2.505075,0.763213876505487
2009-07-12,0,2.786487,0.693181906561571
2009-07-13,4.19,3.123471,0.850038417536965
2009-07-14,4.31,3.615325,0.862965253484632
2009-07-15,0,3.802904,0.703222645644565
2009-07-16,0,3.788282,0.685374889384586
2009-07-17,0,3.844505,0.677833877688342
2009-07-18,4.98,3.326695,0.880053382167983
2009-07-19,1.22,2.89138,0.739768666596719
2009-07-20,5.51,2.987741,1.0008613481948
2009-07-21,0.16,3.315642,0.716530966705288
2009-07-22,9.65,4.311081,1.35505997991186
2009-07-23,5.99,4.281851,1.12393946047034
2009-07-24,8.85,3.467221,1.74291572664103
2009-07-25,3.42,3.112767,1.21444276180024
2009-07-26,0.59,2.964768,0.804183787932797
2009-07-27,0,3.303321,0.733255290174013
2009-07-28,2.58,3.164488,0.80454410646026
2009-07-29,0,3.047309,0.727547667593744
2009-07-30,9.48,3.582638,1.55474333588683
2009-07-31,0.08,3.123845,0.827821342249701
2009-08-01,0,2.961106,0.735856679523195
2009-08-02,0,3.487834,0.721040311432816
2009-08-03,9.39,3.043829,1.69486842426314
2009-08-04,0.63,2.967963,0.892430814854112
2009-08-05,0,3.08849,0.742057722918751
2009-08-06,0,3.394183,0.722263662948658
2009-08-07,0,3.823559,0.714151717605417
2009-08-08,0.15,3.863287,0.710345304428599
2009-08-09,0,3.549021,0.700661713830493
2009-08-10,0,3.526416,0.693529750088577
2009-08-11,0,3.736363,0.68664810121811
2009-08-12,1.65,3.35621,0.725859647397215
2009-08-13,0,3.343398,0.681180222679595
2009-08-14,30.19,3.129776,5.85696912147779
2009-08-15,0,2.944408,3.49286506398393
2009-08-16,0,3.172161,1.73415638459401
2009-08-17,0,3.704509,0.834453058323003
2009-08-18,0,3.453029,0.738631388368686
2009-08-19,0,3.122391,0.724610193482465
2009-08-20,0,3.664809,0.716876831299502
2009-08-21,2.08,4.415073,0.756441913368452
2009-08-22,5.15,2.893412,0.998405301552211
2009-08-23,0,2.789335,0.744252358341411
2009-08-24,0,2.830374,0.712317871625984
2009-08-25,0,3.23881,0.703021323258092
2009-08-26,2.52,3.113473,0.778015889129034
2009-08-27,0,2.899563,0.703083121421444
2009-08-28,0,3.16247,0.690036168138535
2009-08-29,0.17,2.683121,0.687765781579043
2009-08-30,0,2.244487,0.67690777802668
2009-08-31,0,2.166915,0.669763710332595
2009-09-01,0,2.650404,0.663081052171915
2009-09-02,11.1,2.558096,2.13305903327684
2009-09-03,0.46,2.521474,1.0711613006662
2009-09-04,11.03,2.443825,2.45074836103508
2009-09-05,15.91,1.931925,4.59097533291394
2009-09-06,0,2.043467,2.86104308569293
2009-09-07,0,1.951387,1.65261490988476
2009-09-08,0,2.27679,0.884556605713896
2009-09-09,0,2.516431,0.737356575984476
2009-09-10,0,2.670638,0.715380928366457
2009-09-11,0.13,2.524838,0.710955872140788
2009-09-12,0,2.304254,0.700553460432083
2009-09-13,0,2.255469,0.693257635632428
2009-09-14,0.23,1.891005,0.695403117327837
2009-09-15,1.65,1.85738,0.761271234683249
2009-09-16,0,2.043344,0.687630779100177
2009-09-17,0,2.336488,0.672613234738487
2009-09-18,0,2.48835,0.665077741574977
2009-09-19,0,2.431557,0.658404774123505
2009-09-20,0.65,2.425047,0.673774163099685
2009-09-21,0.23,2.541699,0.656566467259253
2009-09-22,0,2.51324,0.642449449212065
2009-09-23,0,2.130404,0.635342904629267
2009-09-24,0,2.048132,0.628967058309914
2009-09-25,0,2.136672,0.622729010362729
2009-09-26,0,1.807652,0.616561650930857
2009-09-27,0,1.744725,0.610456335749278
2009-09-28,0,1.806492,0.604411601426802
2009-09-29,0,1.737427,0.598426738997603
2009-09-30,0,1.9004,0.592501140609184
2009-10-01,0.05,2.088927,0.588420366586231
2009-10-02,0,1.704401,0.581197290404394
2009-10-03,0,1.398388,0.575255766155999
2009-10-04,0,1.361371,0.56952979058392
2009-10-05,0.79,1.736741,0.599520227264281
2009-10-06,16.58,1.611057,3.46393482568604
2009-10-07,3.44,2.17422,2.67729818926948
2009-10-08,4.29,2.514847,2.18587971509304
2009-10-09,7.33,2.106764,2.57948628563224
2009-10-10,0.03,1.651734,1.51973940165887
2009-10-11,10.96,1.763238,2.94940431784962
2009-10-12,11.68,1.523339,4.19672196787121
2009-10-13,3.97,1.425926,3.55701014534022
2009-10-14,0.55,1.263709,2.45591800655431
2009-10-15,0,0.9227384,1.66080262627022
2009-10-16,0,0.8372267,1.12392159039386
2009-10-17,0.47,1.013969,0.845967417450371
2009-10-18,2.54,1.11932,0.988186112595793
2009-10-19,0,0.9196151,0.747471136864075
2009-10-20,0,0.8473702,0.674918496322378
2009-10-21,0,1.016953,0.651481577572339
2009-10-22,0.1,1.374926,0.646335218543296
2009-10-23,0.44,1.216016,0.660669976937318
2009-10-24,0,1.176927,0.634219123566622
2009-10-25,4.47,1.266465,1.15504687487245
2009-10-26,0.56,1.360998,0.803180931483887
2009-10-27,0.05,1.25101,0.661872820162815
2009-10-28,0,1.286191,0.625996104270065
2009-10-29,0,1.015541,0.614871396620317
2009-10-30,0,1.051226,0.607768606289584
2009-10-31,0,1.129001,0.601546190805507
2009-11-01,0,1.032294,0.59555176551363
2009-11-02,20.83,1.156498,4.47192576231489
2009-11-03,6.45,1.144117,4.33446679252581
2009-11-04,12.17,1.024777,5.4392117372865
2009-11-05,10.72,1.058499,5.93085651632487
2009-11-06,3.44,1.012393,4.82263375851388
2009-11-07,1.53,1.027264,3.63958145495771
2009-11-08,9.83,0.9694805,4.49952796214721
2009-11-09,0,0.9081361,3.1395965502567
2009-11-10,0.68,0.9466661,2.29335627732312
2009-11-11,0.4,0.9018559,1.64476117874686
2009-11-12,0,0.802691,1.13700665555583
2009-11-13,0.44,0.8808149,0.891800922128554
2009-11-14,0.28,1.266484,0.756077382423626
2009-11-15,3.53,1.267145,1.0837073696405
2009-11-16,2.45,1.136858,1.13153759910112
2009-11-17,13.31,1.21371,3.33905266250822
2009-11-18,11.27,1.138559,4.53192046086981
2009-11-19,0,1.074777,3.11872488392054
2009-11-20,0,0.9915159,2.13329469351302
2009-11-21,0,0.9228478,1.44969681653177
2009-11-22,0.21,1.127094,0.985281381412831
2009-11-23,4.53,1.124333,1.48579892420273
2009-11-24,24.24,1.063332,5.86983221727348
2009-11-25,7.41,1.147095,5.5696920406243
2009-11-26,8.44,1.082727,5.5883707810709
2009-11-27,7.14,0.9823672,5.37268631122565
2009-11-28,10.81,0.9250795,5.98593026124098
2009-11-29,18.35,0.9301861,7.96162856458403
2009-11-30,5.78,0.966407,6.81784681483611
2009-12-01,0.33,0.810569,4.94311870252645
2009-12-02,2.78,0.7297961,4.12542750157208
2009-12-03,5.76,0.7424351,4.14354337072177
2009-12-04,20.28,0.8859177,7.06702965951277
2009-12-05,0,0.6863083,5.10560014307311
2009-12-06,10.46,0.767214,5.80483987215939
2009-12-07,13.32,0.979632,6.8265745967875
2009-12-08,2.62,0.802062,5.44281578406218
2009-12-09,8.31,0.8043016,5.61062122015089
2009-12-10,1.23,0.7992892,4.29650620785452
2009-12-11,6.79,0.9395251,4.4443280469721
2009-12-12,1.91,0.8305926,3.59366472167632
2009-12-13,0.1,0.6603587,2.66912290770515
2009-12-14,0.29,0.5729269,2.07177773140103
2009-12-15,0,0.4644361,1.61791222070688
2009-12-16,0,0.4829431,1.29711112399826
2009-12-17,0,0.4667883,1.10903789516226
2009-12-18,0,0.4009569,1.02270383771095
2009-12-19,0,0.4173667,0.981500738668477
2009-12-20,0.49,0.2637233,1.02995055087862
2009-12-21,6.53,0.3118097,2.23165929742936
2009-12-22,5.62,0.4667029,2.8599186098307
2009-12-23,15.94,0.6197243,5.36185936485805
2009-12-24,0,0.5673743,3.93331273775493
2009-12-25,6.54,0.5962517,4.23171853641876
2009-12-26,7.98,0.6521371,4.72307675447254
2009-12-27,0,0.5833494,3.4761353171994
2009-12-28,8.93,0.5283053,4.41564926648271
2009-12-29,0.2,0.596746,3.29502909482826
2009-12-30,13.94,0.6006402,5.28481736787348
2009-12-31,4.82,0.9727193,4.74606822584146
