"Date","P","E","Q"
2005-01-01,0,0.9428,0
2005-01-02,0,0.9377,0
2005-01-03,28.38,0.8657,11.72201506
2005-01-04,37.25,0.727,17.65720895
2005-01-05,52.07,0.6537,24.394031
2005-01-06,6.81,0.4365,9.728683299
2005-01-07,0,0.4832,5.330978701
2005-01-08,0,0.6059,3.530214609
2005-01-09,0,0.7575,2.485951669
2005-01-10,0,0.854,1.856984095
2005-01-11,0,0.9212,1.474171566
2005-01-12,0,0.9612,1.239753136
2005-01-13,44.78,0.739,11.84193246
2005-01-14,0,0.5918,4.648394567
2005-01-15,0,0.5885,3.086798534
2005-01-16,0,0.5436,2.234661247
2005-01-17,0,0.5343,1.727846258
2005-01-18,0,0.6298,1.420594508
2005-01-19,0,0.7941,1.232676783
2005-01-20,0,0.9408,1.116871164
2005-01-21,0,0.9727,1.044832303
2005-01-22,0,0.8623,0.999417278
2005-01-23,0,0.6258,0.970221301
2005-01-24,0,0.7767,0.950916343
2005-01-25,0,1.0463,0.937648286
2005-01-26,0,1.1025,0.928066896
2005-01-27,0,0.9019,0.920737224
2005-01-28,0,0.6924,0.914781893
2005-01-29,7,0.5504,1.999057903
2005-01-30,0,0.6685,1.508337634
2005-01-31,3,0.6448,1.746004626
2005-02-01,0,0.7124,1.387711252
2005-02-02,6.06,0.6356,2.193405593
2005-02-03,0,0.9668,1.606145577
2005-02-04,0,1.109,1.325609449
2005-02-05,0,1.2206,1.164550211
2005-02-06,6.5,1.0771,2.110668898
2005-02-07,4.57,1.0562,2.331818241
2005-02-08,0,1.0987,1.691737236
2005-02-09,5.19,0.9087,2.227318252
2005-02-10,0,1.1116,1.645581355
2005-02-11,0,1.315,1.356130737
2005-02-12,0,1.4144,1.188361374
2005-02-13,10,1.2747,2.735130518
2005-02-14,0,1.7343,1.869975823
2005-02-15,0,1.9302,1.487024174
2005-02-16,0,1.6916,1.269845571
2005-02-17,0,1.2488,1.139605922
2005-02-18,0,1.461,1.059600046
2005-02-19,3.3,1.2448,1.498519399
2005-02-20,0,1.8874,1.262736034
2005-02-21,4.53,1.7143,1.847286871
2005-02-22,0,1.7733,1.442407874
2005-02-23,15.47,1.2676,3.893557543
2005-02-24,4.02,1.1443,3.078527526
2005-02-25,0,1.7049,2.134026703
2005-02-26,0,1.9004,1.660891467
2005-02-27,0,1.8419,1.385191341
2005-02-28,0,1.5018,1.218764827
2005-03-01,0,1.4992,1.116660854
2005-03-02,0,1.7286,1.053168156
2005-03-03,0,1.9588,1.013044738
2005-03-04,0,2.2214,0.987127297
2005-03-05,0,2.2613,0.969869887
2005-03-06,0,2.3404,0.957902911
2005-03-07,0,2.3512,0.949173545
2005-03-08,0.4,1.8854,0.993852679
2005-03-09,0,1.6717,0.969257591
2005-03-10,0,2.0267,0.952773844
2005-03-11,0,2.1982,0.941249183
2005-03-12,0,2.7128,0.932756959
2005-03-13,0,2.8065,0.926118934
2005-03-14,0,2.0585,0.920613697
2005-03-15,0,1.8443,0.915798725
2005-03-16,0,1.8218,0.911401855
2005-03-17,0,2.2555,0.907255072
2005-03-18,0,2.5308,0.90325411
2005-03-19,0,2.5321,0.899333786
2005-03-20,0,2.7414,0.895452918
2005-03-21,16.87,2.191,3.680286994
2005-03-22,17.89,1.3409,5.463346744
2005-03-23,8.09,1.4944,4.575924022
2005-03-24,0,2.2697,2.919163474
2005-03-25,10,1.8736,3.821516741
2005-03-26,0,1.1752,2.501332372
2005-03-27,5.98,1.133,2.868013111
2005-03-28,0,2.7742,2.030339371
2005-03-29,0,3.4156,1.607188674
2005-03-30,0,2.9129,1.360512368
2005-03-31,0,3.3239,1.211556176
2005-04-01,14.75,2.5687,3.595066949
2005-04-02,0,3.1072,2.286930066
2005-04-03,0,3.6046,1.751796472
2005-04-04,0,3.6923,1.450576348
2005-04-05,0,2.8015,1.270689739
2005-04-06,19.09,2.4926,4.422629287
2005-04-07,9.31,1.7499,4.27773804
2005-04-08,0,3.458,2.733749275
2005-04-09,0,3.9565,2.037186515
2005-04-10,0,3.6903,1.636611504
2005-04-11,20.15,2.8111,4.859681597
2005-04-12,5.53,3.081,3.838507771
2005-04-13,0,3.0733,2.579400673
2005-04-14,0,3.6778,1.960678855
2005-04-15,0,4.267,1.600590256
2005-04-16,0,4.4271,1.383725916
2005-04-17,0,4.3596,1.251329957
2005-04-18,0,4.2905,1.16969581
2005-04-19,0,3.7688,1.118800875
2005-04-20,0,3.7219,1.086594428
2005-04-21,0,4.1957,1.065779647
2005-04-22,0,4.6282,1.051923313
2005-04-23,0,3.6844,1.042325875
2005-04-24,0,3.7339,1.035340437
2005-04-25,0,3.6422,1.029960483
2005-04-26,10,2.9246,2.601932284
2005-04-27,0,3.9612,1.86070778
2005-04-28,6.77,3.3976,2.635189831
2005-04-29,3.58,3.3677,2.488330669
2005-04-30,0,3.6468,1.844972726
2005-05-01,0,3.7698,1.518323671
2005-05-02,0,3.5154,1.328234358
2005-05-03,0,3.8913,1.213452939
2005-05-04,0,4.3288,1.142850299
2005-05-05,0,4.3276,1.098723917
2005-05-06,0,4.6106,1.070617533
2005-05-07,0,4.7126,1.05225713
2005-05-08,0,4.2013,1.039848486
2005-05-09,7.59,3.2795,2.205534355
2005-05-10,0,5.1547,1.666806504
2005-05-11,0,5.1766,1.404277437
2005-05-12,0,5.0815,1.25323976
2005-05-13,0,4.2167,1.162206103
2005-05-14,21.43,3.4712,4.782062702
2005-05-15,0,4.6097,2.814472329
2005-05-16,0,4.6549,2.078581036
2005-05-17,0,5.0103,1.666322698
2005-05-18,0,5.065,1.42054255
2005-05-19,0,4.8535,1.271150311
2005-05-20,0,4.9445,1.179309201
2005-05-21,0,5.6559,1.12221864
2005-05-22,0,5.2745,1.086223355
2005-05-23,42.44,4.1069,8.560444355
2005-05-24,7.85,3.7887,5.776559441
2005-05-25,12.02,3.5553,5.754528457
2005-05-26,0,4.8957,3.596457823
2005-05-27,0,4.3214,2.586582989
2005-05-28,0,5.1904,1.999192987
2005-05-29,0,5.2831,1.645727449
2005-05-30,0,5.2655,1.430651855
2005-05-31,0,5.2797,1.298890645
2005-06-01,0,4.7874,1.217615816
2005-06-02,0,5.2214,1.167032549
2005-06-03,0,5.3,1.135144596
2005-06-04,0,4.5449,1.114662505
2005-06-05,10.94,4.121,2.851296299
2005-06-06,1.5,4.6127,2.249915505
2005-06-07,0,5.2545,1.753974537
2005-06-08,0,5.2811,1.487354872
2005-06-09,6.92,4.3334,2.440476642
2005-06-10,0,5.1997,1.819360345
2005-06-11,0,5.1126,1.521240417
2005-06-12,4.21,4.2923,2.00793809
2005-06-13,33.3,4.5695,7.533236392
2005-06-14,22.82,4.3704,8.103317207
2005-06-15,0,5.911,4.613762842
2005-06-16,10.88,4.5196,5.055578064
2005-06-17,9.1,3.8126,4.846450227
2005-06-18,0,5.5655,3.160145948
2005-06-19,0,5.7176,2.350734772
2005-06-20,0,5.9417,1.879951306
2005-06-21,0,5.9097,1.596752633
2005-06-22,0,6.0002,1.424386792
2005-06-23,0,5.9681,1.318696431
2005-06-24,0,6.0301,1.253399452
2005-06-25,0,6.0214,1.212660844
2005-06-26,0,5.9215,1.186887759
2005-06-27,0,5.9224,1.170251662
2005-06-28,0,6.0843,1.159204347
2005-06-29,0,6.1319,1.151582501
2005-06-30,0,6.1279,1.146065271
2005-07-01,20.05,5.0343,4.500387404
2005-07-02,0,5.6534,2.766551936
2005-07-03,0,5.9743,2.096404669
2005-07-04,9.98,4.564,3.380216634
2005-07-05,0,5.2616,2.32465911
2005-07-06,0,5.6623,1.845791206
2005-07-07,0,5.7912,1.572321909
2005-07-08,0,5.945,1.408622167
2005-07-09,0,5.8176,1.308865351
2005-07-10,0,5.6994,1.247341385
2005-07-11,0,5.3299,1.208922071
2005-07-12,0,5.6655,1.184543331
2005-07-13,0,5.6147,1.168728766
2005-07-14,0,5.6126,1.158154181
2005-07-15,4.06,4.2614,1.736076247
2005-07-16,0,5.8032,1.488448197
2005-07-17,0,5.5508,1.350332557
2005-07-18,0,5.3,1.268092042
2005-07-19,0,5.5881,1.217691224
2005-07-20,0,5.6012,1.18613719
2005-07-21,0,5.8055,1.16592798
2005-07-22,0,6.1221,1.152611917
2005-07-23,0,6.3809,1.143511545
2005-07-24,5.33,4.6067,1.930657531
2005-07-25,0,5.6051,1.583443143
2005-07-26,0,5.3853,1.40053771
2005-07-27,27.7,4.7792,6.126310796
2005-07-28,0,5.0726,3.44011928
2005-07-29,0,5.5375,2.490579948
2005-07-30,0,5.5654,1.958236761
2005-07-31,0,5.6531,1.64084748
2005-08-01,0,5.8266,1.448350677
2005-08-02,0,5.816,1.330566107
2005-08-03,0,5.7346,1.257934093
2005-08-04,0,5.727,1.21271952
2005-08-05,5.06,4.6468,1.940268353
2005-08-06,0.38,5.1453,1.653431974
2005-08-07,19.36,4.1084,4.786906895
2005-08-08,0,5.3976,2.886612183
2005-08-09,0,5.1736,2.167603009
2005-08-10,0,5.173,1.764658318
2005-08-11,0,5.1166,1.524620058
2005-08-12,0,4.9467,1.378927133
2005-08-13,0,4.9952,1.289570484
2005-08-14,13.76,3.7128,3.505708712
2005-08-15,24.08,2.3773,6.608963623
2005-08-16,17.53,2.9254,6.852292134
2005-08-17,0.08,3.6748,4.0850432
2005-08-18,0,4.3407,2.904546977
2005-08-19,0,4.4911,2.225814127
2005-08-20,0,4.6408,1.8186097
2005-08-21,0,4.5686,1.571339595
2005-08-22,0,4.085,1.420231798
2005-08-23,0,3.7881,1.327365328
2005-08-24,0,4.4611,1.269893914
2005-08-25,0,4.6316,1.2339777
2005-08-26,0,4.6486,1.211209266
2005-08-27,0,4.7044,1.196472475
2005-08-28,0,4.6944,1.186650014
2005-08-29,0,4.751,1.17984028
2005-08-30,0,4.7405,1.174881875
2005-08-31,0,4.9101,1.171064493
2005-09-01,0,4.9904,1.167952967
2005-09-02,0,4.878,1.165280107
2005-09-03,0,4.7095,1.162881391
2005-09-04,0,4.4635,1.160655124
2005-09-05,0,4.6222,1.158538131
2005-09-06,0,4.5267,1.156490898
2005-09-07,0,4.33,1.154488493
2005-09-08,0,4.377,1.152514996
2005-09-09,0,4.4838,1.15056009
2005-09-10,0,4.4189,1.148616958
2005-09-11,0,4.2976,1.146680993
2005-09-12,0,4.0877,1.144748991
2005-09-13,0,4.1103,1.142818657
2005-09-14,17.28,3.1926,3.968603289
2005-09-15,28.24,2.4091,7.592423486
2005-09-16,4.28,2.4496,4.923883683
2005-09-17,0,3.4685,3.297449705
2005-09-18,0,3.801,2.449723709
2005-09-19,0,3.8465,1.950006291
2005-09-20,0,3.6858,1.648315679
2005-09-21,0,3.8591,1.464521818
2005-09-22,0,3.8016,1.351858503
2005-09-23,0,3.6161,1.282342383
2005-09-24,0,3.299,1.239073523
2005-09-25,6.73,2.0279,2.242415965
2005-09-26,0,3.0894,1.761699021
2005-09-27,0,3.2336,1.521678433
2005-09-28,0,3.1036,1.383140357
2005-09-29,0,2.9214,1.299736877
2005-09-30,0,2.7268,1.248448746
2005-10-01,0,2.8592,1.216348117
2005-10-02,0,2.7957,1.195848214
2005-10-03,0,2.7081,1.182411704
2005-10-04,0,2.8783,1.173298567
2005-10-05,0,3.0134,1.166844338
2005-10-06,8,2.3994,2.398470038
2005-10-07,0,1.9177,1.83038352
2005-10-08,0,2.1873,1.55623841
2005-10-09,0,2.2856,1.39907331
2005-10-10,0,2.3359,1.304727785
2005-10-11,0,2.3124,1.246859711
2005-10-12,0,2.4185,1.210758248
2005-10-13,0,2.4019,1.187806115
2005-10-14,0,2.4054,1.172853798
2005-10-15,0,2.4433,1.162793255
2005-10-16,0,2.4552,1.155737453
2005-10-17,0,2.467,1.150535835
2005-10-18,0,2.5248,1.14648435
2005-10-19,0,2.4698,1.143150623
2005-10-20,2.21,2.2203,1.437079087
2005-10-21,0,1.4865,1.320136316
2005-10-22,0,1.6082,1.249118035
2005-10-23,0,1.6028,1.205139614
2005-10-24,0,1.2766,1.177392257
2005-10-25,0,1.3467,1.159483371
2005-10-26,0,1.4135,1.147575303
2005-10-27,0,1.4703,1.13934546
2005-10-28,0,1.499,1.133380785
2005-10-29,0,1.4985,1.128818063
2005-10-30,0,1.5118,1.125127986
2005-10-31,18.49,1.1798,4.202509978
2005-11-01,22.08,1.1461,6.550002677
2005-11-02,0,1.4449,3.753762652
2005-11-03,0,1.5962,2.685315346
2005-11-04,0,1.5099,2.078484107
2005-11-05,0,1.43,1.715484582
2005-11-06,0,1.3944,1.495171229
2005-11-07,0,1.4281,1.360443976
2005-11-08,0,1.5342,1.277499734
2005-11-09,0,1.3832,1.226012667
2005-11-10,0,1.181,1.193681203
2005-11-11,0,1.1838,1.17303565
2005-11-12,0,1.2339,1.159531151
2005-11-13,0,1.2018,1.150398304
2005-11-14,0,1.1278,1.143947331
2005-11-15,11.81,1.0375,3.028857207
2005-11-16,0,0.8106,2.115540656
2005-11-17,0,0.7676,1.713303908
2005-11-18,0,0.8243,1.485675116
2005-11-19,0,0.9071,1.349727014
2005-11-20,0,0.8402,1.266808765
2005-11-21,0,0.782,1.21550097
2005-11-22,0,0.8039,1.183271547
2005-11-23,0,0.8684,1.162632799
2005-11-24,0,0.9347,1.14906681
2005-11-25,0,0.7614,1.139832537
2005-11-26,0,0.8763,1.133260809
2005-11-27,0,0.9616,1.128332133
2005-11-28,0,0.8338,1.124422035
2005-11-29,0,0.5972,1.121146819
2005-11-30,0,0.5743,1.118269859
2005-12-01,0,0.5852,1.115644568
2005-12-02,0,0.5702,1.113179612
2005-12-03,0,0.6942,1.110817659
2005-12-04,0,0.62,1.108522381
2005-12-05,0,0.4736,1.106270474
2005-12-06,0,0.4989,1.104046761
2005-12-07,0,0.503,1.101841166
2005-12-08,1,0.4398,1.225415599
2005-12-09,0,0.3928,1.176021441
2005-12-10,0,0.4777,1.144914364
2005-12-11,0,0.572,1.124965794
2005-12-12,0,0.6093,1.111832519
2005-12-13,0,0.5636,1.102866486
2005-12-14,4.07,0.6016,1.676729247
2005-12-15,0,0.5435,1.434717436
2005-12-16,0,0.5038,1.297922768
2005-12-17,0,0.5385,1.216023043
2005-12-18,0,0.5498,1.165641712
2005-12-19,0,0.4872,1.13397478
2005-12-20,0,0.4815,1.113588591
2005-12-21,0,0.5449,1.100060427
2005-12-22,0,0.553,1.090726609
2005-12-23,0,0.6604,1.083971216
2005-12-24,0,0.7089,1.078808905
2005-12-25,7.13,0.5688,2.162632061
2005-12-26,0,0.6258,1.67356066
2005-12-27,0,0.7999,1.429789996
2005-12-28,0,0.7371,1.288964682
2005-12-29,0,0.6315,1.204016635
2005-12-30,0,0.6886,1.151606851
2005-12-31,0,0.6712,1.118633174
2006-01-01,0,0.8335,1.097407418
2006-01-02,0,0.8478,1.083331786
2006-01-03,0,0.6607,1.073629817
2006-01-04,0,0.7642,1.06661494
2006-01-05,0,0.6896,1.061258194
2006-01-06,0,0.6367,1.056929436
2006-01-07,0,0.6886,1.053241271
2006-01-08,0,0.9217,1.049954499
2006-01-09,0,0.7703,1.04692065
2006-01-10,11.8,0.6315,2.92846436
2006-01-11,0,0.6994,2.025563556
2006-01-12,0,0.8375,1.624972367
2006-01-13,7.11,0.8218,2.55282793
2006-01-14,0,0.6953,1.862394884
2006-01-15,0,0.8875,1.533059083
2006-01-16,0,0.9831,1.344096143
2006-01-17,0,0.797,1.230553413
2006-01-18,0,0.7319,1.160874597
2006-01-19,0,0.9887,1.117390313
2006-01-20,0,1.0716,1.089730075
2006-01-21,0,0.8747,1.071689985
2006-01-22,0,0.7309,1.059524
2006-01-23,0,0.7438,1.050957871
2006-01-24,0,0.8721,1.044605618
2006-01-25,0,0.9068,1.039619882
2006-01-26,0,0.9605,1.035480954
2006-01-27,0,1.0546,1.031868956
2006-01-28,14.34,0.9122,3.367380107
2006-01-29,14.03,0.9246,4.669985744
2006-01-30,0,1.0017,2.862508885
2006-01-31,0,1.0468,2.120311895
2006-02-01,0,1.1934,1.698903456
2006-02-02,0,1.242,1.446849709
2006-02-03,0,1.2117,1.293521278
2006-02-04,0,0.997,1.199285028
2006-02-05,0,0.9537,1.140768132
2006-02-06,0,0.9646,1.103945565
2006-02-07,0,1.0119,1.080337703
2006-02-08,0,1.0487,1.064797291
2006-02-09,0,1.0487,1.054191979
2006-02-10,0,1.0742,1.046611882
2006-02-11,0,1.0358,1.040890405
2006-02-12,0,0.9181,1.036313619
2006-02-13,0,1.1001,1.032443641
2006-02-14,0,1.3693,1.02901115
2006-02-15,0,1.6352,1.025849909
2006-02-16,0,1.7793,1.02285682
2006-02-17,0,1.2738,1.019967547
2006-02-18,12,0.8081,2.92910127
2006-02-19,0,0.6074,2.01443824
2006-02-20,0,0.7723,1.607861224
2006-02-21,0,1.0448,1.377078705
2006-02-22,0,1.2992,1.238916226
2006-02-23,0,1.6417,1.15438594
2006-02-24,0,1.9059,1.101836844
2006-02-25,0,1.8992,1.068590298
2006-02-26,0,1.8187,1.047067866
2006-02-27,0,2.0567,1.032695883
2006-02-28,0,2.2752,1.022699142
2006-03-01,0,2.5362,1.015387547
2006-03-02,0,2.6373,1.009728761
2006-03-03,0,1.9434,1.005090403
2006-03-04,0,1.9798,1.001083868
2006-03-05,0,2.0865,0.997469448
2006-03-06,0,2.362,0.994098584
2006-03-07,0,2.4548,0.990878635
2006-03-08,0,2.0409,0.987751373
2006-03-09,28.81,1.7823,5.93892986
2006-03-10,3.98,2.0205,3.989301837
2006-03-11,2,2.7715,3.015951334
2006-03-12,20.24,2.2381,5.733924541
2006-03-13,5.62,2.3476,4.324425405
2006-03-14,0,2.1351,2.870832591
2006-03-15,0,2.4636,2.140914365
2006-03-16,0,2.4003,1.713727928
2006-03-17,0,2.4567,1.456130746
2006-03-18,0,1.9019,1.298979728
2006-03-19,6.02,1.2558,2.134783281
2006-03-20,12.19,1.1739,3.747834256
2006-03-21,5,1.1277,3.258632722
2006-03-22,0,1.0618,2.267178079
2006-03-23,2.29,1.3618,2.140601848
2006-03-24,0,2.105,1.696773303
2006-03-25,0,2.4077,1.447516332
2006-03-26,0,2.7403,1.298877774
2006-03-27,0,3.0003,1.2082294
2006-03-28,0,3.0104,1.15210521
2006-03-29,0,3.3259,1.11680367
2006-03-30,0,2.9656,1.094144825
2006-03-31,0,3.2051,1.079195123
2006-04-01,0,3.639,1.068962295
2006-04-02,15,3.0658,3.532885818
2006-04-03,0,3.6914,2.295719415
2006-04-04,0,3.3905,1.786199509
2006-04-05,3.59,2.9925,2.061021106
2006-04-06,0,3.1188,1.636198129
2006-04-07,12.29,2.7906,3.478854484
2006-04-08,0,3.5531,2.288052395
2006-04-09,0,3.5299,1.786905326
2006-04-10,0,3.9424,1.504104982
2006-04-11,0,3.9963,1.335265487
2006-04-12,0,4.2362,1.232376497
2006-04-13,0,4.476,1.168823439
2006-04-14,0,4.5544,1.129013514
2006-04-15,0,4.0426,1.103621856
2006-04-16,0,4.4569,1.087019795
2006-04-17,0,5.0707,1.075792468
2006-04-18,0,5.2536,1.067861204
2006-04-19,0,4.8937,1.061957353
2006-04-20,0,4.2883,1.057304719
2006-04-21,0,4.0817,1.053427131
2006-04-22,0,4.6129,1.050031556
2006-04-23,0,4.7831,1.046936957
2006-04-24,10,3.7013,2.612468285
2006-04-25,38.39,2.85,8.775084816
2006-04-26,0,2.2606,4.545215046
2006-04-27,0,3.529,3.12417707
2006-04-28,0,3.9249,2.320666949
2006-04-29,51,2.3506,10.96936596
2006-04-30,11.02,3.0564,7.46613039
2006-05-01,9.16,3.588,6.185938208
2006-05-02,4,3.7215,4.628695912
2006-05-03,0,4.4148,3.164031609
2006-05-04,28.28,3.5608,7.339817804
2006-05-05,20.63,2.9586,7.80604448
2006-05-06,10.36,2.6052,6.354318638
2006-05-07,7.71,2.1879,5.338476636
2006-05-08,0,4.3032,3.509152323
2006-05-09,0.03,4.4176,2.589463776
2006-05-10,32.94,3.8056,7.847352763
2006-05-11,0,3.909,4.313569687
2006-05-12,0,4.3438,3.043811792
2006-05-13,0,4.8551,2.323866326
2006-05-14,0,4.5619,1.893264702
2006-05-15,0,4.1988,1.632136713
2006-05-16,0,4.3295,1.472730772
2006-05-17,0,4.866,1.374889918
2006-05-18,0,5.2988,1.314450753
2006-05-19,0,5.7484,1.276783975
2006-05-20,0,6.053,1.253005411
2006-05-21,0,5.2879,1.237709905
2006-05-22,0,5.2739,1.227604549
2006-05-23,0,5.1757,1.2206809
2006-05-24,0,5.4963,1.215712481
2006-05-25,0,5.6182,1.211949306
2006-05-26,0,5.3407,1.208931993
2006-05-27,0,5.5437,1.206378562
2006-05-28,0,5.269,1.204115443
2006-05-29,0,4.97,1.202035406
2006-05-30,0,5.706,1.200071878
2006-05-31,16.84,3.7006,3.959883442
2006-06-01,7.37,3.4608,3.836499071
2006-06-02,13.25,4.0911,4.910432183
2006-06-03,0,5.6766,3.104483384
2006-06-04,0,5.6461,2.333241916
2006-06-05,4.01,4.1498,2.52292702
2006-06-06,13.93,3.6809,4.362108491
2006-06-07,17.16,3.8385,5.817780015
2006-06-08,0,6.1181,3.514648009
2006-06-09,0,6.1391,2.581495274
2006-06-10,0,5.9816,2.049818818
2006-06-11,0,5.4131,1.731739687
2006-06-12,0,4.7464,1.53870581
2006-06-13,0,5.3029,1.420667975
2006-06-14,0,5.8838,1.348004288
2006-06-15,0,6.1129,1.302907772
2006-06-16,0,5.7374,1.274602813
2006-06-17,5.98,4.2686,2.157922285
2006-06-18,7.61,4.1171,3.021750725
2006-06-19,0,5.7327,2.168359059
2006-06-20,0,6.1228,1.783801533
2006-06-21,0,5.6631,1.565518472
2006-06-22,0,5.7584,1.435143703
2006-06-23,37.6,3.977,7.969967864
2006-06-24,0,5.6525,4.261607062
2006-06-25,2.07,5.8002,3.349168115
2006-06-26,0,5.9319,2.491341564
2006-06-27,0,5.881,2.00055416
2006-06-28,0,6.2595,1.70669666
2006-06-29,0,6.3524,1.528280498
2006-06-30,0,6.34,1.419122031
2006-07-01,0,6.1966,1.351871861
2006-07-02,0,5.9942,1.31008681
2006-07-03,0,5.7617,1.28381591
2006-07-04,0,5.011,1.267016439
2006-07-05,10.54,4.0893,2.932357186
2006-07-06,0,5.4949,2.124949439
2006-07-07,0,5.5592,1.762059281
2006-07-08,0,5.9589,1.556438862
2006-07-09,0,5.9728,1.433694648
2006-07-10,0,5.6235,1.35889412
2006-07-11,14.02,4.2997,3.633465798
2006-07-12,21.88,4.2154,6.305703721
2006-07-13,0,5.1412,3.669356259
2006-07-14,9.45,4.6608,4.272635763
2006-07-15,0,5.8212,2.88903587
2006-07-16,0,5.8314,2.229597327
2006-07-17,0,5.9414,1.847796317
2006-07-18,0,6.1921,1.618532251
2006-07-19,0,6.3069,1.479068296
2006-07-20,0,6.2802,1.393541361
2006-07-21,0,5.9918,1.340671006
2006-07-22,0,5.9666,1.307655062
2006-07-23,0,5.5338,1.286743533
2006-07-24,0,5.6559,1.273228731
2006-07-25,0,5.7896,1.264244513
2006-07-26,0,5.5103,1.258042748
2006-07-27,0,5.369,1.253555378
2006-07-28,6.7,3.646,2.256777777
2006-07-29,0,5.0826,1.809679167
2006-07-30,0,5.5941,1.582308869
2006-07-31,0,5.605,1.450606561
2006-08-01,0,5.4774,1.371281348
2006-08-02,0,5.379,1.322540894
2006-08-03,0,5.0249,1.292093434
2006-08-04,0,5.5073,1.272713399
2006-08-05,0,5.9137,1.260076056
2006-08-06,0,5.8,1.251568563
2006-08-07,10,4.3408,2.828790646
2006-08-08,0,5.2407,2.074236879
2006-08-09,0,5.0844,1.73131533
2006-08-10,0,5.304,1.536773075
2006-08-11,22.59,4.0084,5.308691875
2006-08-12,0,4.897,3.163795247
2006-08-13,0,5.0896,2.370128306
2006-08-14,0,5.1728,1.925421809
2006-08-15,22.37,3.5728,5.517732714
2006-08-16,0,4.9695,3.295015374
2006-08-17,0,5.381,2.454055273
2006-08-18,0,5.3922,1.98057154
2006-08-19,0,5.3674,1.698222754
2006-08-20,0,5.0297,1.527027506
2006-08-21,0,4.4887,1.422328275
2006-08-22,24.64,3.4284,5.585277674
2006-08-23,0,3.9577,3.29226953
2006-08-24,0,4.706,2.452958847
2006-08-25,0,4.2675,1.982492055
2006-08-26,0,4.1525,1.702253212
2006-08-27,19.74,3.3194,4.896158746
2006-08-28,29.58,2.528,8.312699357
2006-08-29,6.72,3.1696,5.769704817
2006-08-30,0,4.2476,3.785752905
2006-08-31,0,4.336,2.786483786
2006-09-01,0,4.3915,2.19968113
2006-09-02,0,4.1714,1.845940447
2006-09-03,0,4.0071,1.630797135
2006-09-04,0,3.4778,1.49925087
2006-09-05,0,3.8067,1.418406222
2006-09-06,0,4.0986,1.368398796
2006-09-07,0,4.1387,1.337181674
2006-09-08,0,4.2063,1.317431954
2006-09-09,0,4.201,1.304691554
2006-09-10,0,4.2008,1.296243202
2006-09-11,25.82,2.9677,5.690269603
2006-09-12,0,3.5228,3.350768093
2006-09-13,0,3.5582,2.497831021
2006-09-14,0,3.7721,2.019740087
2006-09-15,0,3.8465,1.734972825
2006-09-16,0,3.9938,1.5624156
2006-09-17,69.62,2.8448,13.97310801
2006-09-18,50.35,2.3963,15.88936228
2006-09-19,0,3.1897,8.349580083
2006-09-20,0,3.3177,5.52330997
2006-09-21,0,3.0163,3.880654223
2006-09-22,9.3,2.8143,4.414700568
2006-09-23,25.65,2.6288,7.600760141
2006-09-24,0,2.7499,4.38996932
2006-09-25,0,2.7569,3.152568559
2006-09-26,0,3.1351,2.446463735
2006-09-27,0,3.122,2.023711186
2006-09-28,0,2.9139,1.767373799
2006-09-29,0,2.5984,1.611007782
2006-09-30,0,2.9529,1.51516926
2006-10-01,0,3.1739,1.456109493
2006-10-02,0,2.9966,1.419446186
2006-10-03,0,2.9818,1.396443865
2006-10-04,0,2.9137,1.381787377
2006-10-05,0,2.7922,1.372238466
2006-10-06,0,2.4126,1.365821947
2006-10-07,0,2.5473,1.361331621
2006-10-08,0,2.5209,1.358029889
2006-10-09,0,2.4563,1.355464952
2006-10-10,0,2.2999,1.353359484
2006-10-11,0,2.0301,1.351542783
2006-10-12,0.73,1.9603,1.441386998
2006-10-13,0,1.7723,1.405393806
2006-10-14,0,2.0162,1.382820045
2006-10-15,0,1.9832,1.368443054
2006-10-16,35.81,1.1409,7.580628489
2006-10-17,7.3,1.581,5.440986954
2006-10-18,0,2.1438,3.594091904
2006-10-19,6.63,1.4009,3.786905869
2006-10-20,0,1.539,2.720590196
2006-10-21,0,1.734,2.174820124
2006-10-22,0,1.471,1.855700887
2006-10-23,0,1.4442,1.663588778
2006-10-24,0,1.5732,1.546594843
2006-10-25,0,1.5122,1.474792066
2006-10-26,4.14,1.1125,2.041390908
2006-10-27,2,1.5122,2.064939784
2006-10-28,0,1.3748,1.765775374
2006-10-29,0,1.6551,1.603414418
2006-10-30,0,1.6657,1.507853458
2006-10-31,0,1.4931,1.449895126
2006-11-01,0,0.8529,1.414095395
2006-11-02,0,1.0939,1.391605386
2006-11-03,0,1.1158,1.37719158
2006-11-04,0,1.2038,1.367711985
2006-11-05,12.57,0.9317,3.394390468
2006-11-06,4.6,0.9588,3.164320623
2006-11-07,0,1.2015,2.342264866
2006-11-08,0,1.4476,1.941500631
2006-11-09,0,1.5588,1.710306135
2006-11-10,0,1.3908,1.571654559
2006-11-11,0,1.0729,1.487186104
2006-11-12,0,0.9763,1.435173919
2006-11-13,4.09,0.9092,2.005590331
2006-11-14,0,1.059,1.728099657
2006-11-15,26.09,0.9068,6.120045346
2006-11-16,18.08,0.7067,6.759825367
2006-11-17,0,0.8814,4.070547207
2006-11-18,0,0.888,2.967336911
2006-11-19,0,0.7987,2.335289558
2006-11-20,0,0.7633,1.95664721
2006-11-21,0,0.7954,1.726967041
2006-11-22,0,0.9144,1.586782277
2006-11-23,0,1.0187,1.500784362
2006-11-24,0,1.0865,1.447715475
2006-11-25,0,1.0522,1.414702281
2006-11-26,0,0.9895,1.393925643
2006-11-27,0,0.9882,1.380627547
2006-11-28,4.89,0.8919,2.086016117
2006-11-29,0,1.025,1.776649316
2006-11-30,90.38,0.6581,18.02044248
2006-12-01,21.42,0.4543,12.20633946
2006-12-02,0,0.5256,7.180796176
2006-12-03,0,0.5049,4.866859977
2006-12-04,0,0.4903,3.506449835
2006-12-05,0,0.5831,2.685508093
2006-12-06,0,0.643,2.186804781
2006-12-07,0,0.5652,1.88292225
2006-12-08,0,0.4257,1.697309344
2006-12-09,0,0.5106,1.583628982
2006-12-10,0,0.6568,1.513747469
2006-12-11,0,0.7685,1.470557411
2006-12-12,0,0.7619,1.4436467
2006-12-13,0,0.7174,1.426673939
2006-12-14,0,0.7401,1.415774673
2006-12-15,0,0.73,1.408592459
2006-12-16,0,0.8089,1.403689394
2006-12-17,0,0.8923,1.400187311
2006-12-18,0,0.8222,1.397549297
2006-12-19,0,0.637,1.395446603
2006-12-20,14.39,0.6919,3.717646953
2006-12-21,12.28,0.6742,4.69854924
2006-12-22,0,0.6278,3.069897271
2006-12-23,0,0.536,2.384402751
2006-12-24,0,0.5626,1.995003556
2006-12-25,6.01,0.5539,2.711363069
2006-12-26,0,0.5237,2.126950491
2006-12-27,0,0.5834,1.832703496
2006-12-28,0,0.706,1.662428488
2006-12-29,0,0.815,1.560169171
2006-12-30,38.19,0.7382,8.207615827
2006-12-31,7,0.6671,5.668086019
2007-01-01,0,0.6068,3.754958764
2007-01-02,0,0.5894,2.812970373
2007-01-03,0,0.5994,2.262129058
2007-01-04,1,0.7142,2.073490049
2007-01-05,0,0.7506,1.813867843
2007-01-06,0,0.7339,1.657506363
2007-01-07,0,0.7392,1.562198105
2007-01-08,0,0.6425,1.503609684
2007-01-09,0,0.7009,1.467273634
2007-01-10,0,0.6752,1.444480972
2007-01-11,0,0.8431,1.429957276
2007-01-12,0,0.8071,1.42049681
2007-01-13,42.04,0.5472,8.783132769
2007-01-14,34.13,0.5209,10.83868289
2007-01-15,0,0.5329,5.969065044
2007-01-16,0,0.4407,4.124329255
2007-01-17,0,0.4884,3.062244711
2007-01-18,0,0.5626,2.424453435
2007-01-19,0,0.6452,2.037572112
2007-01-20,0,0.6147,1.801861686
2007-01-21,16,0.5718,4.323263267
2007-01-22,0,0.6423,2.87158292
2007-01-23,0,0.7499,2.277774711
2007-01-24,0,0.8341,1.943258152
2007-01-25,0,0.8573,1.744050764
2007-01-26,0,0.9394,1.623296687
2007-01-27,0,0.9758,1.549390082
2007-01-28,0,0.728,1.503776802
2007-01-29,0,0.8012,1.475348608
2007-01-30,0,0.8234,1.457396842
2007-01-31,0,0.6479,1.445850988
2007-02-01,14.57,0.5675,3.820089147
2007-02-02,0,0.6701,2.625264468
2007-02-03,0,0.7691,2.130394748
2007-02-04,0,0.8607,1.852447124
2007-02-05,0,1.0362,1.687124366
2007-02-06,0,1.2857,1.586875711
2007-02-07,0,1.3508,1.525419419
2007-02-08,0,1.1517,1.487375929
2007-02-09,0,0.908,1.463552942
2007-02-10,0,0.9347,1.448403356
2007-02-11,0,1.0164,1.438562285
2007-02-12,21.08,1.0026,4.979392446
2007-02-13,29.3,1.1307,8.357117712
2007-02-14,0,0.8688,4.696675032
2007-02-15,0,0.8247,3.360064832
2007-02-16,0,0.9775,2.599979302
2007-02-17,0,1.1451,2.145196515
2007-02-18,0,1.4114,1.869571619
2007-02-19,0,1.7637,1.701560003
2007-02-20,0,1.9321,1.598700098
2007-02-21,0,1.8735,1.53542649
2007-02-22,0,1.9498,1.496256615
2007-02-23,0,2.0007,1.471786916
2007-02-24,11.93,1.5236,3.373161587
2007-02-25,0,1.7251,2.429787634
2007-02-26,0,1.7171,2.018941092
2007-02-27,0,1.9761,1.787157143
2007-02-28,0,2.2114,1.649149923
2007-03-01,3,1.7352,2.007526654
2007-03-02,0,1.7483,1.768472499
2007-03-03,0,1.6022,1.634975702
2007-03-04,0,1.6442,1.55572179
2007-03-05,0,2.0739,1.507445785
2007-03-06,0,2.3148,1.477524492
2007-03-07,0,2.3786,1.458659354
2007-03-08,0,2.4477,1.446516722
2007-03-09,3.89,2.0157,2.000313802
2007-03-10,0,2.5481,1.760311777
2007-03-11,0,2.3941,1.627309002
2007-03-12,0,2.8358,1.54854419
2007-03-13,0,2.8861,1.500606761
2007-03-14,0,2.7006,1.470898235
2007-03-15,0,2.6455,1.452159863
2007-03-16,0,2.3599,1.440088887
2007-03-17,0,2.5291,1.432098801
2007-03-18,0,2.8364,1.426622036
2007-03-19,0,2.4563,1.422703144
2007-03-20,5.22,1.8721,2.185485092
2007-03-21,0,2.2523,1.855339941
2007-03-22,0,2.5494,1.679302999
2007-03-23,5.83,2.0829,2.494040243
2007-03-24,0,3.2325,2.004849919
2007-03-25,0,2.8976,1.764802399
2007-03-26,0,2.89,1.627101306
2007-03-27,0,2.7754,1.544601422
2007-03-28,3,2.5741,1.933644746
2007-03-29,0,3.5084,1.717282861
2007-03-30,0,3.1469,1.596512567
2007-03-31,10.05,2.547,3.16307706
2007-04-01,0,3.4252,2.313561454
2007-04-02,0,4.0584,1.94158238
2007-04-03,0,3.8554,1.731980569
2007-04-04,0,3.6295,1.607219098
2007-04-05,0,2.6757,1.531418496
2007-04-06,4,1.8082,2.079550376
2007-04-07,0,2.0345,1.794365965
2007-04-08,0,2.3914,1.64046467
2007-04-09,0,2.7971,1.550082074
2007-04-10,0,2.6951,1.495316383
2007-04-11,6,2.226,2.386205038
2007-04-12,3.4,2.6708,2.497232549
2007-04-13,0,3.1771,2.011755438
2007-04-14,20.93,1.3882,5.3842102
2007-04-15,0,3.2007,3.297511473
2007-04-16,0,3.943,2.516322708
2007-04-17,0,4.2678,2.078298534
2007-04-18,4.7,3.3218,2.548707842
2007-04-19,0,4.4176,2.05709492
2007-04-20,0,4.5836,1.797922933
2007-04-21,0,4.6682,1.646397353
2007-04-22,0,4.2625,1.555041916
2007-04-23,0,3.7237,1.499113188
2007-04-24,0,3.9181,1.464450495
2007-04-25,28.48,3.0726,6.353627936
2007-04-26,3,3.1373,4.201107359
2007-04-27,0,3.8979,2.992211369
2007-04-28,0,4.6175,2.360981531
2007-04-29,0,4.9979,1.989999456
2007-04-30,0,5.1416,1.766378803
2007-05-01,0,4.7815,1.630252217
2007-05-02,16.93,2.104,4.381173001
2007-05-03,7.06,2.3555,4.079102059
2007-05-04,0,4.5167,2.841055237
2007-05-05,0,4.3733,2.262970381
2007-05-06,0,4.383,1.930295725
2007-05-07,18.68,4.1362,4.908487301
2007-05-08,16.38,3.0289,5.994849142
2007-05-09,3,3.715,4.218652505
2007-05-10,6.47,3.6877,4.108445383
2007-05-11,13,3.9341,5.164043747
2007-05-12,7.08,4.3743,4.57529987
2007-05-13,0,5.6735,3.150643368
2007-05-14,0,5.6549,2.458461688
2007-05-15,0,5.362,2.056296931
2007-05-16,0.85,4.7625,1.935359276
2007-05-17,0,4.8512,1.73985591
2007-05-18,0,4.8698,1.621929012
2007-05-19,0,5.0962,1.54988807
2007-05-20,0,5.2695,1.505446661
2007-05-21,0,5.3752,1.477736969
2007-05-22,4.24,3.4298,2.080550235
2007-05-23,0,4.5887,1.806247993
2007-05-24,0,4.4523,1.656917198
2007-05-25,9.62,3.3026,3.135765455
2007-05-26,0,4.1594,2.313246851
2007-05-27,2,3.8469,2.260771508
2007-05-28,0,4.5071,1.914697978
2007-05-29,6.77,3.1999,2.813643533
2007-05-30,3.16,3.5408,2.692280097
2007-05-31,7.52,3.9322,3.395581239
2007-06-01,3.59,4.3215,3.064975386
2007-06-02,15.22,3.8981,4.975261509
2007-06-03,0,4.5534,3.196376993
2007-06-04,0,5.037,2.472849833
2007-06-05,0,5.7984,2.063366695
2007-06-06,0,5.8963,1.819101809
2007-06-07,0,4.5494,1.671044219
2007-06-08,16.79,4.4462,4.394132255
2007-06-09,0,5.8974,2.887680365
2007-06-10,0,5.5629,2.287998674
2007-06-11,26.62,4.0489,6.59398658
2007-06-12,27.29,3.8552,8.734785642
2007-06-13,0,4.9956,4.981689328
2007-06-14,0,5.4192,3.542908425
2007-06-15,0,5.3305,2.719033311
2007-06-16,0,5.8292,2.225235435
2007-06-17,0,5.4778,1.925832985
2007-06-18,4.11,3.3839,2.359446902
2007-06-19,4.73,4.0996,2.745971157
2007-06-20,0,5.557,2.166958293
2007-06-21,9.12,4.5235,3.389603711
2007-06-22,0,5.6689,2.464625491
2007-06-23,9.23,4.0543,3.59083291
2007-06-24,17.68,4.3548,5.667875064
2007-06-25,0,5.9057,3.520631882
2007-06-26,2.88,4.4141,3.135632063
2007-06-27,7.93,3.2181,3.763261422
2007-06-28,10.44,3.6693,4.494830307
2007-06-29,0,5.6976,3.043647173
2007-06-30,0,5.2081,2.400199485
2007-07-01,20.55,3.3143,5.569521018
2007-07-02,11.86,3.5709,5.525310508
2007-07-03,0,5.427,3.583456146
2007-07-04,0,5.8392,2.725939062
2007-07-05,0,5.7733,2.23295123
2007-07-06,5.03,5.0058,2.721587716
2007-07-07,0,6.172,2.182782824
2007-07-08,0,6.1477,1.899294081
2007-07-09,0,5.6756,1.733575639
2007-07-10,4.55,3.9753,2.32956537
2007-07-11,6.85,3.8135,3.092532303
2007-07-12,0,5.4241,2.330146738
2007-07-13,19.74,3.8812,5.39205774
2007-07-14,0,5.7479,3.357786095
2007-07-15,0,6.055,2.581316473
2007-07-16,0,6.111,2.144911653
2007-07-17,0,5.9298,1.885018193
2007-07-18,0,5.7264,1.72762958
2007-07-19,0,5.3834,1.631522472
2007-07-20,0,5.6945,1.572442946
2007-07-21,0,5.6284,1.535850886
2007-07-22,0,5.2971,1.512959273
2007-07-23,0,5.7814,1.498435701
2007-07-24,0,5.8447,1.489035795
2007-07-25,0,5.953,1.482781726
2007-07-26,0,5.8758,1.478465651
2007-07-27,0,5.7643,1.475348593
2007-07-28,0,5.7679,1.472977475
2007-07-29,0,5.7994,1.471073791
2007-07-30,3.88,4.1356,2.011656331
2007-07-31,0,5.2654,1.790389026
2007-08-01,0,5.4407,1.663824096
2007-08-02,0,5.756,1.58807788
2007-08-03,0,5.5461,1.541786365
2007-08-04,0,5.6456,1.513056093
2007-08-05,0,5.4539,1.494936275
2007-08-06,0,5.3474,1.483278533
2007-08-07,0,5.3903,1.475580223
2007-08-08,0,5.3215,1.470321593
2007-08-09,0,5.6602,1.466575336
2007-08-10,0,5.8498,1.463773275
2007-08-11,0,6.0454,1.461565821
2007-08-12,0,6.0902,1.459736872
2007-08-13,0,6.0712,1.458152099
2007-08-14,0,6.0141,1.456727435
2007-08-15,0,5.9784,1.455409816
2007-08-16,0,5.6231,1.454165394
2007-08-17,0,5.4289,1.452972289
2007-08-18,0,4.784,1.451816131
2007-08-19,3,2.5194,1.853619975
2007-08-20,10.08,3.2689,3.354951485
2007-08-21,0,4.4053,2.432694708
2007-08-22,0,4.6869,2.02881401
2007-08-23,0,4.4458,1.800819243
2007-08-24,0,4.555,1.665056456
2007-08-25,44.88,3.4519,9.523063752
2007-08-26,0,4.6303,5.019624553
2007-08-27,0,4.8263,3.552968582
2007-08-28,0,4.9884,2.725632565
2007-08-29,0,4.6516,2.231297386
2007-08-30,0,4.0301,1.931876693
2007-08-31,0,4.4038,1.749460729
2007-09-01,0,4.6394,1.637865418
2007-09-02,0,4.6776,1.569294163
2007-09-03,0,4.5651,1.526915753
2007-09-04,3,2.8128,1.923098463
2007-09-05,25.99,2.2204,6.265941753
2007-09-06,20.48,2.4512,7.31750859
2007-09-07,15.32,2.4183,7.063630448
2007-09-08,24.3,2.003,8.711608664
2007-09-09,20.88,2.5091,8.814568419
2007-09-10,2.21,2.8011,5.640394004
2007-09-11,7.2,3.0181,5.130333282
2007-09-12,0,3.7949,3.54691188
2007-09-13,0,3.9615,2.724439654
2007-09-14,0,3.713,2.24031394
2007-09-15,0,3.1578,1.948420644
2007-09-16,0,3.4848,1.77091175
2007-09-17,0,3.7789,1.662400083
2007-09-18,0,3.765,1.595739756
2007-09-19,0,3.6264,1.554540168
2007-09-20,0,3.6321,1.528861419
2007-09-21,0,3.6761,1.512660907
2007-09-22,0,3.6813,1.502259256
2007-09-23,0,3.538,1.495413096
2007-09-24,0,3.1148,1.490752869
2007-09-25,0,3.1906,1.4874413
2007-09-26,15.34,2.3262,3.985592072
2007-09-27,0,2.993,2.73403555
2007-09-28,0,3.3789,2.217278789
2007-09-29,0,3.2628,1.926881895
2007-09-30,0,3.2006,1.75414714
2007-10-01,18.58,2.539,4.794704392
2007-10-02,0,3.227,3.085162306
2007-10-03,53.09,2.458,11.96081936
2007-10-04,0,2.8601,6.128088264
2007-10-05,0,2.8149,4.232391176
2007-10-06,0,2.6073,3.153812061
2007-10-07,0,2.6123,2.507620424
2007-10-08,0,2.515,2.115976314
2007-10-09,22.62,2.1442,5.745147661
2007-10-10,0,2.5399,3.542154487
2007-10-11,0,2.3715,2.702008383
2007-10-12,0,2.3264,2.228708369
2007-10-13,0,2.3982,1.94661899
2007-10-14,0,2.3409,1.775786249
2007-10-15,15.34,1.7001,4.226649792
2007-10-16,0,1.9505,2.856948411
2007-10-17,0,2.2135,2.299092253
2007-10-18,15,1.6712,4.526270067
2007-10-19,0,2.0452,3.015244502
2007-10-20,0,2.1855,2.394861967
2007-10-21,0,2.1444,2.044791552
2007-10-22,10.93,1.7517,3.635297227
2007-10-23,18.61,1.3108,5.87184837
2007-10-24,0,1.5,3.631387616
2007-10-25,0,1.4697,2.760433847
2007-10-26,0,1.1807,2.268008633
2007-10-27,0,1.4751,1.974231005
2007-10-28,0,1.5222,1.796277515
2007-10-29,0,1.5311,1.687683608
2007-10-30,0,1.564,1.621027644
2007-10-31,0,1.6103,1.57984655
2007-11-01,0,1.4724,1.554184165
2007-11-02,0,1.3873,1.537996783
2007-11-03,0,1.3861,1.52760713
2007-11-04,0,1.4306,1.520773862
2007-11-05,0,1.5062,1.516128708
2007-11-06,0,1.2263,1.51283501
2007-11-07,0,1.0396,1.510380214
2007-11-08,0,1.1824,1.508449592
2007-11-09,0,1.3211,1.506849321
2007-11-10,0,1.3101,1.505459583
2007-11-11,0,1.3882,1.504205937
2007-11-12,0,1.2816,1.503041837
2007-11-13,6.69,1.1387,2.48993335
2007-11-14,0,1.2163,2.057631208
2007-11-15,0,1.0108,1.83400083
2007-11-16,0,0.9142,1.704095172
2007-11-17,0,1.0796,1.625950157
2007-11-18,0,1.0833,1.578125086
2007-11-19,0,1.1336,1.548460434
2007-11-20,0,1.11,1.529791606
2007-11-21,0,1.0994,1.517825464
2007-11-22,0,0.7675,1.509966688
2007-11-23,0,0.6067,1.504637659
2007-11-24,0,0.6298,1.500875415
2007-11-25,0,0.5835,1.498090005
2007-11-26,9,0.6148,2.891020628
2007-11-27,0,0.7204,2.242143803
2007-11-28,0,0.8161,1.936238246
2007-11-29,0,0.6901,1.761861139
2007-11-30,0,0.7253,1.657721647
2007-12-01,0,0.8002,1.594329194
2007-12-02,3.73,0.8158,2.105168897
2007-12-03,0,0.5744,1.846263733
2007-12-04,0,0.675,1.704931717
2007-12-05,0,0.6898,1.621685571
2007-12-06,0,0.5691,1.571193201
2007-12-07,1.53,0.5902,1.752975514
2007-12-08,0,0.6674,1.648822605
2007-12-09,9.48,0.6161,3.122294371
2007-12-10,38.57,0.5379,9.234301318
2007-12-11,13.79,0.6798,7.401730323
2007-12-12,15.36,0.6169,7.319638023
2007-12-13,5,0.4869,5.430782623
2007-12-14,10.66,0.5236,5.573119579
2007-12-15,9.01,0.5071,5.259945652
2007-12-16,0.05,0.476,3.558863842
2007-12-17,0,0.5469,2.73261666
2007-12-18,0,0.6276,2.252615797
2007-12-19,0,0.5957,1.964279954
2007-12-20,0,0.6686,1.789183591
2007-12-21,0,0.6383,1.682213481
2007-12-22,0,0.6396,1.616518141
2007-12-23,0.09,0.4842,1.587566219
2007-12-24,0,0.5504,1.557865297
2007-12-25,0,0.5801,1.53920708
2007-12-26,0,0.5913,1.527301718
2007-12-27,2,0.5273,1.788872702
2007-12-28,2.93,0.5092,2.119551451
2007-12-29,0,0.5294,1.861704987
2007-12-30,0,0.5868,1.720515694
2007-12-31,0,0.6006,1.637279465
2008-01-01,0,0.5421,1.586782997
2008-01-02,0,0.434,1.555600479
2008-01-03,0,0.4506,1.53602731
2008-01-04,0,0.5713,1.523504645
2008-01-05,0,0.7913,1.515294695
2008-01-06,0,0.9872,1.509739265
2008-01-07,0,0.9413,1.505828187
2008-01-08,82.67,0.8731,16.36640346
2008-01-09,0,0.6976,7.788568407
2008-01-10,0,0.7028,5.226606354
2008-01-11,0,0.6693,3.763459921
2008-01-12,0,0.7182,2.885274539
2008-01-13,0,0.6493,2.352787304
2008-01-14,0,0.649,2.028653896
2008-01-15,0,0.7049,1.830850522
2008-01-16,0,0.778,1.709837458
2008-01-17,2,0.6834,1.911240115
2008-01-18,0,0.6332,1.756553328
2008-01-19,0,0.6169,1.66401265
2008-01-20,0,0.5922,1.607600115
2008-01-21,0,0.6611,1.57275798
2008-01-22,3,0.5721,1.980447008
2008-01-23,0,0.6441,1.789770805
2008-01-24,0,0.6362,1.681476598
2008-01-25,0,0.6196,1.616808091
2008-01-26,0,0.6466,1.577272256
2008-01-27,0,0.9439,1.552680411
2008-01-28,0,1.0821,1.537109629
2008-01-29,0,1.1342,1.527034518
2008-01-30,0,0.8989,1.52033085
2008-01-31,8.14,0.7582,2.775185016
2008-02-01,3.31,0.7261,2.732210165
2008-02-02,0,1.0025,2.188801032
2008-02-03,0,1.2314,1.913928079
2008-02-04,0,1.4809,1.75486969
2008-02-05,21.29,1.3576,5.298035511
2008-02-06,19.13,1.004,6.686354553
2008-02-07,0,0.8659,4.0652755
2008-02-08,0,1.0296,3.021602712
2008-02-09,0,1.2397,2.426714257
2008-02-10,0,1.2133,2.07091089
2008-02-11,7.13,0.8294,2.983395389
2008-02-12,17.8,0.7997,5.417423502
2008-02-13,0,0.9747,3.411337036
2008-02-14,0,1.3154,2.630905008
2008-02-15,0,1.5155,2.191074974
2008-02-16,31,0.9474,7.345789513
2008-02-17,42.31,1.0922,11.84587305
2008-02-18,0,1.2204,6.340744173
2008-02-19,0,1.4394,4.383516089
2008-02-20,0,1.5601,3.260835942
2008-02-21,4.8,1.0199,3.337934222
2008-02-22,3,0.7247,3.066477641
2008-02-23,3.32,0.8205,2.95608513
2008-02-24,2,1.0836,2.666019621
2008-02-25,0,1.5411,2.192796206
2008-02-26,0,1.7437,1.933066992
2008-02-27,0,1.5036,1.779653242
2008-02-28,0,1.7063,1.686891199
2008-02-29,0,2.025,1.630107892
2008-03-01,0,2.1707,1.594992993
2008-03-02,0,2.4013,1.573027725
2008-03-03,60.15,1.8371,12.27253717
2008-03-04,10.09,1.3519,7.949787384
2008-03-05,0,1.9147,5.069873438
2008-03-06,0,1.988,3.659434347
2008-03-07,0,1.4416,2.830890072
2008-03-08,0,1.7171,2.331431008
2008-03-09,0,2.0318,2.028049849
2008-03-10,0,2.4271,1.84305721
2008-03-11,0,2.5173,1.729895664
2008-03-12,0,2.705,1.660421135
2008-03-13,0,2.93,1.617556944
2008-03-14,3.21,2.2738,2.044331011
2008-03-15,5,2.2178,2.640571384
2008-03-16,0,2.2581,2.147316081
2008-03-17,0,2.4712,1.903890289
2008-03-18,95.29,1.9436,19.05360586
2008-03-19,72.31,1.7137,22.09602492
2008-03-20,0,2.6604,11.33169137
2008-03-21,0,2.9247,7.412012191
2008-03-22,0,2.9566,5.121800449
2008-03-23,0,2.3908,3.740066176
2008-03-24,0,2.3811,2.901034789
2008-03-25,0,2.7997,2.390305842
2008-03-26,0,2.6272,2.078936637
2008-03-27,0,2.7108,1.888820815
2008-03-28,12.21,2.8909,3.749771122
2008-03-29,11.09,1.2811,4.615747774
2008-03-30,17.65,1.7862,6.234720909
2008-03-31,14.81,2.0171,6.495385177
2008-04-01,37.05,2.6025,10.77209879
2008-04-02,0,2.8768,5.949292582
2008-04-03,4.68,2.4591,4.949445762
2008-04-04,13.59,2.6107,5.891966189
2008-04-05,0,2.9933,3.871550986
2008-04-06,0,3.5545,2.954601024
2008-04-07,0,3.8608,2.424826481
2008-04-08,34.05,3.0234,8.077021537
2008-04-09,14.74,2.287,7.181503862
2008-04-10,87.48,2.477,20.48705223
2008-04-11,0,3.8666,9.917228995
2008-04-12,0,2.8272,6.560915235
2008-04-13,0,2.8321,4.621528272
2008-04-14,0,2.8196,3.454154303
2008-04-15,0,3.4953,2.745787478
2008-04-16,0,4.0532,2.314665121
2008-04-17,0,3.6525,2.051793579
2008-04-18,30.81,3.0061,7.223975995
2008-04-19,0,3.8441,4.223919559
2008-04-20,0,4.5035,3.157611962
2008-04-21,0,4.5257,2.557473812
2008-04-22,0,4.106,2.19961484
2008-04-23,13.52,3.7517,4.227145284
2008-04-24,33.99,3.3891,9.025454061
2008-04-25,3.15,3.2071,5.584329945
2008-04-26,3.61,3.4945,4.501084924
2008-04-27,0,4.1184,3.305194896
2008-04-28,0,3.9364,2.647812433
2008-04-29,0,4.3233,2.257603918
2008-04-30,0,4.5925,2.021787446
2008-05-01,0,3.7822,1.878225602
2008-05-02,9.65,3.4475,3.33409621
2008-05-03,0,4.1696,2.536275788
2008-05-04,0,4.2486,2.172847129
2008-05-05,0,4.8265,1.966628834
2008-05-06,0,5.0334,1.843735782
2008-05-07,14.85,2.1662,4.241460681
2008-05-08,28.93,2.82,8.079669832
2008-05-09,0,4.005,4.649539881
2008-05-10,0,4.6508,3.418112129
2008-05-11,14.05,3.8956,5.099110673
2008-05-12,0,4.5194,3.442926166
2008-05-13,0,4.3704,2.714381102
2008-05-14,0,3.7487,2.297327261
2008-05-15,23.64,2.2071,6.120917695
2008-05-16,0,4.6036,3.778706284
2008-05-17,0,4.9908,2.903614297
2008-05-18,0,5.0804,2.411379432
2008-05-19,0,5.4429,2.118140718
2008-05-20,0,5.5696,1.940661577
2008-05-21,0,5.3865,1.832448762
2008-05-22,0,4.9855,1.766103697
2008-05-23,0,4.2997,1.725187109
2008-05-24,0,4.5327,1.699760105
2008-05-25,10.8,3.7354,3.405704134
2008-05-26,21.01,3.8304,6.254497615
2008-05-27,20.02,3.2233,7.390240704
2008-05-28,4.53,3.2242,5.285445145
2008-05-29,0,5.0594,3.716609226
2008-05-30,0,4.8449,2.896633759
2008-05-31,0,5.0151,2.413576055
2008-06-01,8.42,3.8818,3.478040126
2008-06-02,21.01,3.9455,6.328207054
2008-06-03,0,4.8846,3.90438365
2008-06-04,0,4.682,2.983380822
2008-06-05,0,4.6155,2.463365147
2008-06-06,0,4.7314,2.153238347
2008-06-07,0,3.5588,1.965485521
2008-06-08,0,3.892,1.851022678
2008-06-09,49.21,4.4994,10.49169052
2008-06-10,31.5,4.0281,11.20415271
2008-06-11,0,5.6562,6.37089956
2008-06-12,0,4.2362,4.469513494
2008-06-13,0,5.5589,3.370630951
2008-06-14,23.37,4.0478,6.74138283
2008-06-15,0,5.9363,4.168986054
2008-06-16,16.86,4.5074,6.062693759
2008-06-17,4.01,4.0937,4.598053419
2008-06-18,0,5.7675,3.335892974
2008-06-19,0,5.8649,2.67652188
2008-06-20,15.69,4.3602,4.942680215
2008-06-21,0,5.9198,3.324412003
2008-06-22,3.9,4.8715,3.280947423
2008-06-23,9.03,4.8667,4.12090072
2008-06-24,9.38,4.5984,4.578446686
2008-06-25,0,5.7116,3.206566082
2008-06-26,0,5.6112,2.588989329
2008-06-27,0,4.7681,2.235454061
2008-06-28,17.59,3.8657,5.003487293
2008-06-29,0,5.1239,3.314230515
2008-06-30,0,5.9036,2.644758038
2008-07-01,0,6.1369,2.268289238
2008-07-02,0,5.9786,2.044259613
2008-07-03,0,5.5992,1.908661379
2008-07-04,37.53,4.4353,8.401686911
2008-07-05,0,5.9248,4.708849633
2008-07-06,0,5.9846,3.465111716
2008-07-07,0,5.553,2.76545825
2008-07-08,0,4.8149,2.348052671
2008-07-09,34.93,4.3467,8.213441393
2008-07-10,18.53,3.5816,7.961373845
2008-07-11,20.06,4.0633,8.448172788
2008-07-12,0,4.862,5.171394399
2008-07-13,35.82,4.4937,10.12929646
2008-07-14,0,5.8334,5.738217134
2008-07-15,0,5.8644,4.097827028
2008-07-16,0,5.9507,3.15759859
2008-07-17,0,5.8695,2.593837296
2008-07-18,0,5.8382,2.252120051
2008-07-19,0,5.6597,2.044045642
2008-07-20,0,5.556,1.916951156
2008-07-21,0,5.7923,1.839074558
2008-07-22,0,5.7255,1.791164572
2008-07-23,0,6.0007,1.761524373
2008-07-24,0,5.654,1.743036825
2008-07-25,0,5.3516,1.73136686
2008-07-26,0,5.6356,1.723871581
2008-07-27,3.97,4.5692,2.28060044
2008-07-28,0,6.0634,2.04640984
2008-07-29,0,6.0423,1.914389715
2008-07-30,3.02,4.3826,2.285678387
2008-07-31,3.85,4.4319,2.656629106
2008-08-01,0,5.573,2.235487403
2008-08-02,0,5.6909,2.022903957
2008-08-03,0,5.9974,1.900365648
2008-08-04,0,6.0259,1.826919405
2008-08-05,0,5.8192,1.782085722
2008-08-06,0,5.8675,1.754352476
2008-08-07,30.17,4.2009,6.94870362
2008-08-08,15.2,4.2897,6.784245146
2008-08-09,0,5.0337,4.310492156
2008-08-10,55.43,2.238,13.21662286
2008-08-11,12.33,2.4208,9.062392299
2008-08-12,0,3.3189,5.744540416
2008-08-13,0,4.6589,4.13349997
2008-08-14,0,4.9561,3.186446938
2008-08-15,0,4.3903,2.615414599
2008-08-16,0,4.0904,2.268642525
2008-08-17,0,4.5731,2.057337846
2008-08-18,0,4.7229,1.92824218
2008-08-19,0,3.7765,1.849146266
2008-08-20,2.28,2.877,2.115937593
2008-08-21,0,3.2912,1.960395437
2008-08-22,0,4.3859,1.868263456
2008-08-23,14.76,3.538,4.267813446
2008-08-24,5.87,4.1052,3.975793891
2008-08-25,0,4.7512,2.936237323
2008-08-26,0,4.7924,2.44313175
2008-08-27,0,4.8753,2.159492133
2008-08-28,0,4.807,1.989748376
2008-08-29,0,4.6886,1.886715965
2008-08-30,0,4.5175,1.82366091
2008-08-31,0,4.4713,1.78479064
2008-09-01,0,4.566,1.760625918
2008-09-02,0,4.1613,1.745434423
2008-09-03,45.91,2.16,9.811429841
2008-09-04,43.39,2.1121,13.13303854
2008-09-05,3.23,2.9157,7.684343669
2008-09-06,0,4.0532,5.195969464
2008-09-07,5,3.1508,4.63059403
2008-09-08,0,4.1446,3.422193334
2008-09-09,0,3.937,2.752234698
2008-09-10,0,2.8878,2.353853443
2008-09-11,5,2.1416,2.884135209
2008-09-12,10.23,2.6891,4.116416534
2008-09-13,6.76,2.7136,4.105630425
2008-09-14,83,2.7645,18.10605558
2008-09-15,0,3.3691,8.742438074
2008-09-16,0,3.3557,5.892973332
2008-09-17,0,3.5708,4.258312914
2008-09-18,0,3.615,3.276139111
2008-09-19,0,3.5838,2.6805054
2008-09-20,0,3.4969,2.318046586
2008-09-21,0,3.4644,2.097019487
2008-09-22,0,3.4222,1.961974476
2008-09-23,0,3.5001,1.879267403
2008-09-24,0,3.4692,1.828447469
2008-09-25,0,3.47,1.797070686
2008-09-26,0,3.3959,1.777559699
2008-09-27,0,3.3146,1.765297793
2008-09-28,0,3.2892,1.757470466
2008-09-29,0,3.2516,1.752360783
2008-09-30,0,3.1136,1.74892054
2008-10-01,0,2.931,1.746509161
2008-10-02,0,2.7694,1.744734668
2008-10-03,0,2.6491,1.743356793
2008-10-04,7.75,2.165,2.909158137
2008-10-05,0,2.511,2.384630829
2008-10-06,2,2.2574,2.430234382
2008-10-07,13.72,1.533,4.47375443
2008-10-08,0,2.3253,3.094552044
2008-10-09,0,2.4884,2.535233577
2008-10-10,0,2.4627,2.221277287
2008-10-11,0,2.4452,2.034660837
2008-10-12,0,2.2123,1.921715901
2008-10-13,0,2.0081,1.852722157
2008-10-14,0,1.964,1.810262707
2008-10-15,13.41,1.6282,3.974479651
2008-10-16,0,1.8953,2.864829595
2008-10-17,0,1.9057,2.400021935
2008-10-18,0,1.9217,2.139033925
2008-10-19,0,1.874,1.983967396
2008-10-20,0,1.9553,1.890076519
2008-10-21,0,1.9172,1.832643919
2008-10-22,5.42,1.751,2.617161573
2008-10-23,14.58,1.3263,4.731219279
2008-10-24,0,1.3474,3.2044147
2008-10-25,0,1.473,2.598129094
2008-10-26,0,1.6113,2.258136001
2008-10-27,0,1.3921,2.056042463
2008-10-28,0,1.2108,1.933755059
2008-10-29,0,1.356,1.859092917
2008-10-30,0,1.5463,1.813186161
2008-10-31,0,1.6105,1.784742888
2008-11-01,0,1.6114,1.766945114
2008-11-02,0,1.6653,1.755656547
2008-11-03,0,1.6283,1.748360187
2008-11-04,0,1.5424,1.743520815
2008-11-05,0,1.4467,1.740200036
2008-11-06,12.33,1.202,3.708982797
2008-11-07,0,1.1372,2.74838511
2008-11-08,0,0.999,2.330589684
2008-11-09,0,0.9403,2.094997579
2008-11-10,0,0.9646,1.954874623
2008-11-11,13,0.8154,4.014909188
2008-11-12,0,0.8613,2.881742452
2008-11-13,0,1.0135,2.407447072
2008-11-14,0,1.0701,2.141017874
2008-11-15,0,0.8808,1.982689107
2008-11-16,0,0.8021,1.88682155
2008-11-17,0,0.9223,1.828186164
2008-11-18,0,0.8041,1.792022163
2008-11-19,0,0.9005,1.769508353
2008-11-20,0,0.8795,1.755321915
2008-11-21,0,0.6329,1.746233994
2008-11-22,0,0.6821,1.740279156
2008-11-23,0,0.7476,1.736257749
2008-11-24,4.04,0.7401,2.307248373
2008-11-25,0,0.7702,2.068358737
2008-11-26,0,0.8456,1.93443092
2008-11-27,0,0.7788,1.854948065
2008-11-28,3,0.7722,2.246439329
2008-11-29,1.99,0.7532,2.337178428
2008-11-30,2,0.5961,2.39033561
2008-12-01,1,0.547,2.262073515
2008-12-02,0,0.6032,2.041841904
2008-12-03,0,0.706,1.917695825
2008-12-04,0,0.5345,1.843873314
2008-12-05,0,0.5512,1.798962561
2008-12-06,0,0.6175,1.771224491
2008-12-07,0,0.6112,1.753844359
2008-12-08,0,0.7312,1.742768252
2008-12-09,14.39,0.7134,4.089688918
2008-12-10,2.07,0.5561,3.247618719
2008-12-11,0,0.4808,2.587615807
2008-12-12,0,0.5592,2.241045424
2008-12-13,0,0.6393,2.038343142
2008-12-14,0,0.8261,1.916376975
2008-12-15,4.37,0.4631,2.499842199
2008-12-16,0,0.4043,2.165280891
2008-12-17,0,0.4719,1.987858482
2008-12-18,2.39,0.56,2.238836669
2008-12-19,3,0.6789,2.493832262
2008-12-20,0,0.6099,2.158766785
2008-12-21,0,0.4057,1.983049466
2008-12-22,0,0.3636,1.880841596
2008-12-23,0,0.4475,1.819333632
2008-12-24,6.97,0.5839,2.869783948
2008-12-25,0,0.538,2.34151303
2008-12-26,0,0.7573,2.087552162
2008-12-27,27.65,0.8292,6.752390693
2008-12-28,32.99,0.5798,9.953828732
2008-12-29,0,0.6428,5.619738059
2008-12-30,0,0.7351,4.02964104
2008-12-31,0,0.6975,3.120530173
2009-01-01,0,0.5789,2.57577567
2009-01-02,0,0.618,2.245645749
2009-01-03,0,0.8104,2.044633074
2009-01-04,0,0.6281,1.92184298
2009-01-05,0,0.5244,1.846591463
2009-01-06,0,0.5539,1.80028399
2009-01-07,0,0.6478,1.771623707
2009-01-08,0,0.6669,1.753737029
2009-01-09,0,0.7877,1.742437183
2009-01-10,0,0.6692,1.735171559
2009-01-11,0,0.5934,1.730382382
2009-01-12,0,0.7139,1.727117961
2009-01-13,0,0.5868,1.724796108
2009-01-14,0,0.6266,1.72306007
2009-01-15,0,0.5249,1.721690762
2009-01-16,0,0.4887,1.720553245
2009-01-17,0,0.6846,1.719564089
2009-01-18,0,0.7682,1.718671447
2009-01-19,0,0.7664,1.717842877
2009-01-20,0,0.6052,1.717057897
2009-01-21,0,0.7037,1.716303423
2009-01-22,0,0.8459,1.715570974
2009-01-23,0,0.9564,1.714854946
2009-01-24,0,0.7542,1.714151553
2009-01-25,0,0.6289,1.71345817
2009-01-26,7,0.4965,2.740731534
2009-01-27,28.45,0.5322,7.30443098
2009-01-28,21.24,0.5242,8.058751124
2009-01-29,0,0.7198,4.880168036
2009-01-30,0,0.9121,3.593241716
2009-01-31,0,1.0521,2.854437038
2009-02-01,0,1.2021,2.411638514
2009-02-02,0,1.0376,2.143236734
2009-02-03,0,0.9415,1.979719243
2009-02-04,0,0.8651,1.879734259
2009-02-05,0,1.115,1.818362087
2009-02-06,0,1.4267,1.780504879
2009-02-07,0,1.3145,1.756990697
2009-02-08,0,1.4692,1.742238398
2009-02-09,5,1.1964,2.463506202
2009-02-10,15.61,1.3734,4.820897612
2009-02-11,33.85,1.2671,9.281395766
2009-02-12,0,1.4692,5.215790237
2009-02-13,0,1.6059,3.782516384
2009-02-14,0,1.4194,2.968672698
2009-02-15,0,1.0892,2.481893787
2009-02-16,0,1.2491,2.187054915
2009-02-17,1.89,1.3347,2.275844371
2009-02-18,0,1.4708,2.057096707
2009-02-19,0,1.3175,1.927407684
2009-02-20,0,1.506,1.848886312
2009-02-21,0,1.5865,1.800785865
2009-02-22,0,1.3595,1.771027048
2009-02-23,0,1.539,1.752409065
2009-02-24,0,1.4951,1.740592044
2009-02-25,0,2.0124,1.732944438
2009-02-26,0,2.1553,1.727864109
2009-02-27,0.09,1.9331,1.73566321
2009-02-28,4.71,1.1909,2.411753318
2009-03-01,0,1.2633,2.118453485
2009-03-02,0,1.5487,1.959035793
2009-03-03,0,1.7126,1.865346222
2009-03-04,0,2.1049,1.808712912
2009-03-05,0,2.3373,1.773929371
2009-03-06,0,2.542,1.752274496
2009-03-07,0,2.3386,1.73858822
2009-03-08,0,2.1582,1.729771984
2009-03-09,0,2.6599,1.723949624
2009-03-10,0,2.7243,1.719978791
2009-03-11,0,2.0415,1.717160829
2009-03-12,0,1.1996,1.715066643
2009-03-13,0,1.5565,1.713431511
2009-03-14,1.62,1.5946,1.923326112
2009-03-15,0,1.9539,1.841553833
2009-03-16,0,2.8207,1.791472597
2009-03-17,0,3.0815,1.76050378
2009-03-18,0,3.2526,1.741144344
2009-03-19,0,2.9538,1.728870928
2009-03-20,0.14,2.5928,1.738743388
2009-03-21,24.36,1.89,5.868149364
2009-03-22,0,2.9237,3.662285862
2009-03-23,0,2.4564,2.852533696
2009-03-24,19.44,2.3094,5.740248094
2009-03-25,0,2.7446,3.684674458
2009-03-26,2.79,2.559,3.318105613
2009-03-27,6.68,2.0246,3.753931562
2009-03-28,14.87,1.752,5.403084542
2009-03-29,9.99,2.1512,5.290322517
2009-03-30,0,3.0424,3.60347688
2009-03-31,9.03,2.4553,4.345739407
2009-04-01,0,3.1921,3.134553776
2009-04-02,7.35,2.5297,3.770996688
2009-04-03,0,3.112,2.835081404
2009-04-04,0,3.5951,2.381849234
2009-04-05,5.41,2.852,2.976394562
2009-04-06,0,2.208,2.418191799
2009-04-07,0,2.6976,2.135246692
2009-04-08,0,3.576,1.971473235
2009-04-09,0,3.6251,1.873243781
2009-04-10,8.27,2.518,3.126942854
2009-04-11,0,3.3397,2.465206662
2009-04-12,29,2.4753,7.246097174
2009-04-13,17.51,1.4074,7.356248047
2009-04-14,0,3.0835,4.582677026
2009-04-15,0,3.7971,3.418933771
2009-04-16,0,3.7747,2.7498137
2009-04-17,0,3.7189,2.348753166
2009-04-18,31.53,2.437,7.598586922
2009-04-19,16.31,2.4919,7.316088443
2009-04-20,0,3.9726,4.598465855
2009-04-21,0,4.0053,3.432909861
2009-04-22,0,4.7372,2.761026126
2009-04-23,0,4.8098,2.35806394
2009-04-24,0,4.2308,2.113731896
2009-04-25,0,3.5106,1.96482535
2009-04-26,0,3.3077,1.873727747
2009-04-27,8.09,2.6207,3.082558121
2009-04-28,0,4.0615,2.457336525
2009-04-29,12.46,2.9275,4.260563656
2009-04-30,8.85,2.3105,4.52076005
2009-05-01,27.41,2.2642,8.052898468
2009-05-02,21.01,2.4754,8.458055275
2009-05-03,28.19,1.5197,10.16895493
2009-05-04,2.17,2.493,6.305202616
2009-05-05,10.09,2.4398,6.130729576
2009-05-06,8.76,3.2557,5.670171744
2009-05-07,0.95,5.3004,4.057247363
2009-05-08,23.26,3.6078,7.176919171
2009-05-09,12.55,3.0956,6.603826113
2009-05-10,0,3.8504,4.313176117
2009-05-11,0,4.374,3.275067749
2009-05-12,18.03,3.5279,5.75714154
2009-05-13,17.9,4.0921,6.909662823
2009-05-14,10.4,4.0667,6.151795554
2009-05-15,13.88,3.9979,6.534171335
2009-05-16,7.82,4.0013,5.608506124
2009-05-17,0,4.8454,3.878194486
2009-05-18,0,5.1299,3.02531628
2009-05-19,0,5.4992,2.527342692
2009-05-20,0,5.5958,2.227885363
2009-05-21,0,5.7116,2.046066589
2009-05-22,0,5.8711,1.935101341
2009-05-23,0,5.6816,1.867084479
2009-05-24,5.27,3.8754,2.614425431
2009-05-25,4,3.1355,2.888388802
2009-05-26,2.59,4.3423,2.79857499
2009-05-27,0,4.3947,2.34595074
2009-05-28,0,3.704,2.109441356
2009-05-29,0,5.5565,1.971731559
2009-05-30,0,6.0893,1.8889383
2009-05-31,0,6.0914,1.83839963
2009-06-01,0,5.9047,1.807202851
2009-06-02,0,5.4988,1.787722495
2009-06-03,4.68,3.1867,2.465077615
2009-06-04,0,4.6509,2.160562676
2009-06-05,0,5.5374,1.998039112
2009-06-06,0,5.6083,1.903060553
2009-06-07,0,4.6721,1.845787561
2009-06-08,0,4.5941,1.810661087
2009-06-09,0,4.9946,1.788817823
2009-06-10,17.98,4.3007,4.778803467
2009-06-11,2.66,4.3281,3.664718908
2009-06-12,21.84,3.854,6.653451811
2009-06-13,0,5.5404,4.119378264
2009-06-14,11.11,3.8617,5.031442985
2009-06-15,2.98,4.2728,3.993406633
2009-06-16,21.16,4.333,6.735496617
2009-06-17,0,5.5102,4.19617916
2009-06-18,0,5.0645,3.196611314
2009-06-19,0,4.9715,2.628429025
2009-06-20,0,5.057,2.288962982
2009-06-21,0,5.6758,2.083371998
2009-06-22,0,6.1091,1.958080732
2009-06-23,0,6.4318,1.881375775
2009-06-24,0,6.4352,1.834190124
2009-06-25,0,6.3828,1.804984842
2009-06-26,0,6.3063,1.786753394
2009-06-27,0,6.3318,1.775232562
2009-06-28,0,6.0651,1.76782434
2009-06-29,0,6.3872,1.762943321
2009-06-30,0,6.3527,1.759620643
2009-07-01,0,6.3186,1.757263245
2009-07-02,0,6.1317,1.755507375
2009-07-03,12.28,4.6199,3.707844469
2009-07-04,17.68,4.1467,5.850181578
2009-07-05,6.87,3.8127,4.925239531
2009-07-06,0,5.2914,3.478621953
2009-07-07,0,5.7879,2.782296353
2009-07-08,0,5.6309,2.37845433
2009-07-09,0,5.7612,2.136117683
2009-07-10,0,5.6606,1.989032301
2009-07-11,0,5.6232,1.899201999
2009-07-12,0,5.8874,1.844049351
2009-07-13,1.22,6.1179,1.973944153
2009-07-14,0,5.6466,1.889314058
2009-07-15,0,5.7552,1.837772032
2009-07-16,0,5.7743,1.805991713
2009-07-17,0,5.6573,1.786158599
2009-07-18,0,5.6603,1.77360088
2009-07-19,0,5.8203,1.765497975
2009-07-20,0,5.6466,1.760136808
2009-07-21,36.24,3.8151,8.051496278
2009-07-22,0,4.8007,4.594144963
2009-07-23,0,5.5516,3.419904978
2009-07-24,0,5.6739,2.760149707
2009-07-25,0,5.0799,2.366769551
2009-07-26,0,5.1206,2.12872212
2009-07-27,0,5.2312,1.983759854
2009-07-28,8.41,4.004,3.223393261
2009-07-29,0,4.9218,2.540675386
2009-07-30,8.09,3.2631,3.553113147
2009-07-31,8.21,3.8608,4.097368597
2009-08-01,6.63,3.8694,4.103963997
2009-08-02,1.96,4.932,3.339840888
2009-08-03,0,5.7146,2.669081957
2009-08-04,0,5.6871,2.304871143
2009-08-05,0,5.4433,2.090076661
2009-08-06,0,5.4131,1.960487676
2009-08-07,0,5.1518,1.881491765
2009-08-08,0,5.0239,1.832977091
2009-08-09,0,5.016,1.80295349
2009-08-10,35.1,3.9804,7.887346064
2009-08-11,34.18,3.9269,10.66414935
2009-08-12,0,5.0385,6.005129706
2009-08-13,0,5.1991,4.275674813
2009-08-14,0,5.0319,3.283545671
2009-08-15,0,4.992,2.688468608
2009-08-16,0,4.4732,2.32775373
2009-08-17,0,4.7251,2.108142252
2009-08-18,7,3.5329,3.061922595
2009-08-19,0,4.1926,2.477487957
2009-08-20,23.12,3.3002,6.199950811
2009-08-21,7.95,3.5011,5.227460806
2009-08-22,0,4.6825,3.625924262
2009-08-23,0,4.7117,2.872197237
2009-08-24,0,4.6974,2.436047946
2009-08-25,0,4.8516,2.17446128
2009-08-26,0,4.8718,2.015752064
2009-08-27,0,4.3692,1.918871369
2009-08-28,15.98,2.6148,4.513436944
2009-08-29,0,3.6297,3.120198234
2009-08-30,0,3.8367,2.558872907
2009-08-31,0,3.9622,2.24410322
2009-09-01,0,4.0575,2.057058676
2009-09-02,21.83,2.8117,5.671960859
2009-09-03,23.06,2.9315,7.710542542
2009-09-04,2.24,3.583,5.028603635
2009-09-05,0,3.7869,3.6522134
2009-09-06,0,3.8335,2.902991598
2009-09-07,0,4.2055,2.458789183
2009-09-08,0,4.317,2.19049308
2009-09-09,31.22,2.5582,7.454022223
2009-09-10,34.3,2.4369,10.54210923
2009-09-11,0,3.5735,5.94085603
2009-09-12,0,3.4833,4.24266602
2009-09-13,0,2.6977,3.269457283
2009-09-14,14.92,1.8067,5.196316589
2009-09-15,10.76,1.889,5.402035252
2009-09-16,11.82,1.621,5.730650395
2009-09-17,4,1.926,4.526134192
2009-09-18,0,3.0343,3.337896135
2009-09-19,2.43,2.4958,3.093219471
2009-09-20,0,2.8519,2.554862766
2009-09-21,36.12,2.8516,8.616373005
2009-09-22,44.15,2.2635,12.8580277
2009-09-23,2.11,2.5947,7.334682894
2009-09-24,0,2.9283,5.035505286
2009-09-25,0,3.3007,3.75193424
2009-09-26,0,3.3332,2.985015475
2009-09-27,0,3.467,2.520712183
2009-09-28,0,3.2415,2.238287497
2009-09-29,0,2.8936,2.066017979
2009-09-30,0,2.9495,1.960675979
2009-10-01,0,3.1556,1.896067339
2009-10-02,0,2.7928,1.856279718
2009-10-03,0,2.6028,1.831633126
2009-10-04,2,1.9843,2.08554155
2009-10-05,2,1.8007,2.265254889
2009-10-06,7.08,1.7132,3.224044015
2009-10-07,5.32,2.0366,3.435743018
2009-10-08,44.3,2.0576,10.61403454
2009-10-09,95.85,1.8102,23.26688402
2009-10-10,0,1.8974,11.26784735
2009-10-11,0,1.6318,7.443239235
2009-10-12,3,1.3797,5.696697705
2009-10-13,11.53,1.1225,6.095338373
2009-10-14,5.05,1.4031,5.013332408
2009-10-15,0.97,1.5851,3.784947903
2009-10-16,0,1.5888,2.984362832
2009-10-17,1.03,1.5288,2.6749341
2009-10-18,0,1.7086,2.333898513
2009-10-19,0,1.9264,2.131047933
2009-10-20,0,2.0289,2.00829255
2009-10-21,0,1.6989,1.93336217
2009-10-22,20.14,1.2137,5.287680874
2009-10-23,4.62,1.2142,4.261834283
2009-10-24,0,1.5623,3.162818384
2009-10-25,7.6,1.369,3.870031674
2009-10-26,10.83,1.2007,4.785008336
2009-10-27,12.46,1.0101,5.509792325
2009-10-28,1.29,1.5512,3.929192707
2009-10-29,22.43,1.4367,6.967184954
2009-10-30,27.93,1.3123,9.310921645
2009-10-31,0,1.4421,5.46105835
2009-11-01,0,1.5417,3.977563484
2009-11-02,0,1.6304,3.127130909
2009-11-03,0,1.515,2.617394949
2009-11-04,0,1.4669,2.308472459
2009-11-05,0,1.4079,2.120368083
2009-11-06,0,1.5319,2.005460303
2009-11-07,0,1.5968,1.935038719
2009-11-08,0,1.5045,1.891705041
2009-11-09,0,1.388,1.864889067
2009-11-10,0,1.3689,1.848159094
2009-11-11,0,1.2047,1.837597219
2009-11-12,0,1.1836,1.830814504
2009-11-13,0,1.1922,1.826352833
2009-11-14,0,1.2566,1.823321216
2009-11-15,19.7,1.0797,5.096160504
2009-11-16,12.09,0.8609,5.507997673
2009-11-17,2,0.6598,4.043365029
2009-11-18,1,0.6991,3.260990018
2009-11-19,0,0.9285,2.676631526
2009-11-20,5,0.8795,3.128610888
2009-11-21,1.33,0.9781,2.768061985
2009-11-22,0,0.9756,2.373977649
2009-11-23,0,0.9783,2.154792651
2009-11-24,0,0.8765,2.025000921
2009-11-25,0,0.7969,1.946479314
2009-11-26,0,0.7223,1.89841912
2009-11-27,0,0.7685,1.86871943
2009-11-28,0,0.9312,1.850170439
2009-11-29,5,0.8335,2.578529879
2009-11-30,0,0.7157,2.250472408
2009-12-01,0,0.6791,2.077218221
2009-12-02,0,0.6668,1.976271944
2009-12-03,0,0.5591,1.915506319
2009-12-04,0,0.5043,1.878304692
2009-12-05,0,0.5171,1.855225877
2009-12-06,0,0.5684,1.840706646
2009-12-07,0,0.5492,1.83141336
2009-12-08,5.9,0.5778,2.709548909
2009-12-09,0,0.4832,2.315344128
2009-12-10,0,0.4181,2.113297675
2009-12-11,0,0.4711,1.996439049
2009-12-12,2.04,0.5738,2.22119482
2009-12-13,0,0.6625,2.056129493
2009-12-14,0,0.6368,1.961293525
2009-12-15,0,0.497,1.904487608
2009-12-16,0,0.509,1.869755777
2009-12-17,0,0.5982,1.848193142
2009-12-18,0,0.6009,1.83459613
2009-12-19,0,0.5167,1.825859664
2009-12-20,0,0.5544,1.820109918
2009-12-21,0,0.5486,1.816207956
2009-12-22,0,0.7323,1.813457738
2009-12-23,4.77,0.7252,2.501628171
2009-12-24,14.56,0.6423,4.692143596
2009-12-25,19.6,0.4489,6.673446619
2009-12-26,0,0.4393,4.176237108
2009-12-27,0,0.4435,3.204485381
2009-12-28,0,0.4759,2.653351568
2009-12-29,0,0.5048,2.324294613
2009-12-30,2,0.5334,2.413986377
2009-12-31,0,0.5332,2.172862159
