"Date","P","E","Q"
2005-01-01,0,0.9428,0.092381718
2005-01-02,0,0.9377,0.092978572
2005-01-03,28.38,0.8657,13.67108023
2005-01-04,37.25,0.727,17.12845472
2005-01-05,52.07,0.6537,22.82452383
2005-01-06,6.81,0.4365,2.891730297
2005-01-07,0,0.4832,0.093968248
2005-01-08,0,0.6059,0.094056744
2005-01-09,0,0.7575,0.094130223
2005-01-10,0,0.854,0.094191808
2005-01-11,0,0.9212,0.094243902
2005-01-12,0,0.9612,0.094288278
2005-01-13,44.78,0.739,13.10439592
2005-01-14,0,0.5918,0.09436579
2005-01-15,0,0.5885,0.094397146
2005-01-16,0,0.5436,0.094424578
2005-01-17,0,0.5343,0.094448653
2005-01-18,0,0.6298,0.094469683
2005-01-19,0,0.7941,0.094487987
2005-01-20,0,0.9408,0.094503836
2005-01-21,0,0.9727,0.094517519
2005-01-22,0,0.8623,0.094529353
2005-01-23,0,0.6258,0.09453967
2005-01-24,0,0.7767,0.094548567
2005-01-25,0,1.0463,0.094556067
2005-01-26,0,1.1025,0.094562294
2005-01-27,0,0.9019,0.094567479
2005-01-28,0,0.6924,0.094571832
2005-01-29,7,0.5504,1.110727024
2005-01-30,0,0.6685,0.094579673
2005-01-31,3,0.6448,0.503475435
2005-02-01,0,0.7124,0.094585671
2005-02-02,6.06,0.6356,0.885285876
2005-02-03,0,0.9668,0.094590473
2005-02-04,0,1.109,0.094592046
2005-02-05,0,1.2206,0.094593087
2005-02-06,6.5,1.0771,0.877404902
2005-02-07,4.57,1.0562,0.635196896
2005-02-08,0,1.0987,0.094595536
2005-02-09,5.19,0.9087,0.691277236
2005-02-10,0,1.1116,0.094596151
2005-02-11,0,1.315,0.094595835
2005-02-12,0,1.4144,0.0945951
2005-02-13,10,1.2747,1.194427653
2005-02-14,0,1.7343,0.094593801
2005-02-15,0,1.9302,0.094592364
2005-02-16,0,1.6916,0.094590519
2005-02-17,0,1.2488,0.094588242
2005-02-18,0,1.461,0.094585468
2005-02-19,3.3,1.2448,0.440988117
2005-02-20,0,1.8874,0.094579702
2005-02-21,4.53,1.7143,0.565586547
2005-02-22,0,1.7733,0.09457333
2005-02-23,15.47,1.2676,1.692416772
2005-02-24,4.02,1.1443,0.507628328
2005-02-25,0,1.7049,0.094566097
2005-02-26,0,1.9004,0.0945631
2005-02-27,0,1.8419,0.09455946
2005-02-28,0,1.5018,0.094555397
2005-03-01,0,1.4992,0.094550944
2005-03-02,0,1.7286,0.094546015
2005-03-03,0,1.9588,0.094540529
2005-03-04,0,2.2214,0.094534392
2005-03-05,0,2.2613,0.094527628
2005-03-06,0,2.3404,0.094520238
2005-03-07,0,2.3512,0.094512254
2005-03-08,0.4,1.8854,0.134434297
2005-03-09,0,1.6717,0.094496449
2005-03-10,0,2.0267,0.094488527
2005-03-11,0,2.1982,0.094480093
2005-03-12,0,2.7128,0.094470897
2005-03-13,0,2.8065,0.094460928
2005-03-14,0,2.0585,0.094450639
2005-03-15,0,1.8443,0.09444016
2005-03-16,0,1.8218,0.094429505
2005-03-17,0,2.2555,0.094418429
2005-03-18,0,2.5308,0.094406785
2005-03-19,0,2.5321,0.094394595
2005-03-20,0,2.7414,0.094381751
2005-03-21,16.87,2.191,1.774037617
2005-03-22,17.89,1.3409,1.875724164
2005-03-23,8.09,1.4944,0.89920488
2005-03-24,0,2.2697,0.094344098
2005-03-25,10,1.8736,1.088761659
2005-03-26,0,1.1752,0.094328613
2005-03-27,5.98,1.133,0.688760367
2005-03-28,0,2.7742,0.094314127
2005-03-29,0,3.4156,0.094305761
2005-03-30,0,2.9129,0.094296203
2005-03-31,0,3.3239,0.094285252
2005-04-01,14.75,2.5687,1.559654506
2005-04-02,0,3.1072,0.094265093
2005-04-03,0,3.6046,0.094253937
2005-04-04,0,3.6923,0.094241145
2005-04-05,0,2.8015,0.094227413
2005-04-06,19.09,2.4926,1.990378216
2005-04-07,9.31,1.7499,1.018670354
2005-04-08,0,3.458,0.09419314
2005-04-09,0,3.9565,0.094180547
2005-04-10,0,3.6903,0.094166213
2005-04-11,20.15,2.8111,2.095040854
2005-04-12,5.53,3.081,0.642755357
2005-04-13,0,3.0733,0.094128371
2005-04-14,0,3.6778,0.094114471
2005-04-15,0,4.267,0.094098254
2005-04-16,0,4.4271,0.094079667
2005-04-17,0,4.3596,0.094058826
2005-04-18,0,4.2905,0.09403582
2005-04-19,0,3.7688,0.094011118
2005-04-20,0,3.7219,0.093984745
2005-04-21,0,4.1957,0.093956232
2005-04-22,0,4.6282,0.093925121
2005-04-23,0,3.6844,0.093892274
2005-04-24,0,3.7339,0.093857558
2005-04-25,0,3.6422,0.093820966
2005-04-26,10,2.9246,1.086020389
2005-04-27,0,3.9612,0.093749762
2005-04-28,6.77,3.3976,0.765211842
2005-04-29,3.58,3.3677,0.448622419
2005-04-30,0,3.6468,0.093641627
2005-05-01,0,3.7698,0.093603488
2005-05-02,0,3.5154,0.093562498
2005-05-03,0,3.8913,0.093517909
2005-05-04,0,4.3288,0.093468766
2005-05-05,0,4.3276,0.093414667
2005-05-06,0,4.6106,0.093354596
2005-05-07,0,4.7126,0.093287629
2005-05-08,0,4.2013,0.093213814
2005-05-09,7.59,3.2795,0.846009782
2005-05-10,0,5.1547,0.09305697
2005-05-11,0,5.1766,0.092970798
2005-05-12,0,5.0815,0.09288223
2005-05-13,0,4.2167,0.092793746
2005-05-14,21.43,3.4712,2.219746581
2005-05-15,0,4.6097,0.092631225
2005-05-16,0,4.6549,0.092544363
2005-05-17,0,5.0103,0.092456201
2005-05-18,0,5.065,0.092368123
2005-05-19,0,4.8535,0.092280128
2005-05-20,0,4.9445,0.092192218
2005-05-21,0,5.6559,0.092104391
2005-05-22,0,5.2745,0.092016648
2005-05-23,42.44,4.1069,4.305735742
2005-05-24,7.85,3.7887,0.870520553
2005-05-25,12.02,3.5553,1.284438216
2005-05-26,0,4.8957,0.0917966
2005-05-27,0,4.3214,0.091713579
2005-05-28,0,5.1904,0.091626208
2005-05-29,0,5.2831,0.09153892
2005-05-30,0,5.2655,0.091451716
2005-05-31,0,5.2797,0.091364594
2005-06-01,0,4.7874,0.091277556
2005-06-02,0,5.2214,0.091190601
2005-06-03,0,5.3,0.091103728
2005-06-04,0,4.5449,0.091016938
2005-06-05,10.94,4.121,1.176205745
2005-06-06,1.5,4.6127,0.239494195
2005-06-07,0,5.2545,0.090816815
2005-06-08,0,5.2811,0.09073265
2005-06-09,6.92,4.3334,0.776910375
2005-06-10,0,5.1997,0.090602662
2005-06-11,0,5.1126,0.09052045
2005-06-12,4.21,4.2923,0.507818609
2005-06-13,33.3,4.5695,3.396065371
2005-06-14,22.82,4.3704,2.355383684
2005-06-15,0,5.911,0.090634604
2005-06-16,10.88,4.5196,1.169839577
2005-06-17,9.1,3.8126,0.993254929
2005-06-18,0,5.5655,0.090541774
2005-06-19,0,5.7176,0.090464203
2005-06-20,0,5.9417,0.090378023
2005-06-21,0,5.9097,0.090291924
2005-06-22,0,6.0002,0.090205908
2005-06-23,0,5.9681,0.090119973
2005-06-24,0,6.0301,0.090034121
2005-06-25,0,6.0214,0.08994835
2005-06-26,0,5.9215,0.08986266
2005-06-27,0,5.9224,0.089777053
2005-06-28,0,6.0843,0.089691527
2005-06-29,0,6.1319,0.089606082
2005-06-30,0,6.1279,0.089520719
2005-07-01,20.05,5.0343,2.079192184
2005-07-02,0,5.6534,0.089727407
2005-07-03,0,5.9743,0.089671747
2005-07-04,9.98,4.564,1.079612447
2005-07-05,0,5.2616,0.089691252
2005-07-06,0,5.6623,0.089622519
2005-07-07,0,5.7912,0.08953714
2005-07-08,0,5.945,0.089451842
2005-07-09,0,5.8176,0.089366626
2005-07-10,0,5.6994,0.089281491
2005-07-11,0,5.3299,0.089196437
2005-07-12,0,5.6655,0.089111465
2005-07-13,0,5.6147,0.089026573
2005-07-14,0,5.6126,0.088941762
2005-07-15,4.06,4.2614,0.491461183
2005-07-16,0,5.8032,0.088936428
2005-07-17,0,5.5508,0.088866319
2005-07-18,0,5.3,0.088781661
2005-07-19,0,5.5881,0.088697083
2005-07-20,0,5.6012,0.088612586
2005-07-21,0,5.8055,0.088528169
2005-07-22,0,6.1221,0.088443833
2005-07-23,0,6.3809,0.088359577
2005-07-24,5.33,4.6067,0.617004356
2005-07-25,0,5.6051,0.088557496
2005-07-26,0,5.3853,0.088502181
2005-07-27,27.7,4.7792,2.838501263
2005-07-28,0,5.0726,0.089391708
2005-07-29,0,5.5375,0.089365712
2005-07-30,0,5.5654,0.089280578
2005-07-31,0,5.6531,0.089195525
2005-08-01,0,5.8266,0.089110553
2005-08-02,0,5.816,0.089025662
2005-08-03,0,5.7346,0.088940851
2005-08-04,0,5.727,0.088856122
2005-08-05,5.06,4.6468,0.590594041
2005-08-06,0.38,5.1453,0.126524878
2005-08-07,19.36,4.1084,2.010542647
2005-08-08,0,5.3976,0.089378283
2005-08-09,0,5.1736,0.089336664
2005-08-10,0,5.173,0.089251558
2005-08-11,0,5.1166,0.089166532
2005-08-12,0,4.9467,0.089081588
2005-08-13,0,4.9952,0.088996724
2005-08-14,13.76,3.7128,1.454532083
2005-08-15,24.08,2.3773,2.48046299
2005-08-16,17.53,2.9254,1.82984761
2005-08-17,0.08,3.6748,0.097940367
2005-08-18,0,4.3407,0.089991078
2005-08-19,0,4.4911,0.089922645
2005-08-20,0,4.6408,0.08983698
2005-08-21,0,4.5686,0.089751397
2005-08-22,0,4.085,0.089665896
2005-08-23,0,3.7881,0.089580476
2005-08-24,0,4.4611,0.089495137
2005-08-25,0,4.6316,0.089409879
2005-08-26,0,4.6486,0.089324703
2005-08-27,0,4.7044,0.089239608
2005-08-28,0,4.6944,0.089154594
2005-08-29,0,4.751,0.089069661
2005-08-30,0,4.7405,0.088984809
2005-08-31,0,4.9101,0.088900038
2005-09-01,0,4.9904,0.088815347
2005-09-02,0,4.878,0.088730738
2005-09-03,0,4.7095,0.088646208
2005-09-04,0,4.4635,0.08856176
2005-09-05,0,4.6222,0.088477391
2005-09-06,0,4.5267,0.088393104
2005-09-07,0,4.33,0.088308896
2005-09-08,0,4.377,0.088224769
2005-09-09,0,4.4838,0.088140721
2005-09-10,0,4.4189,0.088056754
2005-09-11,0,4.2976,0.087972867
2005-09-12,0,4.0877,0.08788906
2005-09-13,0,4.1103,0.087805333
2005-09-14,17.28,3.1926,1.803724869
2005-09-15,28.24,2.4091,2.893616779
2005-09-16,4.28,2.4496,0.514278105
2005-09-17,0,3.4685,0.089860527
2005-09-18,0,3.801,0.089817825
2005-09-19,0,3.8465,0.08973226
2005-09-20,0,3.6858,0.089646777
2005-09-21,0,3.8591,0.089561375
2005-09-22,0,3.8016,0.089476055
2005-09-23,0,3.6161,0.089390815
2005-09-24,0,3.299,0.089305657
2005-09-25,6.73,2.0279,0.757061953
2005-09-26,0,3.0894,0.089315654
2005-09-27,0,3.2336,0.089246469
2005-09-28,0,3.1036,0.089161448
2005-09-29,0,2.9214,0.089076509
2005-09-30,0,2.7268,0.08899165
2005-10-01,0,2.8592,0.088906872
2005-10-02,0,2.7957,0.088822175
2005-10-03,0,2.7081,0.088737559
2005-10-04,0,2.8783,0.088653023
2005-10-05,0,3.0134,0.088568568
2005-10-06,8,2.3994,0.882520504
2005-10-07,0,1.9177,0.088821268
2005-10-08,0,2.1873,0.088769094
2005-10-09,0,2.2856,0.088684529
2005-10-10,0,2.3359,0.088600043
2005-10-11,0,2.3124,0.088515639
2005-10-12,0,2.4185,0.088431314
2005-10-13,0,2.4019,0.088347071
2005-10-14,0,2.4054,0.088262907
2005-10-15,0,2.4433,0.088178823
2005-10-16,0,2.4552,0.08809482
2005-10-17,0,2.467,0.088010896
2005-10-18,0,2.5248,0.087927053
2005-10-19,0,2.4698,0.087843289
2005-10-20,2.21,2.2203,0.307067012
2005-10-21,0,1.4865,0.087960414
2005-10-22,0,1.6082,0.087900218
2005-10-23,0,1.6028,0.08781648
2005-10-24,0,1.2766,0.087732822
2005-10-25,0,1.3467,0.087649244
2005-10-26,0,1.4135,0.087565745
2005-10-27,0,1.4703,0.087482325
2005-10-28,0,1.499,0.087398985
2005-10-29,0,1.4985,0.087315725
2005-10-30,0,1.5118,0.087232544
2005-10-31,18.49,1.1798,1.924997053
2005-11-01,22.08,1.1461,2.28266087
2005-11-02,0,1.4449,0.089817246
2005-11-03,0,1.5962,0.08996268
2005-11-04,0,1.5099,0.090014524
2005-11-05,0,1.43,0.089966757
2005-11-06,0,1.3944,0.089881051
2005-11-07,0,1.4281,0.089795425
2005-11-08,0,1.5342,0.089709882
2005-11-09,0,1.3832,0.08962442
2005-11-10,0,1.181,0.089539039
2005-11-11,0,1.1838,0.08945374
2005-11-12,0,1.2339,0.089368522
2005-11-13,0,1.2018,0.089283385
2005-11-14,0,1.1278,0.08919833
2005-11-15,11.81,1.0375,1.26201371
2005-11-16,0,0.8106,0.08942753
2005-11-17,0,0.7676,0.089420228
2005-11-18,0,0.8243,0.089361972
2005-11-19,0,0.9071,0.089276842
2005-11-20,0,0.8402,0.089191792
2005-11-21,0,0.782,0.089106824
2005-11-22,0,0.8039,0.089021937
2005-11-23,0,0.8684,0.08893713
2005-11-24,0,0.9347,0.088852404
2005-11-25,0,0.7614,0.088767759
2005-11-26,0,0.8763,0.088683194
2005-11-27,0,0.9616,0.088598711
2005-11-28,0,0.8338,0.088514307
2005-11-29,0,0.5972,0.088429984
2005-11-30,0,0.5743,0.088345741
2005-12-01,0,0.5852,0.088261579
2005-12-02,0,0.5702,0.088177497
2005-12-03,0,0.6942,0.088093495
2005-12-04,0,0.62,0.088009572
2005-12-05,0,0.4736,0.08792573
2005-12-06,0,0.4989,0.087841968
2005-12-07,0,0.503,0.087758285
2005-12-08,1,0.4398,0.186977736
2005-12-09,0,0.3928,0.087744215
2005-12-10,0,0.4777,0.087674333
2005-12-11,0,0.572,0.087595779
2005-12-12,0,0.6093,0.087512331
2005-12-13,0,0.5636,0.087428963
2005-12-14,4.07,0.6016,0.491857779
2005-12-15,0,0.5435,0.087936667
2005-12-16,0,0.5038,0.087900966
2005-12-17,0,0.5385,0.087834205
2005-12-18,0,0.5498,0.08775053
2005-12-19,0,0.4872,0.087666934
2005-12-20,0,0.4815,0.087583418
2005-12-21,0,0.5449,0.087499982
2005-12-22,0,0.553,0.087416625
2005-12-23,0,0.6604,0.087333348
2005-12-24,0,0.7089,0.08725015
2005-12-25,7.13,0.5688,0.796064643
2005-12-26,0,0.6258,0.088281921
2005-12-27,0,0.7999,0.088287209
2005-12-28,0,0.7371,0.088233726
2005-12-29,0,0.6315,0.088149671
2005-12-30,0,0.6886,0.088065695
2005-12-31,0,0.6712,0.087981799
2006-01-01,0,0.8335,0.087897984
2006-01-02,0,0.8478,0.087814248
2006-01-03,0,0.6607,0.087730592
2006-01-04,0,0.7642,0.087647015
2006-01-05,0,0.6896,0.087563518
2006-01-06,0,0.6367,0.087480101
2006-01-07,0,0.6886,0.087396763
2006-01-08,0,0.9217,0.087313505
2006-01-09,0,0.7703,0.087230326
2006-01-10,11.8,0.6315,1.260406058
2006-01-11,0,0.6994,0.088694991
2006-01-12,0,0.8375,0.088784352
2006-01-13,7.11,0.8218,0.794828466
2006-01-14,0,0.6953,0.089049357
2006-01-15,0,0.8875,0.089014013
2006-01-16,0,0.9831,0.088946681
2006-01-17,0,0.797,0.088861946
2006-01-18,0,0.7319,0.088777292
2006-01-19,0,0.9887,0.088692718
2006-01-20,0,1.0716,0.088608225
2006-01-21,0,0.8747,0.088523813
2006-01-22,0,0.7309,0.088439481
2006-01-23,0,0.7438,0.088355229
2006-01-24,0,0.8721,0.088271058
2006-01-25,0,0.9068,0.088186966
2006-01-26,0,0.9605,0.088102955
2006-01-27,0,1.0546,0.088019024
2006-01-28,14.34,0.9122,1.512904968
2006-01-29,14.03,0.9246,1.482675595
2006-01-30,0,1.0017,0.089583486
2006-01-31,0,1.0468,0.089706343
2006-02-01,0,1.1934,0.089738077
2006-02-02,0,1.242,0.089653879
2006-02-03,0,1.2117,0.08956847
2006-02-04,0,0.997,0.089483143
2006-02-05,0,0.9537,0.089397897
2006-02-06,0,0.9646,0.089312732
2006-02-07,0,1.0119,0.089227648
2006-02-08,0,1.0487,0.089142646
2006-02-09,0,1.0487,0.089057724
2006-02-10,0,1.0742,0.088972883
2006-02-11,0,1.0358,0.088888123
2006-02-12,0,0.9181,0.088803444
2006-02-13,0,1.1001,0.088718846
2006-02-14,0,1.3693,0.088634328
2006-02-15,0,1.6352,0.088549891
2006-02-16,0,1.7793,0.088465534
2006-02-17,0,1.2738,0.088381257
2006-02-18,12,0.8081,1.280554028
2006-02-19,0,0.6074,0.089030908
2006-02-20,0,0.7723,0.089093232
2006-02-21,0,1.0448,0.089056753
2006-02-22,0,1.2992,0.088971913
2006-02-23,0,1.6417,0.088887154
2006-02-24,0,1.9059,0.088802476
2006-02-25,0,1.8992,0.088717879
2006-02-26,0,1.8187,0.088633362
2006-02-27,0,2.0567,0.088548925
2006-02-28,0,2.2752,0.088464569
2006-03-01,0,2.5362,0.088380293
2006-03-02,0,2.6373,0.088296098
2006-03-03,0,1.9434,0.088211983
2006-03-04,0,1.9798,0.088127948
2006-03-05,0,2.0865,0.088043993
2006-03-06,0,2.362,0.087960118
2006-03-07,0,2.4548,0.087876323
2006-03-08,0,2.0409,0.087792608
2006-03-09,28.81,1.7823,2.950406818
2006-03-10,3.98,2.0205,0.484242427
2006-03-11,2,2.7715,0.287838968
2006-03-12,20.24,2.2381,2.099228119
2006-03-13,5.62,2.3476,0.647420244
2006-03-14,0,2.1351,0.089958551
2006-03-15,0,2.4636,0.08990317
2006-03-16,0,2.4003,0.089817524
2006-03-17,0,2.4567,0.08973196
2006-03-18,0,1.9019,0.089646477
2006-03-19,6.02,1.2558,0.687052965
2006-03-20,12.19,1.1739,1.30006157
2006-03-21,5,1.1277,0.585997543
2006-03-22,0,1.0618,0.089851106
2006-03-23,2.29,1.3618,0.316924416
2006-03-24,0,2.105,0.089761641
2006-03-25,0,2.4077,0.089683771
2006-03-26,0,2.7403,0.089598334
2006-03-27,0,3.0003,0.089512978
2006-03-28,0,3.0104,0.089427704
2006-03-29,0,3.3259,0.089342511
2006-03-30,0,2.9656,0.089257399
2006-03-31,0,3.2051,0.089172368
2006-04-01,0,3.639,0.089087418
2006-04-02,15,3.0658,1.577920286
2006-04-03,0,3.6914,0.089356941
2006-04-04,0,3.3905,0.089305349
2006-04-05,3.59,2.9925,0.445247487
2006-04-06,0,3.1188,0.089250358
2006-04-07,12.29,2.7906,1.308976868
2006-04-08,0,3.5531,0.089412498
2006-04-09,0,3.5299,0.08935422
2006-04-10,0,3.9424,0.089269096
2006-04-11,0,3.9963,0.089184054
2006-04-12,0,4.2362,0.089099093
2006-04-13,0,4.476,0.089014213
2006-04-14,0,4.5544,0.088929414
2006-04-15,0,4.0426,0.088844695
2006-04-16,0,4.4569,0.088760058
2006-04-17,0,5.0707,0.088675501
2006-04-18,0,5.2536,0.088591024
2006-04-19,0,4.8937,0.088506628
2006-04-20,0,4.2883,0.088422312
2006-04-21,0,4.0817,0.088338077
2006-04-22,0,4.6129,0.088253922
2006-04-23,0,4.7831,0.088169847
2006-04-24,10,3.7013,1.080643357
2006-04-25,38.39,2.85,3.901866521
2006-04-26,0,2.2606,0.089887888
2006-04-27,0,3.529,0.089950626
2006-04-28,0,3.9249,0.089913742
2006-04-29,51,2.3506,5.156401376
2006-04-30,11.02,3.0564,1.183899248
2006-05-01,9.16,3.588,0.999272952
2006-05-02,4,3.7215,0.487242118
2006-05-03,0,4.4148,0.090634939
2006-05-04,28.28,3.5608,2.898043908
2006-05-05,20.63,2.9586,2.138538279
2006-05-06,10.36,2.6052,1.118808956
2006-05-07,7.71,2.1879,0.855844758
2006-05-08,0,4.3032,0.090844235
2006-05-09,0.03,4.4176,0.093740742
2006-05-10,32.94,3.8056,3.36095868
2006-05-11,0,3.909,0.090803587
2006-05-12,0,4.3438,0.090738947
2006-05-13,0,4.8551,0.090652505
2006-05-14,0,4.5619,0.090566145
2006-05-15,0,4.1988,0.090479867
2006-05-16,0,4.3295,0.090393672
2006-05-17,0,4.866,0.090307558
2006-05-18,0,5.2988,0.090221527
2006-05-19,0,5.7484,0.090135578
2006-05-20,0,6.053,0.09004971
2006-05-21,0,5.2879,0.089963924
2006-05-22,0,5.2739,0.08987822
2006-05-23,0,5.1757,0.089792598
2006-05-24,0,5.4963,0.089707057
2006-05-25,0,5.6182,0.089621598
2006-05-26,0,5.3407,0.08953622
2006-05-27,0,5.5437,0.089450924
2006-05-28,0,5.269,0.089365708
2006-05-29,0,4.97,0.089280574
2006-05-30,0,5.706,0.089195521
2006-05-31,16.84,3.7006,1.760547495
2006-06-01,7.37,3.4608,0.820572511
2006-06-02,13.25,4.0911,1.404296693
2006-06-03,0,5.6766,0.089728205
2006-06-04,0,5.6461,0.089668893
2006-06-05,4.01,4.1498,0.48717677
2006-06-06,13.93,3.6809,1.471929717
2006-06-07,17.16,3.8385,1.792768187
2006-06-08,0,6.1181,0.08992602
2006-06-09,0,6.1391,0.089867069
2006-06-10,0,5.9816,0.089781458
2006-06-11,0,5.4131,0.089695927
2006-06-12,0,4.7464,0.089610479
2006-06-13,0,5.3029,0.089525111
2006-06-14,0,5.8838,0.089439826
2006-06-15,0,6.1129,0.089354621
2006-06-16,0,5.7374,0.089269497
2006-06-17,5.98,4.2686,0.682275365
2006-06-18,7.61,4.1171,0.8441404
2006-06-19,0,5.7327,0.089386149
2006-06-20,0,6.1228,0.089321913
2006-06-21,0,5.6631,0.089236821
2006-06-22,0,5.7584,0.089151809
2006-06-23,37.6,3.977,3.822694822
2006-06-24,0,5.6525,0.089795873
2006-06-25,2.07,5.8002,0.294861131
2006-06-26,0,5.9319,0.089726559
2006-06-27,0,5.881,0.089650486
2006-06-28,0,6.2595,0.089565081
2006-06-29,0,6.3524,0.089479757
2006-06-30,0,6.34,0.089394514
2006-07-01,0,6.1966,0.089309352
2006-07-02,0,5.9942,0.089224272
2006-07-03,0,5.7617,0.089139273
2006-07-04,0,5.011,0.089054354
2006-07-05,10.54,4.0893,1.134768716
2006-07-06,0,5.4949,0.089224295
2006-07-07,0,5.5592,0.089166673
2006-07-08,0,5.9589,0.089081729
2006-07-09,0,5.9728,0.088996865
2006-07-10,0,5.6235,0.088912082
2006-07-11,14.02,4.2997,1.480163079
2006-07-12,21.88,4.2154,2.261029269
2006-07-13,0,5.1412,0.089649468
2006-07-14,9.45,4.6608,1.02699953
2006-07-15,0,5.8212,0.08970027
2006-07-16,0,5.8314,0.089633927
2006-07-17,0,5.9414,0.089548537
2006-07-18,0,6.1921,0.089463229
2006-07-19,0,6.3069,0.089378002
2006-07-20,0,6.2802,0.089292856
2006-07-21,0,5.9918,0.089207791
2006-07-22,0,5.9666,0.089122808
2006-07-23,0,5.5338,0.089037905
2006-07-24,0,5.6559,0.088953083
2006-07-25,0,5.7896,0.088868342
2006-07-26,0,5.5103,0.088783682
2006-07-27,0,5.369,0.088699102
2006-07-28,6.7,3.646,0.753337882
2006-07-29,0,5.0826,0.088853547
2006-07-30,0,5.5941,0.088795192
2006-07-31,0,5.605,0.088710601
2006-08-01,0,5.4774,0.088626091
2006-08-02,0,5.379,0.088541661
2006-08-03,0,5.0249,0.088457312
2006-08-04,0,5.5073,0.088373044
2006-08-05,0,5.9137,0.088288855
2006-08-06,0,5.8,0.088204747
2006-08-07,10,4.3408,1.080559915
2006-08-08,0,5.2407,0.088712591
2006-08-09,0,5.0844,0.088673512
2006-08-10,0,5.304,0.088589037
2006-08-11,22.59,4.0084,2.331220417
2006-08-12,0,4.897,0.089296498
2006-08-13,0,5.0896,0.089264837
2006-08-14,0,5.1728,0.089179799
2006-08-15,22.37,3.5728,2.30984995
2006-08-16,0,4.9695,0.08956224
2006-08-17,0,5.381,0.089516636
2006-08-18,0,5.3922,0.089431358
2006-08-19,0,5.3674,0.089346161
2006-08-20,0,5.0297,0.089261046
2006-08-21,0,4.4887,0.089176011
2006-08-22,24.64,3.4284,2.535409328
2006-08-23,0,3.9577,0.089601303
2006-08-24,0,4.706,0.089557798
2006-08-25,0,4.2675,0.08947248
2006-08-26,0,4.1525,0.089387245
2006-08-27,19.74,3.3194,2.048842948
2006-08-28,29.58,2.528,3.027138972
2006-08-29,6.72,3.1696,0.756694351
2006-08-30,0,4.2476,0.090164236
2006-08-31,0,4.336,0.09010609
2006-09-01,0,4.3915,0.09002025
2006-09-02,0,4.1714,0.089934493
2006-09-03,0,4.0071,0.089848817
2006-09-04,0,3.4778,0.089763223
2006-09-05,0,3.8067,0.08967771
2006-09-06,0,4.0986,0.089592278
2006-09-07,0,4.1387,0.089506928
2006-09-08,0,4.2063,0.08942166
2006-09-09,0,4.201,0.089336472
2006-09-10,0,4.2008,0.089251366
2006-09-11,25.82,2.9677,2.652921707
2006-09-12,0,3.5228,0.089666358
2006-09-13,0,3.5582,0.089623724
2006-09-14,0,3.7721,0.089538344
2006-09-15,0,3.8465,0.089453046
2006-09-16,0,3.9938,0.089367829
2006-09-17,69.62,2.8448,7.006451724
2006-09-18,50.35,2.3963,5.092159709
2006-09-19,0,3.1897,0.090978406
2006-09-20,0,3.3177,0.091131376
2006-09-21,0,3.0163,0.091217071
2006-09-22,9.3,2.8143,1.013962464
2006-09-23,25.65,2.6288,2.637976911
2006-09-24,0,2.7499,0.091407444
2006-09-25,0,2.7569,0.091420568
2006-09-26,0,3.1351,0.09138821
2006-09-27,0,3.122,0.09131004
2006-09-28,0,2.9139,0.091223054
2006-09-29,0,2.5984,0.091136151
2006-09-30,0,2.9529,0.09104933
2006-10-01,0,3.1739,0.090962592
2006-10-02,0,2.9966,0.090875936
2006-10-03,0,2.9818,0.090789364
2006-10-04,0,2.9137,0.090702873
2006-10-05,0,2.7922,0.090616465
2006-10-06,0,2.4126,0.09053014
2006-10-07,0,2.5473,0.090443896
2006-10-08,0,2.5209,0.090357735
2006-10-09,0,2.4563,0.090271656
2006-10-10,0,2.2999,0.090185659
2006-10-11,0,2.0301,0.090099743
2006-10-12,0.73,1.9603,0.16234359
2006-10-13,0,1.7723,0.089937102
2006-10-14,0,2.0162,0.089852297
2006-10-15,0,1.9832,0.0897667
2006-10-16,35.81,1.1409,3.648157306
2006-10-17,7.3,1.581,0.814683558
2006-10-18,0,2.1438,0.090350741
2006-10-19,6.63,1.4009,0.748362392
2006-10-20,0,1.539,0.090450427
2006-10-21,0,1.734,0.090425135
2006-10-22,0,1.471,0.090360314
2006-10-23,0,1.4442,0.090274232
2006-10-24,0,1.5732,0.090188232
2006-10-25,0,1.5122,0.090102315
2006-10-26,4.14,1.1125,0.500826314
2006-10-27,2,1.5122,0.28830844
2006-10-28,0,1.3748,0.089924349
2006-10-29,0,1.6551,0.089842784
2006-10-30,0,1.6657,0.089757196
2006-10-31,0,1.4931,0.089671689
2006-11-01,0,0.8529,0.089586263
2006-11-02,0,1.0939,0.089500919
2006-11-03,0,1.1158,0.089415656
2006-11-04,0,1.2038,0.089330474
2006-11-05,12.57,0.9317,1.337729924
2006-11-06,4.6,0.9588,0.54609139
2006-11-07,0,1.2015,0.089616057
2006-11-08,0,1.4476,0.089566117
2006-11-09,0,1.5588,0.089493432
2006-11-10,0,1.3908,0.089408176
2006-11-11,0,1.0729,0.089323001
2006-11-12,0,0.9763,0.089237908
2006-11-13,4.09,0.9092,0.495105736
2006-11-14,0,1.059,0.089189927
2006-11-15,26.09,0.9068,2.681755841
2006-11-16,18.08,0.7067,1.886201282
2006-11-17,0,0.8814,0.090236254
2006-11-18,0,0.888,0.090378983
2006-11-19,0,0.7987,0.090471229
2006-11-20,0,0.7633,0.090519813
2006-11-21,0,0.7954,0.090533217
2006-11-22,0,0.9144,0.090511628
2006-11-23,0,1.0187,0.09045171
2006-11-24,0,1.0865,0.090365541
2006-11-25,0,1.0522,0.090279454
2006-11-26,0,0.9895,0.09019345
2006-11-27,0,0.9882,0.090107527
2006-11-28,4.89,0.8919,0.575374947
2006-11-29,0,1.025,0.089993837
2006-11-30,90.38,0.6581,9.080729616
2006-12-01,21.42,0.4543,2.219895264
2006-12-02,0,0.5256,0.091173958
2006-12-03,0,0.5049,0.09134464
2006-12-04,0,0.4903,0.091472128
2006-12-05,0,0.5831,0.091569905
2006-12-06,0,0.643,0.091643623
2006-12-07,0,0.5652,0.0917001
2006-12-08,0,0.4257,0.091744449
2006-12-09,0,0.5106,0.091778187
2006-12-10,0,0.6568,0.091801791
2006-12-11,0,0.7685,0.091815786
2006-12-12,0,0.7619,0.091821475
2006-12-13,0,0.7174,0.091820155
2006-12-14,0,0.7401,0.09181223
2006-12-15,0,0.73,0.091798233
2006-12-16,0,0.8089,0.0917777
2006-12-17,0,0.8923,0.09174997
2006-12-18,0,0.8222,0.091715738
2006-12-19,0,0.637,0.091676784
2006-12-20,14.39,0.6919,1.521052246
2006-12-21,12.28,0.6742,1.31135678
2006-12-22,0,0.6278,0.091646235
2006-12-23,0,0.536,0.091635211
2006-12-24,0,0.5626,0.09162088
2006-12-25,6.01,0.5539,0.688343278
2006-12-26,0,0.5237,0.091602407
2006-12-27,0,0.5834,0.091587869
2006-12-28,0,0.706,0.091568887
2006-12-29,0,0.815,0.091541384
2006-12-30,38.19,0.7382,3.887476949
2006-12-31,7,0.6671,0.786644234
2007-01-01,0,0.6068,0.091641914
2007-01-02,0,0.5894,0.09166261
2007-01-03,0,0.5994,0.091676825
2007-01-04,1,0.7142,0.190843707
2007-01-05,0,0.7506,0.091689277
2007-01-06,0,0.7339,0.091687055
2007-01-07,0,0.7392,0.091679861
2007-01-08,0,0.6425,0.091666442
2007-01-09,0,0.7009,0.091646461
2007-01-10,0,0.6752,0.091620372
2007-01-11,0,0.8431,0.09158624
2007-01-12,0,0.8071,0.091544303
2007-01-13,42.04,0.5472,4.2713562
2007-01-14,34.13,0.5209,3.484621562
2007-01-15,0,0.5329,0.09171244
2007-01-16,0,0.4407,0.09176206
2007-01-17,0,0.4884,0.091801978
2007-01-18,0,0.5626,0.091833497
2007-01-19,0,0.6452,0.091855653
2007-01-20,0,0.6147,0.091870095
2007-01-21,16,0.5718,1.681536225
2007-01-22,0,0.6423,0.09192136
2007-01-23,0,0.7499,0.091937115
2007-01-24,0,0.8341,0.091946833
2007-01-25,0,0.8573,0.091948859
2007-01-26,0,0.9394,0.09194329
2007-01-27,0,0.9758,0.091930397
2007-01-28,0,0.728,0.091912581
2007-01-29,0,0.8012,0.091889385
2007-01-30,0,0.8234,0.091860684
2007-01-31,0,0.6479,0.09182801
2007-02-01,14.57,0.5675,1.539291549
2007-02-02,0,0.6701,0.091795208
2007-02-03,0,0.7691,0.091773774
2007-02-04,0,0.8607,0.09174826
2007-02-05,0,1.0362,0.091713996
2007-02-06,0,1.2857,0.091668112
2007-02-07,0,1.3508,0.091609121
2007-02-08,0,1.1517,0.091538007
2007-02-09,0,0.908,0.091456157
2007-02-10,0,0.9347,0.091369031
2007-02-11,0,1.0164,0.091281989
2007-02-12,21.08,1.0026,2.185194345
2007-02-13,29.3,1.1307,3.002160588
2007-02-14,0,0.8688,0.091283405
2007-02-15,0,0.8247,0.091285931
2007-02-16,0,0.9775,0.09127769
2007-02-17,0,1.1451,0.091251176
2007-02-18,0,1.4114,0.091201815
2007-02-19,0,1.7637,0.091121162
2007-02-20,0,1.9321,0.091034356
2007-02-21,0,1.8735,0.090947632
2007-02-22,0,1.9498,0.090860991
2007-02-23,0,2.0007,0.090774432
2007-02-24,11.93,1.5236,1.275013974
2007-02-25,0,1.7251,0.090669309
2007-02-26,0,1.7171,0.090589328
2007-02-27,0,1.9761,0.09050536
2007-02-28,0,2.2114,0.09041914
2007-03-01,3,1.7352,0.387866205
2007-03-02,0,1.7483,0.090272627
2007-03-03,0,1.6022,0.090189114
2007-03-04,0,1.6442,0.090103196
2007-03-05,0,2.0739,0.090017359
2007-03-06,0,2.3148,0.089931604
2007-03-07,0,2.3786,0.089845931
2007-03-08,0,2.4477,0.089760339
2007-03-09,3.89,2.0157,0.475528961
2007-03-10,0,2.5481,0.089656513
2007-03-11,0,2.3941,0.089577436
2007-03-12,0,2.8358,0.089492101
2007-03-13,0,2.8861,0.089406846
2007-03-14,0,2.7006,0.089321673
2007-03-15,0,2.6455,0.089236581
2007-03-16,0,2.3599,0.089151569
2007-03-17,0,2.5291,0.089066639
2007-03-18,0,2.8364,0.08898179
2007-03-19,0,2.4563,0.088897022
2007-03-20,5.22,1.8721,0.606810273
2007-03-21,0,2.2523,0.088943091
2007-03-22,0,2.5494,0.088876984
2007-03-23,5.83,2.0829,0.667331494
2007-03-24,0,3.2325,0.088956895
2007-03-25,0,2.8976,0.088893283
2007-03-26,0,2.89,0.088808599
2007-03-27,0,2.7754,0.088723996
2007-03-28,3,2.5741,0.386194299
2007-03-29,0,3.5084,0.088710308
2007-03-30,0,3.1469,0.0886397
2007-03-31,10.05,2.547,1.086134972
2007-04-01,0,3.4252,0.088948765
2007-04-02,0,4.0584,0.088899718
2007-04-03,0,3.8554,0.088815028
2007-04-04,0,3.6295,0.088730418
2007-04-05,0,2.6757,0.088645889
2007-04-06,4,1.8082,0.485475209
2007-04-07,0,2.0345,0.088695008
2007-04-08,0,2.3914,0.088629325
2007-04-09,0,2.7971,0.088544892
2007-04-10,0,2.6951,0.08846054
2007-04-11,6,2.226,0.683859863
2007-04-12,3.4,2.6708,0.425905299
2007-04-13,0,3.1771,0.088770326
2007-04-14,20.93,1.3882,2.167872048
2007-04-15,0,3.2007,0.089344795
2007-04-16,0,3.943,0.089308094
2007-04-17,0,4.2678,0.089223015
2007-04-18,4.7,3.3218,0.555289024
2007-04-19,0,4.4176,0.089193958
2007-04-20,0,4.5836,0.089121712
2007-04-21,0,4.6682,0.089036811
2007-04-22,0,4.2625,0.08895199
2007-04-23,0,3.7237,0.08886725
2007-04-24,0,3.9181,0.088782591
2007-04-25,28.48,3.0726,2.916907856
2007-04-26,3,3.1373,0.38701
2007-04-27,0,3.8979,0.089603749
2007-04-28,0,4.6175,0.089546798
2007-04-29,0,4.9979,0.089461491
2007-04-30,0,5.1416,0.089376266
2007-05-01,0,4.7815,0.089291122
2007-05-02,16.93,2.104,1.77016918
2007-05-03,7.06,2.3555,0.79003594
2007-05-04,0,4.5167,0.089610748
2007-05-05,0,4.3733,0.089547513
2007-05-06,0,4.383,0.089462206
2007-05-07,18.68,4.1362,1.943344443
2007-05-08,16.38,3.0289,1.715494742
2007-05-09,3,3.715,0.387261468
2007-05-10,6.47,3.6877,0.731559281
2007-05-11,13,3.9341,1.379764544
2007-05-12,7.08,4.3743,0.792131529
2007-05-13,0,5.6735,0.089979911
2007-05-14,0,5.6549,0.089908409
2007-05-15,0,5.362,0.089822758
2007-05-16,0.85,4.7625,0.173919179
2007-05-17,0,4.8512,0.089665778
2007-05-18,0,4.8698,0.08958173
2007-05-19,0,5.0962,0.08949639
2007-05-20,0,5.2695,0.089411131
2007-05-21,0,5.3752,0.089325954
2007-05-22,4.24,3.4298,0.509722517
2007-05-23,0,4.5887,0.089270881
2007-05-24,0,4.4523,0.08919639
2007-05-25,9.62,3.3026,1.043676407
2007-05-26,0,4.1594,0.089305366
2007-05-27,2,3.8469,0.287473507
2007-05-28,0,4.5071,0.089222316
2007-05-29,6.77,3.1999,0.760771473
2007-05-30,3.16,3.5408,0.402570006
2007-05-31,7.52,3.9322,0.835235781
2007-06-01,3.59,4.3215,0.445309214
2007-06-02,15.22,3.8981,1.599830555
2007-06-03,0,4.5534,0.089639653
2007-06-04,0,5.037,0.089582876
2007-06-05,0,5.7984,0.089497535
2007-06-06,0,5.8963,0.089412276
2007-06-07,0,4.5494,0.089327097
2007-06-08,16.79,4.4462,1.755475768
2007-06-09,0,5.8974,0.08954551
2007-06-10,0,5.5629,0.089490716
2007-06-11,26.62,4.0489,2.732027827
2007-06-12,27.29,3.8552,2.798956818
2007-06-13,0,4.9956,0.090113804
2007-06-14,0,5.4192,0.090066526
2007-06-15,0,5.3305,0.089980724
2007-06-16,0,5.8292,0.089895004
2007-06-17,0,5.4778,0.089809366
2007-06-18,4.11,3.3839,0.497275298
2007-06-19,4.73,4.0996,0.55872258
2007-06-20,0,5.557,0.089704215
2007-06-21,9.12,4.5235,0.994280858
2007-06-22,0,5.6689,0.089703095
2007-06-23,9.23,4.0543,1.005268123
2007-06-24,17.68,4.3548,1.844234421
2007-06-25,0,5.9057,0.089899316
2007-06-26,2.88,4.4141,0.375304435
2007-06-27,7.93,3.2181,0.876502064
2007-06-28,10.44,3.6693,1.125634719
2007-06-29,0,5.6976,0.089910226
2007-06-30,0,5.2081,0.089841303
2007-07-01,20.55,3.3143,2.129643249
2007-07-02,11.86,3.5709,1.266743862
2007-07-03,0,5.427,0.090040584
2007-07-04,0,5.8392,0.089974802
2007-07-05,0,5.7733,0.089889088
2007-07-06,5.03,5.0058,0.588516631
2007-07-07,0,6.172,0.089792847
2007-07-08,0,6.1477,0.089714348
2007-07-09,0,5.6756,0.089628882
2007-07-10,4.55,3.9753,0.540720006
2007-07-11,6.85,3.8135,0.768988061
2007-07-12,0,5.4241,0.08960085
2007-07-13,19.74,3.8812,2.048808834
2007-07-14,0,5.7479,0.089789887
2007-07-15,0,6.055,0.089733063
2007-07-16,0,6.111,0.089647579
2007-07-17,0,5.9298,0.089562177
2007-07-18,0,5.7264,0.089476855
2007-07-19,0,5.3834,0.089391615
2007-07-20,0,5.6945,0.089306457
2007-07-21,0,5.6284,0.089221379
2007-07-22,0,5.2971,0.089136382
2007-07-23,0,5.7814,0.089051467
2007-07-24,0,5.8447,0.088966632
2007-07-25,0,5.953,0.088881878
2007-07-26,0,5.8758,0.088797205
2007-07-27,0,5.7643,0.088712612
2007-07-28,0,5.7679,0.0886281
2007-07-29,0,5.7994,0.088543669
2007-07-30,3.88,4.1356,0.47327018
2007-07-31,0,5.2654,0.088609579
2007-08-01,0,5.4407,0.088545214
2007-08-02,0,5.756,0.088460862
2007-08-03,0,5.5461,0.08837659
2007-08-04,0,5.6456,0.088292398
2007-08-05,0,5.4539,0.088208286
2007-08-06,0,5.3474,0.088124255
2007-08-07,0,5.3903,0.088040303
2007-08-08,0,5.3215,0.087956432
2007-08-09,0,5.6602,0.08787264
2007-08-10,0,5.8498,0.087788929
2007-08-11,0,6.0454,0.087705297
2007-08-12,0,6.0902,0.087621744
2007-08-13,0,6.0712,0.087538272
2007-08-14,0,6.0141,0.087454878
2007-08-15,0,5.9784,0.087371565
2007-08-16,0,5.6231,0.08728833
2007-08-17,0,5.4289,0.087205175
2007-08-18,0,4.784,0.087122099
2007-08-19,3,2.5194,0.385026603
2007-08-20,10.08,3.2689,1.088457557
2007-08-21,0,4.4053,0.08853891
2007-08-22,0,4.6869,0.088515165
2007-08-23,0,4.4458,0.088430841
2007-08-24,0,4.555,0.088346597
2007-08-25,44.88,3.4519,4.546211447
2007-08-26,0,4.6303,0.089774421
2007-08-27,0,4.8263,0.089782239
2007-08-28,0,4.9884,0.089696708
2007-08-29,0,4.6516,0.089611259
2007-08-30,0,4.0301,0.089525891
2007-08-31,0,4.4038,0.089440604
2007-09-01,0,4.6394,0.089355398
2007-09-02,0,4.6776,0.089270274
2007-09-03,0,4.5651,0.089185231
2007-09-04,3,2.8128,0.386593153
2007-09-05,25.99,2.2204,2.670270288
2007-09-06,20.48,2.4512,2.12306988
2007-09-07,15.32,2.4183,1.610813512
2007-09-08,24.3,2.003,2.503426026
2007-09-09,20.88,2.5091,2.163554246
2007-09-10,2.21,2.8011,0.309927529
2007-09-11,7.2,3.0181,0.805135639
2007-09-12,0,3.7949,0.090965664
2007-09-13,0,3.9615,0.090917051
2007-09-14,0,3.713,0.090830439
2007-09-15,0,3.1578,0.090743909
2007-09-16,0,3.4848,0.090657462
2007-09-17,0,3.7789,0.090571098
2007-09-18,0,3.765,0.090484815
2007-09-19,0,3.6264,0.090398615
2007-09-20,0,3.6321,0.090312497
2007-09-21,0,3.6761,0.090226461
2007-09-22,0,3.6813,0.090140507
2007-09-23,0,3.538,0.090054634
2007-09-24,0,3.1148,0.089968844
2007-09-25,0,3.1906,0.089883135
2007-09-26,15.34,2.3262,1.612571173
2007-09-27,0,2.993,0.089924991
2007-09-28,0,3.3789,0.089857796
2007-09-29,0,3.2628,0.089772193
2007-09-30,0,3.2006,0.089686671
2007-10-01,18.58,2.539,1.934166618
2007-10-02,0,3.227,0.089819836
2007-10-03,53.09,2.458,5.363959839
2007-10-04,0,2.8601,0.090430438
2007-10-05,0,2.8149,0.090505962
2007-10-06,0,2.6073,0.090506384
2007-10-07,0,2.6123,0.090420163
2007-10-08,0,2.515,0.090334025
2007-10-09,22.62,2.1442,2.336292436
2007-10-10,0,2.5399,0.090373976
2007-10-11,0,2.3715,0.090311027
2007-10-12,0,2.3264,0.090233326
2007-10-13,0,2.3982,0.090147365
2007-10-14,0,2.3409,0.090061486
2007-10-15,15.34,1.7001,1.61303375
2007-10-16,0,1.9505,0.090076458
2007-10-17,0,2.2135,0.090009128
2007-10-18,15,1.6712,1.579231922
2007-10-19,0,2.0452,0.090035723
2007-10-20,0,2.1855,0.089968889
2007-10-21,0,2.1444,0.08989002
2007-10-22,10.93,1.7517,1.174769969
2007-10-23,18.61,1.3108,1.9381851
2007-10-24,0,1.5,0.090130109
2007-10-25,0,1.4697,0.09012745
2007-10-26,0,1.1807,0.090078858
2007-10-27,0,1.4751,0.089993044
2007-10-28,0,1.5222,0.089907312
2007-10-29,0,1.5311,0.089821662
2007-10-30,0,1.564,0.089736094
2007-10-31,0,1.6103,0.089650607
2007-11-01,0,1.4724,0.089565201
2007-11-02,0,1.3873,0.089479877
2007-11-03,0,1.3861,0.089394634
2007-11-04,0,1.4306,0.089309473
2007-11-05,0,1.5062,0.089224392
2007-11-06,0,1.2263,0.089139393
2007-11-07,0,1.0396,0.089054474
2007-11-08,0,1.1824,0.088969636
2007-11-09,0,1.3211,0.08888488
2007-11-10,0,1.3101,0.088800204
2007-11-11,0,1.3882,0.088715608
2007-11-12,0,1.2816,0.088631093
2007-11-13,6.69,1.1387,0.752793868
2007-11-14,0,1.2163,0.088806576
2007-11-15,0,1.0108,0.088749636
2007-11-16,0,0.9142,0.088675012
2007-11-17,0,1.0796,0.088590536
2007-11-18,0,1.0833,0.08850614
2007-11-19,0,1.1336,0.088421825
2007-11-20,0,1.11,0.08833759
2007-11-21,0,1.0994,0.088253436
2007-11-22,0,0.7675,0.088169361
2007-11-23,0,0.6067,0.088085367
2007-11-24,0,0.6298,0.088001452
2007-11-25,0,0.5835,0.087917618
2007-11-26,9,0.6148,0.982248962
2007-11-27,0,0.7204,0.088646599
2007-11-28,0,0.8161,0.088642364
2007-11-29,0,0.6901,0.088585592
2007-11-30,0,0.7253,0.088501201
2007-12-01,0,0.8002,0.088416891
2007-12-02,3.73,0.8158,0.458669457
2007-12-03,0,0.5744,0.088505201
2007-12-04,0,0.675,0.088442548
2007-12-05,0,0.6898,0.088366099
2007-12-06,0,0.5691,0.088281917
2007-12-07,1.53,0.5902,0.240067601
2007-12-08,0,0.6674,0.088245433
2007-12-09,9.48,0.6161,1.030151099
2007-12-10,38.57,0.5379,3.924244204
2007-12-11,13.79,0.6798,1.45997129
2007-12-12,15.36,0.6169,1.616480146
2007-12-13,5,0.4869,0.587230866
2007-12-14,10.66,0.5236,1.149872442
2007-12-15,9.01,0.5071,0.986071376
2007-12-16,0.05,0.476,0.096254561
2007-12-17,0,0.5469,0.091399846
2007-12-18,0,0.6276,0.09147509
2007-12-19,0,0.5957,0.091531224
2007-12-20,0,0.6686,0.091571586
2007-12-21,0,0.6383,0.091599516
2007-12-22,0,0.6396,0.091617025
2007-12-23,0.09,0.4842,0.100541694
2007-12-24,0,0.5504,0.091636142
2007-12-25,0,0.5801,0.091638141
2007-12-26,0,0.5913,0.091633438
2007-12-27,2,0.5273,0.290071387
2007-12-28,2.93,0.5092,0.382423823
2007-12-29,0,0.5294,0.091617598
2007-12-30,0,0.5868,0.091606514
2007-12-31,0,0.6006,0.0915917
2008-01-01,0,0.5421,0.091571638
2008-01-02,0,0.434,0.091547764
2008-01-03,0,0.4506,0.091519895
2008-01-04,0,0.5713,0.091486434
2008-01-05,0,0.7913,0.091444251
2008-01-06,0,0.9872,0.091390059
2008-01-07,0,0.9413,0.091323426
2008-01-08,82.67,0.8731,8.312170796
2008-01-09,0,0.6976,0.0915099
2008-01-10,0,0.7028,0.09157215
2008-01-11,0,0.6693,0.09162033
2008-01-12,0,0.7182,0.091656906
2008-01-13,0,0.6493,0.091682162
2008-01-14,0,0.649,0.091697868
2008-01-15,0,0.7049,0.091704729
2008-01-16,0,0.778,0.091702977
2008-01-17,2,0.6834,0.29010956
2008-01-18,0,0.6332,0.091692298
2008-01-19,0,0.6169,0.091681229
2008-01-20,0,0.5922,0.091666849
2008-01-21,0,0.6611,0.091646398
2008-01-22,3,0.5721,0.389355177
2008-01-23,0,0.6441,0.091606066
2008-01-24,0,0.6362,0.091580717
2008-01-25,0,0.6196,0.091552079
2008-01-26,0,0.6466,0.09151718
2008-01-27,0,0.9439,0.091471921
2008-01-28,0,1.0821,0.091413707
2008-01-29,0,1.1342,0.091340333
2008-01-30,0,0.8989,0.091253318
2008-01-31,8.14,0.7582,0.899399516
2008-02-01,3.31,0.7261,0.419588813
2008-02-02,0,1.0025,0.091045228
2008-02-03,0,1.2314,0.090962056
2008-02-04,0,1.4809,0.090876703
2008-02-05,21.29,1.3576,2.205265883
2008-02-06,19.13,1.004,1.991043524
2008-02-07,0,0.8659,0.090940281
2008-02-08,0,1.0296,0.090947273
2008-02-09,0,1.2397,0.09093428
2008-02-10,0,1.2133,0.090892824
2008-02-11,7.13,0.8294,0.798693457
2008-02-12,17.8,0.7997,1.859096361
2008-02-13,0,0.9747,0.09089958
2008-02-14,0,1.3154,0.090884792
2008-02-15,0,1.5155,0.090845231
2008-02-16,31,0.9474,3.171167374
2008-02-17,42.31,1.0922,4.295643342
2008-02-18,0,1.2204,0.091189742
2008-02-19,0,1.4394,0.091267886
2008-02-20,0,1.5601,0.091317552
2008-02-21,4.8,1.0199,0.567692081
2008-02-22,3,0.7247,0.389081155
2008-02-23,3.32,0.8205,0.420860404
2008-02-24,2,1.0836,0.289803222
2008-02-25,0,1.5411,0.09145656
2008-02-26,0,1.7437,0.091446151
2008-02-27,0,1.5036,0.091415782
2008-02-28,0,1.7063,0.091362318
2008-02-29,0,2.025,0.091278563
2008-03-01,0,2.1707,0.091191607
2008-03-02,0,2.4013,0.091104733
2008-03-03,60.15,1.8371,6.067899474
2008-03-04,10.09,1.3519,1.092860175
2008-03-05,0,1.9147,0.091302749
2008-03-06,0,1.988,0.091320421
2008-03-07,0,1.4416,0.091321421
2008-03-08,0,1.7171,0.091295349
2008-03-09,0,2.0318,0.091237112
2008-03-10,0,2.4271,0.091150195
2008-03-11,0,2.5173,0.091063361
2008-03-12,0,2.705,0.090976609
2008-03-13,0,2.93,0.09088994
2008-03-14,3.21,2.2738,0.409114173
2008-03-15,5,2.2178,0.586696891
2008-03-16,0,2.2581,0.090676089
2008-03-17,0,2.4712,0.09059294
2008-03-18,95.29,1.9436,9.561942817
2008-03-19,72.31,1.7137,7.277553318
2008-03-20,0,2.6604,0.091509645
2008-03-21,0,2.9247,0.09165386
2008-03-22,0,2.9566,0.09174889
2008-03-23,0,2.3908,0.091805872
2008-03-24,0,2.3811,0.091833829
2008-03-25,0,2.7997,0.091833927
2008-03-26,0,2.6272,0.091810318
2008-03-27,0,2.7108,0.091762607
2008-03-28,12.21,2.8909,1.30330098
2008-03-29,11.09,1.2811,1.192641777
2008-03-30,17.65,1.7862,1.84402169
2008-03-31,14.81,2.0171,1.561760272
2008-04-01,37.05,2.6025,3.771035653
2008-04-02,0,2.8768,0.091683557
2008-04-03,4.68,2.4591,0.555830663
2008-04-04,13.59,2.6107,1.440382819
2008-04-05,0,2.9933,0.09165476
2008-04-06,0,3.5545,0.091606969
2008-04-07,0,3.8608,0.0915197
2008-04-08,34.05,3.0234,3.472405428
2008-04-09,14.74,2.287,1.554521834
2008-04-10,87.48,2.477,8.784387457
2008-04-11,0,3.8666,0.091673879
2008-04-12,0,2.8272,0.091715238
2008-04-13,0,2.8321,0.091732731
2008-04-14,0,2.8196,0.091720393
2008-04-15,0,3.4953,0.091672708
2008-04-16,0,4.0532,0.091585376
2008-04-17,0,3.6525,0.091498128
2008-04-18,30.81,3.0061,3.15048213
2008-04-19,0,3.8441,0.091407512
2008-04-20,0,4.5035,0.09132942
2008-04-21,0,4.5257,0.091242415
2008-04-22,0,4.106,0.091155493
2008-04-23,13.52,3.7517,1.432544132
2008-04-24,33.99,3.3891,3.465825624
2008-04-25,3.15,3.2071,0.403395496
2008-04-26,3.61,3.4945,0.448959441
2008-04-27,0,4.1184,0.090996527
2008-04-28,0,3.9364,0.090914938
2008-04-29,0,4.3233,0.090828328
2008-04-30,0,4.5925,0.0907418
2008-05-01,0,3.7822,0.090655355
2008-05-02,9.65,3.4475,1.047919399
2008-05-03,0,4.1696,0.090545251
2008-05-04,0,4.2486,0.090464915
2008-05-05,0,4.8265,0.090378734
2008-05-06,0,5.0334,0.090292635
2008-05-07,14.85,2.1662,1.564322937
2008-05-08,28.93,2.82,2.962797137
2008-05-09,0,4.005,0.090440418
2008-05-10,0,4.6508,0.090384413
2008-05-11,14.05,3.8956,1.484421
2008-05-12,0,4.5194,0.090343911
2008-05-13,0,4.3704,0.090269812
2008-05-14,0,3.7487,0.090183817
2008-05-15,23.64,2.2071,2.43747061
2008-05-16,0,4.6036,0.09024539
2008-05-17,0,4.9908,0.090179425
2008-05-18,0,5.0804,0.090093516
2008-05-19,0,5.4429,0.090007689
2008-05-20,0,5.5696,0.089921943
2008-05-21,0,5.3865,0.089836279
2008-05-22,0,4.9855,0.089750697
2008-05-23,0,4.2997,0.089665196
2008-05-24,0,4.5327,0.089579776
2008-05-25,10.8,3.7354,1.161062343
2008-05-26,21.01,3.8304,2.175029374
2008-05-27,20.02,3.2233,2.077145863
2008-05-28,4.53,3.2242,0.539346955
2008-05-29,0,5.0594,0.090125267
2008-05-30,0,4.8449,0.090058053
2008-05-31,0,5.0151,0.089972259
2008-06-01,8.42,3.8818,0.925117246
2008-06-02,21.01,3.9455,2.175219624
2008-06-03,0,4.8846,0.090086573
2008-06-04,0,4.682,0.090024685
2008-06-05,0,4.6155,0.089938923
2008-06-06,0,4.7314,0.089853242
2008-06-07,0,3.5588,0.089767644
2008-06-08,0,3.892,0.089682127
2008-06-09,49.21,4.4994,4.976209852
2008-06-10,31.5,4.0281,3.217436281
2008-06-11,0,5.6562,0.090572665
2008-06-12,0,4.2362,0.090565926
2008-06-13,0,5.5589,0.090479648
2008-06-14,23.37,4.0478,2.409975858
2008-06-15,0,5.9363,0.090479973
2008-06-16,16.86,4.5074,1.763371944
2008-06-17,4.01,4.0937,0.488008395
2008-06-18,0,5.7675,0.090410048
2008-06-19,0,5.8649,0.09033138
2008-06-20,15.69,4.3602,1.647092704
2008-06-21,0,5.9198,0.090301427
2008-06-22,3.9,4.8715,0.476831864
2008-06-23,9.03,4.8667,0.985809795
2008-06-24,9.38,4.5984,1.020587547
2008-06-25,0,5.7116,0.09020424
2008-06-26,0,5.6112,0.090129878
2008-06-27,0,4.7681,0.090044016
2008-06-28,17.59,3.8657,1.835635558
2008-06-29,0,5.1239,0.090078052
2008-06-30,0,5.9036,0.090010139
2008-07-01,0,6.1369,0.089924391
2008-07-02,0,5.9786,0.089838725
2008-07-03,0,5.5992,0.08975314
2008-07-04,37.53,4.4353,3.815814028
2008-07-05,0,5.9248,0.090088511
2008-07-06,0,5.9846,0.090040056
2008-07-07,0,5.553,0.089954279
2008-07-08,0,4.8149,0.089868585
2008-07-09,34.93,4.3467,3.557640255
2008-07-10,18.53,3.5816,1.929271588
2008-07-11,20.06,4.0633,2.081204805
2008-07-12,0,4.862,0.090469118
2008-07-13,35.82,4.4937,3.646454288
2008-07-14,0,5.8334,0.090583374
2008-07-15,0,5.8644,0.090520941
2008-07-16,0,5.9507,0.090434706
2008-07-17,0,5.8695,0.090348553
2008-07-18,0,5.8382,0.090262483
2008-07-19,0,5.6597,0.090176495
2008-07-20,0,5.556,0.090090588
2008-07-21,0,5.7923,0.090004763
2008-07-22,0,5.7255,0.089919021
2008-07-23,0,6.0007,0.089833359
2008-07-24,0,5.654,0.08974778
2008-07-25,0,5.3516,0.089662282
2008-07-26,0,5.6356,0.089576865
2008-07-27,3.97,4.5692,0.483088761
2008-07-28,0,6.0634,0.08948935
2008-07-29,0,6.0423,0.089411865
2008-07-30,3.02,4.3826,0.388705366
2008-07-31,3.85,4.4319,0.47103353
2008-08-01,0,5.573,0.089339419
2008-08-02,0,5.6909,0.089265618
2008-08-03,0,5.9974,0.089180579
2008-08-04,0,6.0259,0.089095621
2008-08-05,0,5.8192,0.089010744
2008-08-06,0,5.8675,0.088925948
2008-08-07,30.17,4.2009,3.0842861
2008-08-08,15.2,4.2897,1.597897284
2008-08-09,0,5.0337,0.089802688
2008-08-10,55.43,2.238,5.596924966
2008-08-11,12.33,2.4208,1.314185915
2008-08-12,0,3.3189,0.09066665
2008-08-13,0,4.6589,0.090679126
2008-08-14,0,4.9561,0.09059274
2008-08-15,0,4.3903,0.090506437
2008-08-16,0,4.0904,0.090420216
2008-08-17,0,4.5731,0.090334078
2008-08-18,0,4.7229,0.090248021
2008-08-19,0,3.7765,0.090162047
2008-08-20,2.28,2.877,0.316091974
2008-08-21,0,3.2912,0.090016198
2008-08-22,0,4.3859,0.089932946
2008-08-23,14.76,3.538,1.55460359
2008-08-24,5.87,4.1052,0.672080079
2008-08-25,0,4.7512,0.089962575
2008-08-26,0,4.7924,0.089889404
2008-08-27,0,4.8753,0.089803771
2008-08-28,0,4.807,0.089718219
2008-08-29,0,4.6886,0.089632749
2008-08-30,0,4.5175,0.089547361
2008-08-31,0,4.4713,0.089462054
2008-09-01,0,4.566,0.089376828
2008-09-02,0,4.1613,0.089291683
2008-09-03,45.91,2.16,4.650325882
2008-09-04,43.39,2.1121,4.400464161
2008-09-05,3.23,2.9157,0.410946218
2008-09-06,0,4.0532,0.090831749
2008-09-07,5,3.1508,0.58672807
2008-09-08,0,4.1446,0.090888055
2008-09-09,0,3.937,0.090828046
2008-09-10,0,2.8878,0.090741519
2008-09-11,5,2.1416,0.586631064
2008-09-12,10.23,2.6891,1.105690287
2008-09-13,6.76,2.7136,0.761170969
2008-09-14,83,2.7645,8.337577608
2008-09-15,0,3.3691,0.091038381
2008-09-16,0,3.3557,0.091113339
2008-09-17,0,3.5708,0.091132337
2008-09-18,0,3.615,0.091079126
2008-09-19,0,3.5838,0.09099236
2008-09-20,0,3.4969,0.090905676
2008-09-21,0,3.4644,0.090819075
2008-09-22,0,3.4222,0.090732556
2008-09-23,0,3.5001,0.09064612
2008-09-24,0,3.4692,0.090559766
2008-09-25,0,3.47,0.090473495
2008-09-26,0,3.3959,0.090387305
2008-09-27,0,3.3146,0.090301198
2008-09-28,0,3.2892,0.090215172
2008-09-29,0,3.2516,0.090129229
2008-09-30,0,3.1136,0.090043368
2008-10-01,0,2.931,0.089957588
2008-10-02,0,2.7694,0.08987189
2008-10-03,0,2.6491,0.089786274
2008-10-04,7.75,2.165,0.85873609
2008-10-05,0,2.511,0.089741061
2008-10-06,2,2.2574,0.287950186
2008-10-07,13.72,1.533,1.451880868
2008-10-08,0,2.3253,0.089768748
2008-10-09,0,2.4884,0.089704192
2008-10-10,0,2.4627,0.089626295
2008-10-11,0,2.4452,0.089540912
2008-10-12,0,2.2123,0.089455611
2008-10-13,0,2.0081,0.089370392
2008-10-14,0,1.964,0.089285253
2008-10-15,13.41,1.6282,1.420695287
2008-10-16,0,1.8953,0.089450739
2008-10-17,0,1.9057,0.089392651
2008-10-18,0,1.9217,0.089317228
2008-10-19,0,1.874,0.08923214
2008-10-20,0,1.9553,0.089147133
2008-10-21,0,1.9172,0.089062208
2008-10-22,5.42,1.751,0.626831638
2008-10-23,14.58,1.3263,1.537051679
2008-10-24,0,1.3474,0.08948395
2008-10-25,0,1.473,0.089456029
2008-10-26,0,1.6113,0.08939093
2008-10-27,0,1.3921,0.089305771
2008-10-28,0,1.2108,0.089220694
2008-10-29,0,1.356,0.089135698
2008-10-30,0,1.5463,0.089050783
2008-10-31,0,1.6105,0.088965949
2008-11-01,0,1.6114,0.088881196
2008-11-02,0,1.6653,0.088796523
2008-11-03,0,1.6283,0.088711932
2008-11-04,0,1.5424,0.08862742
2008-11-05,0,1.4467,0.08854299
2008-11-06,12.33,1.202,1.313132136
2008-11-07,0,1.1372,0.089050678
2008-11-08,0,0.999,0.089029874
2008-11-09,0,0.9403,0.088967418
2008-11-10,0,0.9646,0.088882664
2008-11-11,13,0.8154,1.380258475
2008-11-12,0,0.8613,0.089280686
2008-11-13,0,1.0135,0.089282152
2008-11-14,0,1.0701,0.089226822
2008-11-15,0,0.8808,0.08914182
2008-11-16,0,0.8021,0.0890569
2008-11-17,0,0.9223,0.08897206
2008-11-18,0,0.8041,0.088887301
2008-11-19,0,0.9005,0.088802622
2008-11-20,0,0.8795,0.088718024
2008-11-21,0,0.6329,0.088633507
2008-11-22,0,0.6821,0.088549071
2008-11-23,0,0.7476,0.088464715
2008-11-24,4.04,0.7401,0.489530378
2008-11-25,0,0.7702,0.088558905
2008-11-26,0,0.8456,0.088496631
2008-11-27,0,0.7788,0.088420283
2008-11-28,3,0.7722,0.386167565
2008-11-29,1.99,0.7532,0.285967248
2008-11-30,2,0.5961,0.28704293
2008-12-01,1,0.547,0.187794992
2008-12-02,0,0.6032,0.088565357
2008-12-03,0,0.706,0.08849191
2008-12-04,0,0.5345,0.088411577
2008-12-05,0,0.5512,0.088327351
2008-12-06,0,0.6175,0.088243207
2008-12-07,0,0.6112,0.088159142
2008-12-08,0,0.7312,0.088075157
2008-12-09,14.39,0.7134,1.518131657
2008-12-10,2.07,0.5561,0.294502634
2008-12-11,0,0.4808,0.089293773
2008-12-12,0,0.5592,0.089386525
2008-12-13,0,0.6393,0.089411272
2008-12-14,0,0.8261,0.089326095
2008-12-15,4.37,0.4631,0.523184107
2008-12-16,0,0.4043,0.089294426
2008-12-17,0,0.4719,0.089227092
2008-12-18,2.39,0.56,0.326360545
2008-12-19,3,0.6789,0.386903811
2008-12-20,0,0.6099,0.089153697
2008-12-21,0,0.4057,0.089079789
2008-12-22,0,0.3636,0.088998931
2008-12-23,0,0.4475,0.088914147
2008-12-24,6.97,0.5839,0.781128797
2008-12-25,0,0.538,0.089072862
2008-12-26,0,0.7573,0.089028389
2008-12-27,27.65,0.8292,2.836960964
2008-12-28,32.99,0.5798,3.369403733
2008-12-29,0,0.6428,0.090432621
2008-12-30,0,0.7351,0.090629091
2008-12-31,0,0.6975,0.09076406
2009-01-01,0,0.5789,0.090856846
2009-01-02,0,0.618,0.090919045
2009-01-03,0,0.8104,0.090953609
2009-01-04,0,0.6281,0.090969787
2009-01-05,0,0.5244,0.090972453
2009-01-06,0,0.5539,0.090962274
2009-01-07,0,0.6478,0.090937815
2009-01-08,0,0.6669,0.090898781
2009-01-09,0,0.7877,0.090841452
2009-01-10,0,0.6692,0.090767276
2009-01-11,0,0.5934,0.090680807
2009-01-12,0,0.7139,0.09059442
2009-01-13,0,0.5868,0.090508115
2009-01-14,0,0.6266,0.090421893
2009-01-15,0,0.5249,0.090335752
2009-01-16,0,0.4887,0.090249694
2009-01-17,0,0.6846,0.090163718
2009-01-18,0,0.7682,0.090077824
2009-01-19,0,0.7664,0.089992011
2009-01-20,0,0.6052,0.08990628
2009-01-21,0,0.7037,0.089820631
2009-01-22,0,0.8459,0.089735064
2009-01-23,0,0.9564,0.089649578
2009-01-24,0,0.7542,0.089564173
2009-01-25,0,0.6289,0.08947885
2009-01-26,7,0.4965,0.78465709
2009-01-27,28.45,0.5322,2.917734564
2009-01-28,21.24,0.5242,2.201064753
2009-01-29,0,0.7198,0.090489292
2009-01-30,0,0.9121,0.090637727
2009-01-31,0,1.0521,0.090734155
2009-02-01,0,1.2021,0.09078086
2009-02-02,0,1.0376,0.090793225
2009-02-03,0,0.9415,0.090778354
2009-02-04,0,0.8651,0.090739721
2009-02-05,0,1.115,0.090668627
2009-02-06,0,1.4267,0.090582251
2009-02-07,0,1.3145,0.090495958
2009-02-08,0,1.4692,0.090409747
2009-02-09,5,1.1964,0.586495696
2009-02-10,15.61,1.3734,1.640344703
2009-02-11,33.85,1.2671,3.453546365
2009-02-12,0,1.4692,0.09066441
2009-02-13,0,1.6059,0.09071982
2009-02-14,0,1.4194,0.090740254
2009-02-15,0,1.0892,0.090726761
2009-02-16,0,1.2491,0.090676059
2009-02-17,1.89,1.3347,0.278020999
2009-02-18,0,1.4708,0.090532812
2009-02-19,0,1.3175,0.090449409
2009-02-20,0,1.506,0.090363242
2009-02-21,0,1.5865,0.090277158
2009-02-22,0,1.3595,0.090191155
2009-02-23,0,1.539,0.090105235
2009-02-24,0,1.4951,0.090019396
2009-02-25,0,2.0124,0.089933639
2009-02-26,0,2.1553,0.089847964
2009-02-27,0.09,1.9331,0.098667906
2009-02-28,4.71,1.1909,0.557085516
2009-03-01,0,1.2633,0.089673401
2009-03-02,0,1.5487,0.089595549
2009-03-03,0,1.7126,0.089512955
2009-03-04,0,2.1049,0.08942768
2009-03-05,0,2.3373,0.089342487
2009-03-06,0,2.542,0.089257375
2009-03-07,0,2.3386,0.089172344
2009-03-08,0,2.1582,0.089087394
2009-03-09,0,2.6599,0.089002525
2009-03-10,0,2.7243,0.088917737
2009-03-11,0,2.0415,0.08883303
2009-03-12,0,1.1996,0.088748403
2009-03-13,0,1.5565,0.088663857
2009-03-14,1.62,1.5946,0.249250748
2009-03-15,0,1.9539,0.088587919
2009-03-16,0,2.8207,0.088512157
2009-03-17,0,3.0815,0.088427836
2009-03-18,0,3.2526,0.088343596
2009-03-19,0,2.9538,0.088259435
2009-03-20,0.14,2.5928,0.102037771
2009-03-21,24.36,1.89,2.508081927
2009-03-22,0,2.9237,0.089265757
2009-03-23,0,2.4564,0.089256647
2009-03-24,19.44,2.3094,2.019428337
2009-03-25,0,2.7446,0.089582557
2009-03-26,2.79,2.559,0.366183929
2009-03-27,6.68,2.0246,0.752362304
2009-03-28,14.87,1.752,1.565976503
2009-03-29,9.99,2.1512,1.081251887
2009-03-30,0,3.0424,0.089870298
2009-03-31,9.03,2.4553,0.985861194
2009-04-01,0,3.1921,0.08985889
2009-04-02,7.35,2.5297,0.81902472
2009-04-03,0,3.112,0.089816007
2009-04-04,0,3.5951,0.089742122
2009-04-05,5.41,2.852,0.626280376
2009-04-06,0,2.208,0.089670249
2009-04-07,0,2.6976,0.089593997
2009-04-08,0,3.576,0.089508645
2009-04-09,0,3.6251,0.089423375
2009-04-10,8.27,2.518,0.909972756
2009-04-11,0,3.3397,0.089445909
2009-04-12,29,2.4753,2.96935068
2009-04-13,17.51,1.4074,1.828848984
2009-04-14,0,3.0835,0.090244346
2009-04-15,0,3.7971,0.090224319
2009-04-16,0,3.7747,0.090138367
2009-04-17,0,3.7189,0.090052496
2009-04-18,31.53,2.437,3.221203959
2009-04-19,16.31,2.4919,1.709279701
2009-04-20,0,3.9726,0.090412773
2009-04-21,0,4.0053,0.090363497
2009-04-22,0,4.7372,0.090277413
2009-04-23,0,4.8098,0.09019141
2009-04-24,0,4.2308,0.090105489
2009-04-25,0,3.5106,0.090019651
2009-04-26,0,3.3077,0.089933893
2009-04-27,8.09,2.6207,0.89253083
2009-04-28,0,4.0615,0.089875055
2009-04-29,12.46,2.9275,1.32633111
2009-04-30,8.85,2.3105,0.968102325
2009-05-01,27.41,2.2642,2.811912247
2009-05-02,21.01,2.4754,2.176135761
2009-05-03,28.19,1.5197,2.89062495
2009-05-04,2.17,2.493,0.305905122
2009-05-05,10.09,2.4398,1.092113377
2009-05-06,8.76,3.2557,0.959972117
2009-05-07,0.95,5.3004,0.185041052
2009-05-08,23.26,3.6078,2.399681849
2009-05-09,12.55,3.0956,1.336281256
2009-05-10,0,3.8504,0.090937138
2009-05-11,0,4.374,0.090863102
2009-05-12,18.03,3.5279,1.880168993
2009-05-13,17.9,4.0921,1.867095543
2009-05-14,10.4,4.0667,1.12248544
2009-05-15,13.88,3.9979,1.467953094
2009-05-16,7.82,4.0013,0.866383862
2009-05-17,0,4.8454,0.090733044
2009-05-18,0,5.1299,0.090653851
2009-05-19,0,5.4992,0.090567489
2009-05-20,0,5.5958,0.09048121
2009-05-21,0,5.7116,0.090395014
2009-05-22,0,5.8711,0.090308899
2009-05-23,0,5.6816,0.090222866
2009-05-24,5.27,3.8754,0.612730363
2009-05-25,4,3.1355,0.486746643
2009-05-26,2.59,4.3423,0.346768115
2009-05-27,0,4.3947,0.090018211
2009-05-28,0,3.704,0.089937386
2009-05-29,0,5.5565,0.089851707
2009-05-30,0,6.0893,0.08976611
2009-05-31,0,6.0914,0.089680595
2009-06-01,0,5.9047,0.089595161
2009-06-02,0,5.4988,0.089509808
2009-06-03,4.68,3.1867,0.553575785
2009-06-04,0,4.6509,0.089443596
2009-06-05,0,5.5374,0.089368012
2009-06-06,0,5.6083,0.089282876
2009-06-07,0,4.6721,0.089197821
2009-06-08,0,4.5941,0.089112847
2009-06-09,0,4.9946,0.089027953
2009-06-10,17.98,4.3007,1.873486072
2009-06-11,2.66,4.3281,0.353057526
2009-06-12,21.84,3.854,2.257301435
2009-06-13,0,5.5404,0.089746363
2009-06-14,11.11,3.8617,1.191988482
2009-06-15,2.98,4.2728,0.385189716
2009-06-16,21.16,4.333,2.189879475
2009-06-17,0,5.5102,0.08998644
2009-06-18,0,5.0645,0.089927253
2009-06-19,0,4.9715,0.089841584
2009-06-20,0,5.057,0.089755996
2009-06-21,0,5.6758,0.089670491
2009-06-22,0,6.1091,0.089585066
2009-06-23,0,6.4318,0.089499723
2009-06-24,0,6.4352,0.089414461
2009-06-25,0,6.3828,0.089329281
2009-06-26,0,6.3063,0.089244181
2009-06-27,0,6.3318,0.089159163
2009-06-28,0,6.0651,0.089074226
2009-06-29,0,6.3872,0.088989369
2009-06-30,0,6.3527,0.088904593
2009-07-01,0,6.3186,0.088819899
2009-07-02,0,6.1317,0.088735285
2009-07-03,12.28,4.6199,1.307215859
2009-07-04,17.68,4.1467,1.843821403
2009-07-05,6.87,3.8127,0.770915473
2009-07-06,0,5.2914,0.089573704
2009-07-07,0,5.7879,0.08951333
2009-07-08,0,5.6309,0.089428055
2009-07-09,0,5.7612,0.089342862
2009-07-10,0,5.6606,0.089257749
2009-07-11,0,5.6232,0.089172718
2009-07-12,0,5.8874,0.089087768
2009-07-13,1.22,6.1179,0.209855765
2009-07-14,0,5.6466,0.088962909
2009-07-15,0,5.7552,0.088882443
2009-07-16,0,5.7743,0.08879777
2009-07-17,0,5.6573,0.088713177
2009-07-18,0,5.6603,0.088628664
2009-07-19,0,5.8203,0.088544232
2009-07-20,0,5.6466,0.088459881
2009-07-21,36.24,3.8151,3.687391487
2009-07-22,0,4.8007,0.089569517
2009-07-23,0,5.5516,0.089553606
2009-07-24,0,5.6739,0.089468293
2009-07-25,0,5.0799,0.089383061
2009-07-26,0,5.1206,0.08929791
2009-07-27,0,5.2312,0.089212841
2009-07-28,8.41,4.004,0.92344821
2009-07-29,0,4.9218,0.089283691
2009-07-30,8.09,3.2631,0.891864832
2009-07-31,8.21,3.8608,0.903803292
2009-08-01,6.63,3.8694,0.747079966
2009-08-02,1.96,4.932,0.283765026
2009-08-03,0,5.7146,0.089516724
2009-08-04,0,5.6871,0.089441714
2009-08-05,0,5.4433,0.089356507
2009-08-06,0,5.4131,0.089271382
2009-08-07,0,5.1518,0.089186338
2009-08-08,0,5.0239,0.089101374
2009-08-09,0,5.016,0.089016492
2009-08-10,35.1,3.9804,3.574236351
2009-08-11,34.18,3.9269,3.483356914
2009-08-12,0,5.0385,0.090242076
2009-08-13,0,5.1991,0.090224848
2009-08-14,0,5.0319,0.090138895
2009-08-15,0,4.992,0.090053025
2009-08-16,0,4.4732,0.089967236
2009-08-17,0,4.7251,0.089881529
2009-08-18,7,3.5329,0.784135003
2009-08-19,0,4.1926,0.089813899
2009-08-20,23.12,3.3002,2.384913611
2009-08-21,7.95,3.5011,0.87860404
2009-08-22,0,4.6825,0.090012182
2009-08-23,0,4.7117,0.089943848
2009-08-24,0,4.6974,0.089858163
2009-08-25,0,4.8516,0.08977256
2009-08-26,0,4.8718,0.089687038
2009-08-27,0,4.3692,0.089601598
2009-08-28,15.98,2.6148,1.675796417
2009-08-29,0,3.6297,0.089720484
2009-08-30,0,3.8367,0.089659044
2009-08-31,0,3.9622,0.08957363
2009-09-01,0,4.0575,0.089488298
2009-09-02,21.83,2.8117,2.256751973
2009-09-03,23.06,2.9315,2.379142935
2009-09-04,2.24,3.583,0.312065806
2009-09-05,0,3.7869,0.090031327
2009-09-06,0,3.8335,0.089963736
2009-09-07,0,4.2055,0.089878032
2009-09-08,0,4.317,0.08979241
2009-09-09,31.22,2.5582,3.190110423
2009-09-10,34.3,2.4369,3.496607245
2009-09-11,0,3.5735,0.090508799
2009-09-12,0,3.4833,0.090538443
2009-09-13,0,2.6977,0.090463931
2009-09-14,14.92,1.8067,1.571609353
2009-09-15,10.76,1.889,1.15839644
2009-09-16,11.82,1.621,1.26382436
2009-09-17,4,1.926,0.487262687
2009-09-18,0,3.0343,0.090472978
2009-09-19,2.43,2.4958,0.3313096
2009-09-20,0,2.8519,0.090335579
2009-09-21,36.12,2.8516,3.67719728
2009-09-22,44.15,2.2635,4.476103665
2009-09-23,2.11,2.5947,0.300048432
2009-09-24,0,2.9283,0.090970337
2009-09-25,0,3.3007,0.090987542
2009-09-26,0,3.3332,0.090926829
2009-09-27,0,3.467,0.090840208
2009-09-28,0,3.2415,0.090753669
2009-09-29,0,2.8936,0.090667213
2009-09-30,0,2.9495,0.090580839
2009-10-01,0,3.1556,0.090494547
2009-10-02,0,2.7928,0.090408337
2009-10-03,0,2.6028,0.09032221
2009-10-04,2,1.9843,0.288523799
2009-10-05,2,1.8007,0.288470802
2009-10-06,7.08,1.7132,0.792692722
2009-10-07,5.32,2.0366,0.617875568
2009-10-08,44.3,2.0576,4.490941132
2009-10-09,95.85,1.8102,9.618161421
2009-10-10,0,1.8974,0.091221429
2009-10-11,0,1.6318,0.091408622
2009-10-12,3,1.3797,0.389103547
2009-10-13,11.53,1.1225,1.236435607
2009-10-14,5.05,1.4031,0.592815
2009-10-15,0.97,1.5851,0.187960476
2009-10-16,0,1.5888,0.091878037
2009-10-17,1.03,1.5288,0.193998588
2009-10-18,0,1.7086,0.091937236
2009-10-19,0,1.9264,0.091947451
2009-10-20,0,2.0289,0.091940672
2009-10-21,0,1.6989,0.091920787
2009-10-22,20.14,1.2137,2.092179361
2009-10-23,4.62,1.2142,0.550328697
2009-10-24,0,1.5623,0.091906668
2009-10-25,7.6,1.369,0.846171492
2009-10-26,10.83,1.2007,1.167078573
2009-10-27,12.46,1.0101,1.32916482
2009-10-28,1.29,1.5512,0.219780383
2009-10-29,22.43,1.4367,2.319534116
2009-10-30,27.93,1.3123,2.866380984
2009-10-31,0,1.4421,0.091996304
2009-11-01,0,1.5417,0.092014581
2009-11-02,0,1.6304,0.092023025
2009-11-03,0,1.515,0.092019654
2009-11-04,0,1.4669,0.092005784
2009-11-05,0,1.4079,0.091982367
2009-11-06,0,1.5319,0.091948573
2009-11-07,0,1.5968,0.091903647
2009-11-08,0,1.5045,0.091847719
2009-11-09,0,1.388,0.091780772
2009-11-10,0,1.3689,0.09170145
2009-11-11,0,1.2047,0.091614091
2009-11-12,0,1.1836,0.091526815
2009-11-13,0,1.1922,0.091439622
2009-11-14,0,1.2566,0.091352512
2009-11-15,19.7,1.0797,2.047992759
2009-11-16,12.09,0.8609,1.291912415
2009-11-17,2,0.6598,0.289684628
2009-11-18,1,0.6991,0.190399296
2009-11-19,0,0.9285,0.091203771
2009-11-20,5,0.8795,0.587411939
2009-11-21,1.33,0.9781,0.223014111
2009-11-22,0,0.9756,0.091086321
2009-11-23,0,0.9783,0.091025898
2009-11-24,0,0.8765,0.090953891
2009-11-25,0,0.7969,0.090867244
2009-11-26,0,0.7223,0.09078068
2009-11-27,0,0.7685,0.090694198
2009-11-28,0,0.9312,0.090607798
2009-11-29,5,0.8335,0.586803408
2009-11-30,0,0.7157,0.090469922
2009-12-01,0,0.6791,0.090387074
2009-12-02,0,0.6668,0.090302187
2009-12-03,0,0.5591,0.090216161
2009-12-04,0,0.5043,0.090130216
2009-12-05,0,0.5171,0.090044354
2009-12-06,0,0.5684,0.089958573
2009-12-07,0,0.5492,0.089872875
2009-12-08,5.9,0.5778,0.675638156
2009-12-09,0,0.4832,0.089809307
2009-12-10,0,0.4181,0.089743502
2009-12-11,0,0.4711,0.089665137
2009-12-12,2.04,0.5738,0.292014895
2009-12-13,0,0.6625,0.089537482
2009-12-14,0,0.6368,0.089456312
2009-12-15,0,0.497,0.089372599
2009-12-16,0,0.509,0.089287458
2009-12-17,0,0.5982,0.089202398
2009-12-18,0,0.6009,0.08911742
2009-12-19,0,0.5167,0.089032522
2009-12-20,0,0.5544,0.088947705
2009-12-21,0,0.5486,0.08886297
2009-12-22,0,0.7323,0.088778314
2009-12-23,4.77,0.7252,0.562319495
2009-12-24,14.56,0.6423,1.535601429
2009-12-25,19.6,0.4489,2.037642979
2009-12-26,0,0.4393,0.090006592
2009-12-27,0,0.4435,0.090184718
2009-12-28,0,0.4759,0.090306315
2009-12-29,0,0.5048,0.090390066
2009-12-30,2,0.5334,0.288898917
2009-12-31,0,0.5332,0.090501319
