"Date","P","E","T","Q" 
2004-09-02,0.0670,2.1136,12.648,0.1222
2004-09-03,0.0000,2.2843,14.427,0.1000
2004-09-04,0.0099,2.7573,17.274,0.0834
2004-09-05,0.0000,2.8527,17.856,0.0756
2004-09-06,0.0000,2.8823,18.049,0.0736
2004-09-07,0.0000,2.7593,16.941,0.0664
2004-09-08,0.0000,2.6806,16.848,0.0691
2004-09-09,0.0670,2.6774,16.207,0.0636
2004-09-10,0.0000,2.3870,14.465,0.0570
2004-09-11,0.1340,2.3765,15.477,0.0496
2004-09-12,3.9294,2.7166,17.799,0.0652
2004-09-13,0.3462,2.1492,13.903,0.0631
2004-09-14,0.0670,2.1076,14.176,0.0662
2004-09-15,0.0967,1.9760,12.939,0.0732
2004-09-16,1.2964,1.7041,10.947,0.0666
2004-09-17,0.0000,1.4484,8.206,0.0562
2004-09-18,0.0000,1.5879,9.946,0.0562
2004-09-19,0.0000,1.8712,12.578,0.0562
2004-09-20,2.0630,1.9786,13.175,0.0562
2004-09-21,0.0670,1.6347,11.249,0.0562
2004-09-22,1.8505,1.8407,12.779,0.0511
2004-09-23,0.8627,1.6406,11.415,0.0410
2004-09-24,11.8478,1.8698,13.138,0.0617
2004-09-25,0.9274,1.4816,9.584,0.0420
2004-09-26,0.7901,1.5521,10.297,0.0375
2004-09-27,0.9947,1.7014,11.756,0.0379
2004-09-28,0.0901,1.7079,12.304,0.0375
2004-09-29,0.1769,1.9188,14.056,0.0375
2004-09-30,0.0330,1.8022,12.762,0.0375
2004-10-01,0.0670,1.5927,11.251,0.0375
2004-10-02,2.0040,1.8709,13.524,0.0523
2004-10-03,0.0000,1.6468,11.762,0.0500
2004-10-04,0.0000,1.4485,10.131,0.0494
2004-10-05,0.0670,1.8780,13.686,0.0529
2004-10-06,0.2680,2.0731,15.568,0.0461
2004-10-07,6.5765,1.5000,10.644,0.0420
2004-10-08,0.0670,1.2190,7.851,0.0375
2004-10-09,0.9901,1.2053,7.821,0.0375
2004-10-10,1.0462,1.3693,9.282,0.0400
2004-10-11,0.0000,1.2560,8.072,0.0390
2004-10-12,0.0000,1.1590,7.568,0.0375
2004-10-13,0.0000,1.2095,8.099,0.0375
2004-10-14,0.0670,1.2702,8.940,0.0375
2004-10-15,7.0990,1.3584,9.904,0.0638
2004-10-16,7.9412,1.1453,7.525,0.1027
2004-10-17,4.3802,1.0534,6.361,0.0933
2004-10-18,6.8300,1.0680,6.747,0.0869
2004-10-19,1.3861,1.1190,7.396,0.0838
2004-10-20,0.0000,1.0719,6.799,0.0590
2004-10-21,10.0601,1.6943,13.674,0.1244
2004-10-22,4.8086,1.4542,11.177,0.3260
2004-10-23,0.0000,1.1538,8.668,0.1128
2004-10-24,0.0670,1.5859,13.330,0.0800
2004-10-25,1.7670,1.4579,12.327,0.0750
2004-10-26,0.1099,1.4767,12.133,0.0818
2004-10-27,0.0000,1.0609,7.631,0.0879
2004-10-28,1.3241,1.0601,7.496,0.0748
2004-10-29,8.3396,1.3276,10.925,0.1587
2004-10-30,7.8371,1.2575,9.856,0.2433
2004-10-31,1.4406,1.1068,8.555,0.3110
2004-11-01,0.0000,1.0891,8.171,0.1509
2004-11-02,0.5198,1.1145,8.441,0.1148
2004-11-03,2.7284,1.1321,8.983,0.1125
2004-11-04,1.9363,1.1651,9.609,0.1277
2004-11-05,10.3125,1.2144,10.230,0.9679
2004-11-06,0.0000,0.9873,6.736,0.4008
2004-11-07,3.0403,0.9162,6.377,0.2124
2004-11-08,0.6924,0.8777,5.249,0.2483
2004-11-09,0.5736,0.7714,3.966,0.1847
2004-11-10,0.0000,0.6821,1.668,0.1492
2004-11-11,4.9996,0.6343,1.342,0.2089
2004-11-12,0.0868,0.6872,2.405,0.3580
2004-11-13,0.2264,0.7145,3.087,0.2200
2004-11-14,0.1472,0.7468,3.319,0.1730
2004-11-15,0.0000,0.6498,1.289,0.1372
2004-11-16,0.0000,0.5261,-0.570,0.1220
2004-11-17,0.0330,0.7805,4.826,0.1125
2004-11-18,0.8518,0.9693,8.065,0.1242
2004-11-19,4.8504,0.9394,7.520,0.1585
2004-11-20,4.0138,0.6592,2.189,1.3375
2004-11-21,0.0264,0.4912,-1.085,0.3877
2004-11-22,0.8518,0.5215,-0.483,0.2300
2004-11-23,0.6112,0.9228,8.266,0.2472
2004-11-24,1.6541,0.9437,7.680,0.2975
2004-11-25,0.0000,0.5339,-0.178,0.2557
2004-11-26,0.1099,0.4982,-1.545,0.1911
2004-11-27,0.0198,0.6246,2.600,0.1687
2004-11-28,2.7650,0.8397,6.681,0.2327
2004-11-29,0.0670,0.8040,5.901,0.2286
2004-11-30,0.0000,0.7893,5.535,0.2009
2004-12-01,0.0000,0.6858,2.700,0.1691
2004-12-02,4.2551,0.6522,2.879,0.2319
2004-12-03,0.9099,0.6547,3.086,0.3053
2004-12-04,0.0099,0.6344,2.644,0.2725
2004-12-05,0.0670,0.4875,-0.906,0.2120
2004-12-06,0.0000,0.4631,-1.322,0.1763
2004-12-07,0.0000,0.6280,2.443,0.1687
2004-12-08,0.0000,0.6088,1.921,0.1591
2004-12-09,0.0000,0.6530,3.243,0.1499
2004-12-10,0.0000,0.5384,0.119,0.1454
2004-12-11,0.0330,0.4229,-2.882,0.1208
2004-12-12,0.0000,0.3873,-3.685,0.1125
2004-12-13,0.0000,0.3944,-3.585,0.1125
2004-12-14,0.0000,0.3857,-3.769,0.0974
2004-12-15,0.0000,0.3636,-4.374,0.0937
2004-12-16,0.0000,0.3932,-3.521,0.0937
2004-12-17,3.0663,0.4903,-0.565,0.1125
2004-12-18,13.1830,0.6692,3.801,1.9376
2004-12-19,2.2607,0.6112,2.396,2.9710
2004-12-20,5.0795,0.5503,0.577,3.3817
2004-12-21,0.0099,0.3893,-4.417,0.6005
2004-12-22,0.0297,0.3102,-6.682,0.2479
2004-12-23,1.2349,0.4280,-2.271,0.1911
2004-12-24,2.0887,0.6583,4.124,0.3440
2004-12-25,3.2986,0.8282,7.130,1.8771
2004-12-26,3.4564,0.6942,3.973,3.6914
2004-12-27,0.0000,0.5528,0.806,1.0185
2004-12-28,0.0165,0.4746,-2.059,0.4035
2004-12-29,4.0841,0.4643,-1.310,0.2874
2004-12-30,1.3904,0.5442,0.662,0.2497
2004-12-31,0.2561,0.5549,1.217,0.3813
2005-01-01,0.8970,0.6895,4.446,1.3156
2005-01-02,1.3927,0.8096,6.643,1.3309
2005-01-03,2.1396,0.6932,4.121,1.5444
2005-01-04,0.4089,0.6132,2.784,0.5935
2005-01-05,0.0000,0.6386,2.938,0.4643
2005-01-06,4.3422,0.6913,4.160,0.6667
2005-01-07,0.8617,0.7893,5.831,1.3699
2005-01-08,0.0000,0.9149,7.951,0.6689
2005-01-09,2.1178,0.8234,6.325,0.6136
2005-01-10,0.0000,0.7597,5.388,0.5521
2005-01-11,0.9541,0.9431,7.870,0.4629
2005-01-12,2.1858,0.8728,7.069,0.5863
2005-01-13,3.0211,0.8354,6.255,0.9051
2005-01-14,0.1000,0.6119,1.962,0.6770
2005-01-15,0.0231,0.4819,-1.068,0.4236
2005-01-16,0.0000,0.4506,-2.619,0.3606
2005-01-17,0.0330,0.3955,-4.236,0.2848
2005-01-18,2.9452,0.5186,-0.131,0.2638
2005-01-19,15.0325,0.7059,3.403,7.6371
2005-01-20,0.7089,0.6284,2.045,2.3740
2005-01-21,7.7550,0.9027,7.326,2.5013
2005-01-22,6.1871,0.7699,4.665,7.4817
2005-01-23,0.0670,0.6220,1.217,1.3326
2005-01-24,0.1287,0.5760,0.302,0.6421
2005-01-25,2.2389,0.4980,-1.560,0.4662
2005-01-26,0.0000,0.4399,-3.529,0.3579
2005-01-27,0.0000,0.4465,-3.179,0.2743
2005-01-28,0.0000,0.4250,-4.018,0.2374
2005-01-29,0.0000,0.5115,-1.483,0.2374
2005-01-30,0.0528,0.4400,-4.117,0.1995
2005-01-31,0.2924,0.4875,-2.204,0.1698
2005-02-01,0.4772,0.6469,1.775,0.2393
2005-02-02,0.4914,0.7296,2.690,0.4506
2005-02-03,0.9914,0.7274,2.952,0.3908
2005-02-04,0.6861,0.7655,3.025,0.4244
2005-02-05,0.0099,0.6741,1.102,0.3385
2005-02-06,0.0462,0.5421,-1.496,0.2663
2005-02-07,0.0264,0.5622,-1.429,0.2345
2005-02-08,0.0000,0.5549,-1.189,0.2220
2005-02-09,0.0000,0.5921,-0.494,0.2138
2005-02-10,0.0000,0.6052,-0.099,0.2167
2005-02-11,6.8144,0.7822,3.909,0.2946
2005-02-12,5.2270,1.0062,6.926,3.4626
2005-02-13,11.2230,1.1362,8.510,5.5283
2005-02-14,8.0507,0.6962,1.505,8.7066
2005-02-15,3.2808,0.6921,1.201,3.3790
2005-02-16,0.0000,0.6141,-0.436,2.3004
2005-02-17,0.0000,0.5509,-1.984,0.7563
2005-02-18,0.0000,0.5539,-2.020,0.4717
2005-02-19,0.2759,0.5415,-2.308,0.3930
2005-02-20,3.9204,0.6248,-0.177,0.4010
2005-02-21,2.7997,0.6321,-0.191,0.5880
2005-02-22,1.1188,0.5840,-1.554,0.7288
2005-02-23,0.2571,0.5496,-2.661,0.5638
2005-02-24,0.0000,0.4562,-4.928,0.4090
2005-02-25,0.4858,0.4426,-5.390,0.3584
2005-02-26,0.0000,0.4348,-5.289,0.3110
2005-02-27,0.1264,0.4947,-3.718,0.3055
2005-02-28,0.1297,0.5022,-4.201,0.2925
2005-03-01,0.0670,0.3873,-8.836,0.2298
2005-03-02,0.0099,0.3613,-8.776,0.2333
2005-03-03,0.0000,0.5277,-3.846,0.2032
2005-03-04,0.8891,0.5980,-2.067,0.1984
2005-03-05,0.0528,0.5887,-2.677,0.1890
2005-03-06,6.8432,0.6016,-1.943,0.2067
2005-03-07,0.1792,0.5459,-3.761,0.1818
2005-03-08,0.2264,0.6821,-0.054,0.2064
2005-03-09,0.5013,0.8393,2.105,0.5870
2005-03-10,0.5277,0.8457,2.072,1.0909
2005-03-11,0.0000,0.8152,1.204,1.1817
2005-03-12,0.3726,0.8381,2.208,1.0384
2005-03-13,3.3237,0.8197,1.801,2.2490
2005-03-14,0.0000,0.8383,1.921,0.8975
2005-03-15,0.0000,0.9327,2.860,0.5667
2005-03-16,0.4690,0.9829,3.932,0.4248
2005-03-17,0.0000,1.4112,9.339,0.3795
2005-03-18,0.0670,1.5893,11.373,0.3413
2005-03-19,0.0000,1.5076,10.013,0.3194
2005-03-20,0.0000,1.5024,10.128,0.3100
2005-03-21,0.0000,1.4727,9.291,0.3005
2005-03-22,0.0000,1.4029,7.966,0.2854
2005-03-23,1.3330,1.4986,9.548,0.2675
2005-03-24,0.0000,1.7004,11.524,0.2618
2005-03-25,1.1723,1.5421,10.289,0.2470
2005-03-26,0.0769,1.6162,10.173,0.2313
2005-03-27,0.0670,1.4501,9.037,0.2194
2005-03-28,0.2944,1.6254,10.179,0.1995
2005-03-29,5.8324,1.6197,10.123,0.1777
2005-03-30,0.4561,1.6058,10.203,0.1802
2005-03-31,3.9907,1.5576,9.127,0.1761
2005-04-01,0.0670,1.6045,9.560,0.1556
2005-04-02,0.0000,1.4625,8.235,0.1419
2005-04-03,0.0165,1.4401,7.911,0.1318
2005-04-04,0.0000,1.5865,9.531,0.1312
2005-04-05,0.0670,1.5530,9.878,0.1312
2005-04-06,2.4792,1.5411,8.824,0.1312
2005-04-07,4.3604,1.3963,7.743,0.1322
2005-04-08,3.3128,1.5305,8.870,0.1798
2005-04-09,2.0815,1.2241,5.511,0.1507
2005-04-10,0.0670,1.0931,3.581,0.1349
2005-04-11,0.0000,1.2248,5.069,0.1310
2005-04-12,0.2680,1.4516,7.353,0.1164
2005-04-13,0.0000,1.5385,8.261,0.1251
2005-04-14,0.0000,1.6750,9.686,0.1216
2005-04-15,0.0000,1.7451,10.380,0.1126
2005-04-16,3.8462,1.5923,8.646,0.1125
2005-04-17,2.6571,1.5127,7.797,0.1138
2005-04-18,0.5475,1.7855,10.102,0.1134
2005-04-19,0.0000,1.7482,10.195,0.1125
2005-04-20,3.8739,1.5991,8.267,0.1125
2005-04-21,0.1934,1.4233,6.691,0.0951
2005-04-22,0.0000,1.3799,6.139,0.0937
2005-04-23,0.0000,1.4602,6.912,0.0937
2005-04-24,1.7132,1.5090,7.851,0.0939
2005-04-25,0.9944,1.9408,11.196,0.1066
2005-04-26,13.9507,1.8246,10.088,0.2815
2005-04-27,6.6914,1.8842,10.587,0.3381
2005-04-28,0.6802,1.8870,10.408,0.5158
2005-04-29,0.0868,1.8179,10.235,0.2169
2005-04-30,0.8297,2.4914,15.055,0.1638
2005-05-01,0.0000,2.6546,15.728,0.1404
2005-05-02,0.0670,2.9800,17.770,0.1244
2005-05-03,0.2637,2.7347,16.265,0.1169
2005-05-04,1.2891,2.2536,13.411,0.1125
2005-05-05,6.0013,1.9595,10.627,0.1167
2005-05-06,1.2043,1.9664,10.450,0.1123
2005-05-07,2.1924,1.8408,9.786,0.1044
2005-05-08,6.9191,1.5388,7.212,0.1103
2005-05-09,0.9218,1.4317,6.236,0.1125
2005-05-10,0.0670,1.4995,6.116,0.0980
2005-05-11,0.0000,1.5278,6.215,0.0937
2005-05-12,0.0670,1.6163,6.509,0.0849
2005-05-13,0.0297,1.9630,9.032,0.0843
2005-05-14,0.3264,2.1344,10.157,0.0925
2005-05-15,12.4274,2.0911,9.975,0.1132
2005-05-16,2.0885,2.0682,9.558,0.1404
2005-05-17,0.0000,2.1158,10.010,0.1142
2005-05-18,0.0000,1.9937,7.811,0.1121
2005-05-19,0.0670,1.8439,6.999,0.0974
2005-05-20,0.0000,2.1292,10.237,0.0937
2005-05-21,8.0038,2.9846,15.524,0.0875
2005-05-22,0.8139,2.6968,13.827,0.1003
2005-05-23,0.0670,2.4845,12.775,0.0937
2005-05-24,0.2812,2.4618,12.125,0.0933
2005-05-25,0.2680,2.4395,12.246,0.0896
2005-05-26,0.2680,3.2911,16.616,0.0798
2005-05-27,0.1340,3.7528,19.160,0.0703
2005-05-28,0.0670,4.2263,21.175,0.0675
2005-05-29,0.5360,4.3199,21.686,0.0650
2005-05-30,17.2099,4.1564,20.015,0.0681
2005-05-31,2.7380,2.5378,12.359,0.1490
2005-06-01,0.2010,2.2963,10.844,0.0937
2005-06-02,0.1340,2.7064,13.008,0.0810
2005-06-03,0.0000,3.0438,15.316,0.0771
2005-06-04,7.2056,3.2603,16.806,0.0765
2005-06-05,1.8426,2.5224,12.678,0.0851
2005-06-06,0.2680,2.2894,11.316,0.0750
2005-06-07,4.9219,2.5183,12.230,0.0787
2005-06-08,0.0670,2.1443,8.799,0.0750
2005-06-09,0.1340,2.2898,10.237,0.0750
2005-06-10,0.2142,2.5040,11.625,0.0644
2005-06-11,0.0670,2.6490,12.549,0.0603
2005-06-12,0.1340,2.5405,11.365,0.0644
2005-06-13,0.0670,2.3336,10.682,0.0601
2005-06-14,0.0000,2.6058,12.828,0.0638
2005-06-15,0.0099,2.8235,13.747,0.0562
2005-06-16,0.0670,3.0958,16.084,0.0562
2005-06-17,0.0670,3.5232,17.884,0.0562
2005-06-18,0.0670,3.9333,19.379,0.0547
2005-06-19,0.1340,4.4151,20.569,0.0490
2005-06-20,0.2680,4.2885,20.299,0.0488
2005-06-21,0.0670,4.6735,21.945,0.0465
2005-06-22,0.0000,4.7725,22.753,0.0443
2005-06-23,0.0000,4.5346,20.891,0.0443
2005-06-24,0.2010,4.6823,22.118,0.0445
2005-06-25,0.4020,5.3409,24.472,0.0400
2005-06-26,3.6766,4.2995,21.063,0.0498
2005-06-27,0.4020,4.4061,20.847,0.0478
2005-06-28,10.2243,4.5183,21.690,0.0506
2005-06-29,0.1340,4.9864,23.329,0.0482
2005-06-30,7.0494,4.2180,20.257,0.0394
2005-07-01,3.9555,3.4364,17.250,0.0394
2005-07-02,2.1505,3.0935,15.609,0.0394
2005-07-03,2.6548,3.3737,16.710,0.0412
2005-07-04,0.2680,4.0703,19.579,0.0375
2005-07-05,6.1782,3.3061,16.386,0.0410
2005-07-06,0.2010,2.7195,13.452,0.0398
2005-07-07,9.6792,2.8230,14.034,0.0389
2005-07-08,6.3634,2.4849,11.944,0.0588
2005-07-09,3.1212,2.7437,13.341,0.0375
2005-07-10,0.0000,3.1709,15.309,0.0375
2005-07-11,0.4020,3.8576,18.478,0.0375
2005-07-12,0.6030,4.5887,20.863,0.0375
2005-07-13,0.2680,4.1940,20.197,0.0375
2005-07-14,0.2680,4.5563,21.595,0.0467
2005-07-15,0.0670,4.6891,22.154,0.0394
2005-07-16,0.0000,4.4505,21.714,0.0387
2005-07-17,0.1340,4.2114,20.753,0.0338
2005-07-18,0.2010,4.0296,19.440,0.0353
2005-07-19,1.1954,3.8824,19.551,0.0353
2005-07-20,0.1099,3.1952,16.309,0.0373
2005-07-21,7.8835,2.8869,15.130,0.0369
2005-07-22,0.1340,2.9607,15.320,0.0375
2005-07-23,0.0099,3.0499,15.931,0.0375
2005-07-24,0.2680,3.2095,16.260,0.0316
2005-07-25,8.9218,3.1931,16.504,0.0375
2005-07-26,2.6940,3.4804,17.961,0.0375
2005-07-27,0.4363,3.4395,17.803,0.0375
2005-07-28,0.2812,4.3347,21.301,0.0348
2005-07-29,12.6426,4.4776,22.114,0.0355
2005-07-30,38.1379,3.6636,19.053,0.1263
2005-07-31,5.9005,3.0641,16.010,0.1011
2005-08-01,4.4835,2.7285,14.913,0.0568
2005-08-02,0.3779,3.1126,16.209,0.0426
2005-08-03,0.0000,3.1473,15.975,0.0375
2005-08-04,0.2066,2.8676,15.497,0.0457
2005-08-05,0.3350,2.8686,15.017,0.0375
2005-08-06,5.1835,2.5858,14.195,0.0396
2005-08-07,0.6700,2.4422,13.033,0.0504
2005-08-08,4.3364,2.2384,11.801,0.0500
2005-08-09,1.2320,2.3366,12.193,0.0562
2005-08-10,0.0099,2.5876,13.657,0.0484
2005-08-11,0.3350,2.6059,14.175,0.0457
2005-08-12,2.7707,2.4911,14.140,0.0375
2005-08-13,0.5360,2.7142,15.167,0.0385
2005-08-14,0.5360,2.6821,14.686,0.0469
2005-08-15,14.6538,2.4597,13.543,0.0601
2005-08-16,5.6429,2.4528,13.435,0.0593
2005-08-17,0.0670,3.0995,16.445,0.0375
2005-08-18,0.0670,3.1261,17.053,0.0375
2005-08-19,0.0000,3.2837,17.949,0.0375
2005-08-20,2.1356,2.8031,16.387,0.0375
2005-08-21,0.1340,2.6267,14.891,0.0375
2005-08-22,0.3350,2.5882,14.963,0.0375
2005-08-23,0.0000,2.9435,16.551,0.0375
2005-08-24,0.5264,2.5495,15.059,0.0375
2005-08-25,0.0769,2.6607,15.165,0.0375
2005-08-26,4.0201,2.3488,13.526,0.0478
2005-08-27,0.3350,2.1224,12.141,0.0416
2005-08-28,0.2010,2.1734,12.221,0.0375
2005-08-29,0.4020,2.5404,14.456,0.0330
2005-08-30,0.0000,2.7849,15.943,0.0314
2005-08-31,0.3350,3.1511,18.371,0.0258
2005-09-01,0.1340,3.4542,20.058,0.0234
2005-09-02,0.2878,2.9690,18.057,0.0213
2005-09-03,0.0670,3.0783,18.060,0.0375
2005-09-04,0.4921,2.9975,17.867,0.0375
2005-09-05,0.2680,3.1365,18.062,0.0375
2005-09-06,0.0000,3.0232,18.315,0.0375
2005-09-07,0.6617,3.1036,18.902,0.0375
2005-09-08,0.2680,3.1444,19.223,0.0375
2005-09-09,0.1835,3.1934,19.353,0.0375
2005-09-10,3.2014,2.9363,17.865,0.0398
2005-09-11,60.1352,2.7106,17.296,0.5226
2005-09-12,1.5089,2.5452,16.196,0.2190
2005-09-13,3.8644,2.4972,15.596,0.0873
2005-09-14,0.0670,2.5625,15.596,0.0621
2005-09-15,0.0000,2.2368,15.104,0.0562
2005-09-16,0.1802,2.6735,17.476,0.0465
2005-09-17,9.1723,2.0692,12.915,0.0664
2005-09-18,0.2109,1.6357,8.238,0.0582
2005-09-19,0.0670,1.5765,8.396,0.0410
2005-09-20,0.0000,1.5986,8.861,0.0375
2005-09-21,0.2680,1.6599,9.395,0.0375
2005-09-22,0.0000,1.6886,10.125,0.0375
2005-09-23,0.0670,1.7639,10.798,0.0375
2005-09-24,0.0000,1.8366,11.754,0.0375
2005-09-25,0.2142,1.9704,13.194,0.0375
2005-09-26,0.2779,2.0724,14.351,0.0375
2005-09-27,0.0000,2.0981,14.062,0.0375
2005-09-28,0.0396,2.1078,14.500,0.0375
2005-09-29,1.8779,1.8405,12.488,0.0375
2005-09-30,1.6835,1.6264,10.170,0.0431
2005-10-01,0.3023,1.4665,9.370,0.0562
2005-10-02,12.4030,1.7113,11.262,0.0679
2005-10-03,0.7360,1.4956,9.124,0.0389
2005-10-04,0.0670,1.5279,9.610,0.0375
2005-10-05,0.0000,1.7840,12.352,0.0470
2005-10-06,0.2680,2.0276,14.236,0.0484
2005-10-07,0.1340,2.0411,14.301,0.0453
2005-10-08,0.1340,2.0032,13.956,0.0375
2005-10-09,0.3350,1.7912,12.270,0.0435
2005-10-10,0.6030,1.6514,11.394,0.0474
2005-10-11,0.1340,1.6613,11.669,0.0377
2005-10-12,0.4020,1.5909,11.078,0.0375
2005-10-13,0.0000,1.6250,12.247,0.0377
2005-10-14,0.2010,1.5088,10.814,0.0375
2005-10-15,0.0000,1.4568,9.868,0.0375
2005-10-16,0.1340,1.3582,9.366,0.0375
2005-10-17,0.0670,1.3794,9.448,0.0375
2005-10-18,0.1340,1.2075,6.840,0.0375
2005-10-19,0.0670,1.1845,6.695,0.0375
2005-10-20,5.2749,1.2367,8.086,0.0492
2005-10-21,2.4350,1.5215,11.393,0.0562
2005-10-22,9.1466,1.7017,13.248,0.0590
2005-10-23,8.9310,1.7305,13.678,0.1017
2005-10-24,6.1687,1.5150,11.394,0.1294
2005-10-25,0.0000,1.3682,10.269,0.0691
2005-10-26,0.3868,1.6817,13.670,0.0566
2005-10-27,0.0000,1.7514,14.362,0.0562
2005-10-28,0.2680,1.7094,12.941,0.0556
2005-10-29,0.2010,1.7237,13.390,0.0392
2005-10-30,0.3449,1.5716,12.783,0.0375
2005-10-31,0.2010,1.5310,12.065,0.0375
2005-11-01,0.8680,1.6269,13.499,0.0375
2005-11-02,8.0808,1.3908,10.905,0.0572
2005-11-03,6.5145,1.2391,9.793,0.0640
2005-11-04,0.1604,1.5933,12.809,0.0822
2005-11-05,5.0373,1.3814,11.299,0.0912
2005-11-06,2.9842,1.0866,7.598,0.0798
2005-11-07,0.2010,1.1181,7.584,0.0750
2005-11-08,1.9079,1.0081,7.244,0.0613
2005-11-09,0.4020,1.2131,8.720,0.0562
2005-11-10,1.5548,0.9936,6.889,0.0562
2005-11-11,0.0670,1.0511,7.196,0.0447
2005-11-12,0.3812,1.0501,7.551,0.0447
2005-11-13,1.4469,0.9528,6.237,0.0547
2005-11-14,1.0406,1.1480,8.963,0.0515
2005-11-15,0.0000,0.9672,6.721,0.0375
2005-11-16,6.1165,0.8646,4.897,0.0511
2005-11-17,2.0201,0.8157,4.089,0.1021
2005-11-18,0.2165,0.7429,2.613,0.0927
2005-11-19,0.0000,0.7219,2.066,0.0734
2005-11-20,0.0000,0.5849,-0.485,0.0562
2005-11-21,0.0670,0.5666,-0.586,0.0562
2005-11-22,0.0769,0.7606,3.365,0.0558
2005-11-23,0.0670,0.5914,-0.711,0.0400
2005-11-24,0.2010,0.6132,0.231,0.0375
2005-11-25,3.0719,0.6669,1.636,0.0478
2005-11-26,0.4594,0.5689,-0.459,0.0562
2005-11-27,1.2597,0.5639,-0.380,0.0562
2005-11-28,1.5914,0.5915,0.364,0.0562
2005-11-29,3.9072,0.6222,1.138,0.1556
2005-11-30,0.2142,0.6370,0.837,0.1294
2005-12-01,0.0670,0.5940,0.300,0.0804
2005-12-02,0.2010,0.5796,-0.506,0.0652
2005-12-03,11.9676,0.6094,1.265,0.1812
2005-12-04,10.8613,0.8352,5.510,0.5427
2005-12-05,16.5597,0.8853,6.577,4.0188
2005-12-06,2.1878,0.7805,4.688,3.2699
2005-12-07,0.4944,0.7203,3.455,0.9262
2005-12-08,0.2132,0.7266,3.807,0.4074
2005-12-09,2.8452,0.6793,2.678,0.3584
2005-12-10,0.0000,0.6411,1.674,0.2825
2005-12-11,0.1340,0.5554,-1.023,0.1950
2005-12-12,0.0000,0.4978,-2.387,0.1374
2005-12-13,0.0000,0.6093,1.575,0.1312
2005-12-14,0.0000,0.6748,2.093,0.1249
2005-12-15,0.0670,0.6955,2.821,0.1275
2005-12-16,0.1066,0.6871,3.363,0.1125
2005-12-17,4.0564,0.7946,5.256,0.1620
2005-12-18,2.8089,0.5648,0.302,0.2286
2005-12-19,0.3165,0.5699,0.372,0.2095
2005-12-20,2.6158,0.5454,-0.058,0.1788
2005-12-21,0.0000,0.5635,0.431,0.1851
2005-12-22,0.0670,0.5792,0.647,0.2425
2005-12-23,0.0231,0.5903,1.054,0.2083
2005-12-24,0.0670,0.6611,2.924,0.1732
2005-12-25,0.2010,0.7195,3.874,0.1564
2005-12-26,0.1703,0.6895,2.686,0.1458
2005-12-27,0.7660,0.5497,-0.233,0.1312
2005-12-28,2.4512,0.4395,-3.483,0.1197
2005-12-29,1.1162,0.4475,-3.415,0.1125
2005-12-30,0.2396,0.3879,-4.848,0.0949
2005-12-31,6.0458,0.4180,-4.104,0.0955
2006-01-01,1.9432,0.6755,2.963,1.0304
2006-01-02,3.3099,0.6891,2.516,2.5885
2006-01-03,0.0000,0.7122,2.559,1.4293
2006-01-04,0.0000,0.5917,0.206,0.4678
2006-01-05,0.0000,0.5179,-1.248,0.2997
2006-01-06,0.4495,0.5177,-1.443,0.2433
2006-01-07,0.0165,0.4402,-2.788,0.1794
2006-01-08,0.1340,0.4580,-2.840,0.1554
2006-01-09,0.1340,0.5306,-1.000,0.1482
2006-01-10,0.0670,0.4316,-3.772,0.1312
2006-01-11,0.0000,0.4481,-3.579,0.1279
2006-01-12,3.8442,0.4999,-1.779,0.1189
2006-01-13,0.4660,0.6124,0.798,0.1843
2006-01-14,0.2010,0.5418,-1.031,0.1944
2006-01-15,0.4020,0.4790,-3.519,0.1552
2006-01-16,0.4690,0.3918,-5.706,0.1312
2006-01-17,0.3320,0.4638,-3.722,0.1146
2006-01-18,12.3372,0.7065,2.507,1.2116
2006-01-19,2.0290,0.7169,2.685,2.0007
2006-01-20,0.0000,0.6306,0.921,1.1505
2006-01-21,2.6399,0.8117,4.605,1.0126
2006-01-22,1.1132,0.7316,2.854,1.3369
2006-01-23,0.2680,0.6536,0.817,0.7339
2006-01-24,0.0670,0.4830,-3.529,0.3702
2006-01-25,0.1340,0.4537,-4.700,0.2442
2006-01-26,0.1637,0.4885,-3.280,0.2040
2006-01-27,0.0099,0.5369,-2.054,0.1833
2006-01-28,0.0000,0.4089,-6.056,0.1382
2006-01-29,0.1340,0.5597,-2.566,0.1269
2006-01-30,0.2010,0.7827,1.248,0.1125
2006-01-31,0.0000,0.6720,-0.152,0.1103
2006-02-01,0.0000,0.6151,-1.047,0.0978
2006-02-02,0.0000,0.5433,-2.789,0.0937
2006-02-03,0.2680,0.4630,-4.820,0.0937
2006-02-04,0.0670,0.4412,-5.368,0.0824
2006-02-05,0.0670,0.6505,-0.452,0.0750
2006-02-06,0.1340,0.6916,0.939,0.0834
2006-02-07,0.0000,0.7818,2.345,0.0937
2006-02-08,0.4693,0.7870,2.917,0.0986
2006-02-09,2.6861,0.7915,2.685,0.1281
2006-02-10,1.5247,0.6820,0.714,0.1138
2006-02-11,0.2452,0.7196,1.118,0.1093
2006-02-12,0.2680,0.7038,0.344,0.1185
2006-02-13,1.8178,0.6667,-0.217,0.1203
2006-02-14,0.0868,0.6450,-0.714,0.1308
2006-02-15,0.1188,0.7749,1.679,0.1644
2006-02-16,14.3791,0.9732,5.162,3.2398
2006-02-17,7.6353,1.0348,5.865,6.2953
2006-02-18,2.1772,0.9503,4.516,2.1606
2006-02-19,9.9277,0.9094,3.771,3.8764
2006-02-20,1.8647,0.9872,4.725,3.0705
2006-02-21,1.9792,0.9610,4.007,1.3490
2006-02-22,0.3234,0.8301,2.265,1.0771
2006-02-23,0.2680,0.7977,1.549,0.5835
2006-02-24,0.1340,0.7065,-0.359,0.3916
2006-02-25,0.0000,0.7650,0.800,0.3139
2006-02-26,0.0670,0.7349,0.036,0.2536
2006-02-27,0.0000,0.5994,-3.145,0.2032
2006-02-28,0.7343,0.5943,-2.742,0.1708
2006-03-01,2.1953,0.7213,-0.196,0.1974
2006-03-02,0.1924,0.6346,-2.056,0.1960
2006-03-03,0.2967,0.6573,-1.840,0.2050
2006-03-04,10.2515,0.6796,-1.724,0.2001
2006-03-05,0.0670,0.5951,-3.041,0.1825
2006-03-06,0.4594,0.5040,-4.298,0.1632
2006-03-07,2.0528,0.5969,-2.427,0.1480
2006-03-08,0.0000,0.7758,0.214,0.1632
2006-03-09,9.5679,0.8607,2.044,0.5470
2006-03-10,4.6138,1.1545,6.167,10.4546
2006-03-11,1.4376,0.9805,3.203,4.6823
2006-03-12,2.1518,0.8441,0.939,1.9074
2006-03-13,0.0670,0.6025,-4.300,0.7020
2006-03-14,0.0000,0.6547,-3.187,0.3977
2006-03-15,0.0000,0.7656,-1.178,0.3288
2006-03-16,0.0670,0.8944,1.267,0.2948
2006-03-17,0.0000,0.8029,-0.127,0.2565
2006-03-18,0.0769,0.9174,1.526,0.2335
2006-03-19,0.2779,0.9993,2.644,0.2116
2006-03-20,0.0670,1.1043,3.153,0.1954
2006-03-21,0.0000,1.1429,4.401,0.1761
2006-03-22,2.8967,1.0237,2.970,0.1851
2006-03-23,0.2132,1.0142,2.742,0.1718
2006-03-24,0.0670,1.1076,3.829,0.1593
2006-03-25,2.7838,1.2735,5.956,0.1628
2006-03-26,5.7507,1.6836,10.456,0.1978
2006-03-27,2.2211,1.9510,12.469,0.3059
2006-03-28,4.6835,1.8344,11.783,0.4793
2006-03-29,1.6957,1.4894,8.270,0.3879
2006-03-30,2.2505,1.3720,6.610,0.5006
2006-03-31,15.3996,1.7173,10.399,3.9502
2006-04-01,7.6702,1.7628,10.716,6.1883
2006-04-02,5.4264,1.5492,8.551,3.4516
2006-04-03,4.2029,1.5050,7.898,2.9520
2006-04-04,6.2997,1.3404,6.325,3.1236
2006-04-05,0.0670,1.2318,4.917,2.5419
2006-04-06,0.0670,1.1364,3.100,0.9023
2006-04-07,0.2680,1.1418,3.210,0.5236
2006-04-08,0.4020,1.2540,4.736,0.3797
2006-04-09,0.1472,1.3560,6.337,0.2864
2006-04-10,0.0901,1.4528,6.490,0.2483
2006-04-11,0.3350,1.3607,4.984,0.2298
2006-04-12,0.0670,1.2273,4.139,0.1907
2006-04-13,0.5594,1.4713,6.551,0.1880
2006-04-14,1.1353,1.4179,6.661,0.1741
2006-04-15,1.7132,1.7306,9.300,0.1868
2006-04-16,2.7677,1.7806,9.748,0.1820
2006-04-17,7.6699,1.8364,10.107,0.4094
2006-04-18,0.4802,1.8651,10.054,0.3024
2006-04-19,0.0670,1.7121,8.494,0.2388
2006-04-20,0.0670,1.5832,7.543,0.2128
2006-04-21,0.0670,1.7223,8.669,0.1876
2006-04-22,0.0000,2.0558,12.040,0.1693
2006-04-23,0.0165,1.9066,11.350,0.1534
2006-04-24,0.0000,1.6643,8.662,0.1374
2006-04-25,0.2439,2.6145,13.376,0.1253
2006-04-26,0.1538,2.4899,14.048,0.1208
2006-04-27,0.2046,2.2795,12.389,0.1232
2006-04-28,0.0000,2.0668,10.607,0.1169
2006-04-29,0.0670,1.8794,8.971,0.1125
2006-04-30,0.5360,1.4890,5.490,0.1125
2006-05-01,6.5614,1.2422,3.305,0.1207
2006-05-02,5.1255,1.6330,7.086,0.1380
2006-05-03,0.0000,2.2793,11.778,0.1312
2006-05-04,0.0000,2.7447,15.077,0.1128
2006-05-05,0.0000,3.1337,17.043,0.0992
2006-05-06,0.5571,2.7801,15.220,0.0984
2006-05-07,0.1340,2.9603,15.564,0.0937
2006-05-08,0.0000,2.7755,14.660,0.0937
2006-05-09,11.9574,2.5142,13.378,0.1087
2006-05-10,0.2340,2.5283,13.004,0.1107
2006-05-11,1.6126,2.4370,12.440,0.1025
2006-05-12,0.1340,2.7659,14.414,0.0927
2006-05-13,1.2320,2.8384,15.132,0.0826
2006-05-14,8.9822,2.5144,13.218,0.1154
2006-05-15,0.4690,2.3264,11.610,0.0945
2006-05-16,0.0000,2.6550,13.827,0.0937
2006-05-17,10.6941,2.9251,15.659,0.0902
2006-05-18,0.1264,2.9698,15.512,0.0996
2006-05-19,5.3851,3.0106,15.514,0.0937
2006-05-20,3.6092,2.3101,11.566,0.1111
2006-05-21,14.3706,2.1488,10.392,0.2762
2006-05-22,0.9244,2.5315,12.802,0.2077
2006-05-23,4.6723,2.5631,12.652,0.1546
2006-05-24,2.9472,2.0438,9.283,0.1331
2006-05-25,0.5670,1.9117,8.637,0.1171
2006-05-26,5.5201,2.1284,10.139,0.1298
2006-05-27,11.3815,2.6291,13.568,0.3270
2006-05-28,4.6697,2.9359,15.285,0.9264
2006-05-29,3.0314,2.8266,14.505,2.3941
2006-05-30,10.9452,2.0188,9.065,1.0152
2006-05-31,1.6875,1.8131,7.196,1.5690
2006-06-01,0.0835,1.8254,7.398,0.4328
2006-06-02,1.4812,1.8123,6.989,0.3114
2006-06-03,0.0000,2.2592,9.603,0.2581
2006-06-04,0.0000,2.4877,12.027,0.2089
2006-06-05,0.1340,2.7423,13.098,0.1821
2006-06-06,0.2010,2.6788,12.572,0.1683
2006-06-07,0.1340,2.4307,11.043,0.1503
2006-06-08,0.0000,2.7137,12.929,0.1363
2006-06-09,0.0000,3.0847,15.036,0.1253
2006-06-10,0.2010,3.3243,16.336,0.1205
2006-06-11,0.0670,3.6597,17.871,0.1177
2006-06-12,0.0000,3.9426,19.060,0.1138
2006-06-13,0.0000,3.9617,19.131,0.1093
2006-06-14,0.0000,4.4221,21.130,0.1009
2006-06-15,0.1340,4.4044,21.466,0.1033
2006-06-16,10.2295,3.6622,18.262,0.1169
2006-06-17,0.0670,3.2139,15.535,0.1033
2006-06-18,0.0670,3.4105,16.338,0.0949
2006-06-19,7.9528,3.9422,19.463,0.0959
2006-06-20,1.9859,3.8716,18.890,0.1037
2006-06-21,0.2680,3.7250,18.430,0.0937
2006-06-22,0.0670,3.5182,17.571,0.0904
2006-06-23,0.7099,2.8805,14.116,0.0927
2006-06-24,0.2010,3.0937,14.769,0.0847
2006-06-25,0.3350,3.7271,17.836,0.0793
2006-06-26,10.3013,3.7898,18.794,0.0853
2006-06-27,1.1162,3.5355,17.635,0.0937
2006-06-28,0.0670,3.4772,17.308,0.0845
2006-06-29,0.2010,3.8724,18.151,0.0757
2006-06-30,28.6765,3.8296,18.062,0.2677
2006-07-01,0.0000,4.3285,19.782,0.1031
2006-07-02,0.3350,4.4339,20.632,0.0800
2006-07-03,0.0000,4.3295,20.171,0.0722
2006-07-04,0.0000,4.4572,20.479,0.0707
2006-07-05,0.0000,4.7976,22.225,0.0664
2006-07-06,2.2070,4.5499,21.847,0.0582
2006-07-07,0.1396,4.0489,19.706,0.0568
2006-07-08,0.0000,3.9508,19.620,0.0562
2006-07-09,0.2680,3.9926,19.323,0.0494
2006-07-10,0.7370,3.7440,18.859,0.0492
2006-07-11,0.1340,4.1680,20.381,0.0414
2006-07-12,0.0670,4.7479,22.778,0.0396
2006-07-13,0.4119,4.8139,22.475,0.0355
2006-07-14,4.2381,4.2660,21.126,0.0375
2006-07-15,0.0000,4.3565,20.536,0.0336
2006-07-16,0.1340,4.0187,19.069,0.0324
2006-07-17,0.0670,4.2860,20.493,0.0336
2006-07-18,0.0000,4.3917,21.096,0.0310
2006-07-19,0.1340,4.6289,22.245,0.0303
2006-07-20,0.2010,4.9694,23.789,0.0279
2006-07-21,0.1340,5.0017,23.739,0.0267
2006-07-22,0.2010,5.3318,24.554,0.0271
2006-07-23,6.6092,4.5684,22.206,0.0353
2006-07-24,0.4043,4.4657,21.537,0.0295
2006-07-25,0.0670,4.7508,22.467,0.0283
2006-07-26,0.1340,5.3498,24.474,0.0266
2006-07-27,0.0000,5.6550,25.614,0.0262
2006-07-28,0.0868,4.9006,23.321,0.0248
2006-07-29,13.8499,3.8103,19.450,0.0510
2006-07-30,11.8578,3.9279,20.711,0.0541
2006-07-31,0.3449,3.8008,20.043,0.0402
2006-08-01,1.3462,3.6538,19.081,0.0375
2006-08-02,4.3835,3.0033,16.411,0.0422
2006-08-03,9.1264,2.6755,14.296,0.0613
2006-08-04,2.1475,2.5786,13.473,0.0552
2006-08-05,17.3962,2.7398,14.711,0.0968
2006-08-06,0.4373,3.5020,17.746,0.0601
2006-08-07,0.0000,3.5280,18.004,0.0375
2006-08-08,0.0000,3.5672,18.353,0.0375
2006-08-09,0.0000,3.2919,17.188,0.0375
2006-08-10,0.3614,2.7884,15.093,0.0375
2006-08-11,1.6426,2.5215,13.673,0.0482
2006-08-12,10.8928,2.3161,12.125,0.0552
2006-08-13,0.8271,2.3299,12.238,0.0430
2006-08-14,0.4020,2.4250,12.902,0.0375
2006-08-15,4.7073,2.5196,13.713,0.0398
2006-08-16,0.2033,2.6725,14.897,0.0529
2006-08-17,0.3538,2.6628,14.841,0.0558
2006-08-18,8.9027,3.1223,17.293,0.0582
2006-08-19,4.3603,3.0049,16.521,0.0730
2006-08-20,7.7281,2.8709,16.290,0.0703
2006-08-21,1.5033,2.6011,14.996,0.0765
2006-08-22,3.3373,2.5935,14.914,0.0752
2006-08-23,0.0670,2.5496,14.589,0.0773
2006-08-24,0.0670,2.7286,15.495,0.0740
2006-08-25,19.5056,2.3855,13.724,0.1033
2006-08-26,10.2426,2.3866,13.800,0.1747
2006-08-27,2.5255,2.4139,13.463,0.0894
2006-08-28,1.7730,2.5151,14.934,0.0584
2006-08-29,12.3568,2.1008,12.130,0.0978
2006-08-30,8.9770,1.9257,10.811,0.1634
2006-08-31,0.1472,2.0026,11.435,0.1492
2006-09-01,0.1340,2.1033,12.278,0.0718
2006-09-02,0.0000,2.5850,15.372,0.0566
2006-09-03,0.4690,2.8254,17.140,0.0562
2006-09-04,2.9914,3.0812,18.868,0.0572
2006-09-05,0.0000,3.0646,18.654,0.0631
2006-09-06,0.0000,2.8077,17.203,0.0551
2006-09-07,0.2010,3.0359,18.355,0.0578
2006-09-08,0.1340,2.6184,16.481,0.0556
2006-09-09,0.0670,2.1754,12.697,0.0418
2006-09-10,0.2680,2.2461,13.621,0.0433
2006-09-11,0.0670,2.5301,15.538,0.0424
2006-09-12,0.0000,2.7182,17.032,0.0461
2006-09-13,0.0000,2.8741,18.079,0.0375
2006-09-14,0.1472,2.8959,18.170,0.0375
2006-09-15,0.0670,2.7477,17.638,0.0375
2006-09-16,0.1802,2.7349,17.333,0.0375
2006-09-17,0.2010,2.4079,15.693,0.0375
2006-09-18,0.8710,2.6784,17.525,0.0375
2006-09-19,2.6898,2.3997,15.737,0.0375
2006-09-20,0.0670,2.0838,13.531,0.0379
2006-09-21,0.2010,2.0812,13.374,0.0375
2006-09-22,0.2010,2.2780,15.075,0.0375
2006-09-23,0.0000,2.6491,17.425,0.0375
2006-09-24,0.2010,2.6218,17.574,0.0375
2006-09-25,0.3449,2.6805,17.760,0.0373
2006-09-26,0.8066,2.2794,15.372,0.0375
2006-09-27,0.8020,2.1226,14.395,0.0375
2006-09-28,0.2680,1.8766,12.379,0.0375
2006-09-29,0.1340,1.9304,12.818,0.0375
2006-09-30,0.0670,2.0255,13.706,0.0375
2006-10-01,21.5990,1.9976,14.157,0.0500
2006-10-02,0.9723,2.1787,15.475,0.0683
2006-10-03,1.4558,1.9507,13.607,0.0375
2006-10-04,18.4984,1.7669,11.979,0.1251
2006-10-05,0.0198,1.6032,10.499,0.1322
2006-10-06,0.1363,1.5472,10.577,0.0656
2006-10-07,7.2735,1.8740,13.483,0.0627
2006-10-08,0.9495,1.6494,11.158,0.1132
2006-10-09,0.2680,1.3019,7.520,0.0656
2006-10-10,0.0670,1.5103,10.160,0.0551
2006-10-11,0.3736,1.9160,13.444,0.0404
2006-10-12,0.0670,1.6541,11.899,0.0375
2006-10-13,0.6944,1.7970,13.420,0.0375
2006-10-14,0.2680,2.0257,15.015,0.0375
2006-10-15,0.7370,1.7315,12.731,0.0375
2006-10-16,0.4020,1.5206,10.329,0.0375
2006-10-17,0.2680,1.4036,9.128,0.0375
2006-10-18,0.0670,1.3100,8.450,0.0375
2006-10-19,0.0000,1.4857,10.862,0.0375
2006-10-20,3.1634,1.6161,12.280,0.0375
2006-10-21,3.3848,1.7767,13.704,0.0375
2006-10-22,0.5657,1.7452,13.578,0.0375
2006-10-23,2.2185,1.8163,14.296,0.0375
2006-10-24,8.2333,1.9305,15.427,0.0439
2006-10-25,11.6930,1.5290,11.837,0.2632
2006-10-26,0.0000,1.4130,10.273,0.1833
2006-10-27,0.1340,1.7087,13.464,0.0875
2006-10-28,0.2010,1.7804,14.731,0.0711
2006-10-29,0.6261,1.7084,14.141,0.0713
2006-10-30,0.5076,1.6342,13.255,0.0806
2006-10-31,0.0670,1.1400,7.669,0.0750
2006-11-01,0.8548,1.0830,7.599,0.0687
2006-11-02,1.5419,0.9644,5.529,0.0644
2006-11-03,0.0835,0.7606,1.938,0.0502
2006-11-04,0.1505,0.8546,3.475,0.0560
2006-11-05,0.3350,0.9482,5.621,0.0447
2006-11-06,0.2010,0.9194,5.246,0.0389
2006-11-07,0.2010,0.9117,4.928,0.0392
2006-11-08,0.0670,0.8269,3.306,0.0375
2006-11-09,0.0000,0.9274,5.728,0.0375
2006-11-10,0.5561,1.1143,8.220,0.0375
2006-11-11,0.0000,0.7095,1.808,0.0375
2006-11-12,4.2528,0.8355,4.828,0.0482
2006-11-13,2.9165,0.9515,6.595,0.0568
2006-11-14,2.5795,1.0534,8.107,0.0574
2006-11-15,2.4112,1.3154,11.554,0.0853
2006-11-16,0.0000,1.2856,10.616,0.0855
2006-11-17,0.2868,1.2706,11.346,0.0750
2006-11-18,7.4624,1.1875,9.592,0.1739
2006-11-19,0.3175,0.9403,6.604,0.1277
2006-11-20,13.4670,0.9359,6.525,0.4789
2006-11-21,7.2511,0.8818,5.656,0.3510
2006-11-22,5.5693,0.9763,7.111,1.3342
2006-11-23,1.0703,0.8076,4.334,0.8172
2006-11-24,15.2897,1.0830,9.092,3.5815
2006-11-25,4.4393,1.1358,9.646,4.2177
2006-11-26,6.4716,1.4074,12.741,3.4016
2006-11-27,0.7449,1.0565,8.602,1.8851
2006-11-28,0.0000,0.9675,7.672,0.6815
2006-11-29,0.2670,1.0243,8.268,0.4990
2006-11-30,0.6901,0.9461,7.278,0.3891
2006-12-01,0.0000,0.7328,3.461,0.3210
2006-12-02,0.1340,0.8917,6.146,0.2686
2006-12-03,0.4789,0.8705,6.187,0.2382
2006-12-04,11.3782,1.0519,9.160,1.1515
2006-12-05,9.3065,1.0169,8.807,5.8871
2006-12-06,2.4730,1.2726,12.256,4.7237
2006-12-07,1.0561,0.9761,8.061,3.2908
2006-12-08,8.4706,0.8848,6.675,3.2113
2006-12-09,13.1145,0.9940,8.511,9.4654
2006-12-10,1.7436,0.7947,5.162,4.5318
2006-12-11,0.1439,0.6096,1.709,1.7559
2006-12-12,2.7313,0.7145,3.646,1.0082
2006-12-13,1.5419,0.7841,4.847,2.2871
2006-12-14,0.0231,0.7793,4.902,0.9588
2006-12-15,0.0000,0.8029,5.183,0.5818
2006-12-16,0.1340,0.5791,0.302,0.4557
2006-12-17,2.9967,0.7061,3.710,0.4279
2006-12-18,0.2010,0.6121,1.454,0.5402
2006-12-19,0.1264,0.6153,1.409,0.4067
2006-12-20,0.0000,0.6321,1.625,0.3286
2006-12-21,0.0670,0.5946,0.086,0.2645
2006-12-22,0.0000,0.7433,3.765,0.2534
2006-12-23,0.0000,0.6759,1.476,0.2302
2006-12-24,0.3350,0.6088,0.985,0.2163
2006-12-25,0.0000,0.6640,1.584,0.1972
2006-12-26,0.0396,0.5150,-1.134,0.1730
2006-12-27,0.0000,0.5376,-0.395,0.1714
2006-12-28,0.0000,0.5005,-1.594,0.1716
2006-12-29,0.0000,0.5034,-1.494,0.1644
2006-12-30,0.0000,0.5272,-1.417,0.1568
2006-12-31,12.3758,0.6680,3.245,0.6015
2007-01-01,7.1508,0.9901,8.695,3.1436
2007-01-02,11.0315,0.8834,6.685,8.2853
2007-01-03,3.7680,0.7148,3.545,2.5542
2007-01-04,0.6066,0.7656,4.540,1.7703
2007-01-05,3.3046,0.8575,6.249,1.5948
2007-01-06,1.6947,0.8818,6.732,1.3541
2007-01-07,6.2999,1.0435,9.250,2.0452
2007-01-08,0.3482,0.9019,6.824,3.4102
2007-01-09,6.5026,0.9697,7.959,3.6658
2007-01-10,1.8234,1.1848,11.077,3.0770
2007-01-11,2.2627,1.0322,8.524,1.5243
2007-01-12,5.4283,0.8568,5.969,2.0075
2007-01-13,0.3726,0.9369,7.450,3.1836
2007-01-14,0.5604,1.0868,9.635,1.0933
2007-01-15,0.6066,0.8524,5.459,0.8481
2007-01-16,0.0802,0.5613,-0.759,0.5917
2007-01-17,0.1439,0.7309,3.340,0.4972
2007-01-18,8.5514,1.0402,8.579,1.0790
2007-01-19,26.4075,1.2280,11.095,20.7923
2007-01-20,5.0115,1.2337,11.295,6.7504
2007-01-21,2.4967,1.1342,9.642,2.6557
2007-01-22,2.2043,0.8720,5.494,1.5931
2007-01-23,0.0000,0.7245,2.391,1.1368
2007-01-24,0.2680,0.5395,-1.741,0.6366
2007-01-25,0.2680,0.5360,-2.343,0.4270
2007-01-26,0.0670,0.4867,-3.826,0.3034
2007-01-27,0.2000,0.4557,-4.211,0.2489
2007-01-28,0.3980,0.6818,1.534,0.2503
2007-01-29,0.3175,0.7300,2.686,0.2887
2007-01-30,0.4673,0.8510,4.534,0.3450
2007-01-31,0.0670,0.9172,5.096,0.3126
2007-02-01,0.0670,0.8697,4.721,0.2790
2007-02-02,0.0670,0.9545,5.898,0.2460
2007-02-03,0.0000,1.0604,7.442,0.2436
2007-02-04,0.2010,0.8534,3.518,0.2214
2007-02-05,0.1340,0.7803,2.906,0.2091
2007-02-06,0.5000,0.6553,0.684,0.2081
2007-02-07,4.9500,0.6838,0.701,0.2425
2007-02-08,3.1300,0.6847,0.504,0.5669
2007-02-09,12.1100,0.7375,1.951,3.3546
2007-02-10,0.5100,0.8752,3.976,4.2148
2007-02-11,3.3200,0.9397,4.998,2.4511
2007-02-12,15.1700,1.0779,6.991,7.3322
2007-02-13,10.3600,1.0835,6.891,7.4872
2007-02-14,2.1700,1.0021,5.405,3.9112
2007-02-15,13.2700,0.9534,4.881,5.8354
2007-02-16,0.0000,1.0032,4.628,5.2954
2007-02-17,0.1571,0.8563,2.879,1.2112
2007-02-18,0.2010,0.8882,2.941,0.7602
2007-02-19,0.0000,0.9039,3.711,0.5902
2007-02-20,0.0000,0.9382,3.975,0.5300
2007-02-21,0.0670,0.9226,3.390,0.4096
2007-02-22,1.2604,0.8813,3.166,0.3846
2007-02-23,0.0000,1.0991,5.774,0.4115
2007-02-24,1.8627,1.2244,7.446,0.3698
2007-02-25,11.2026,1.2288,7.676,3.1285
2007-02-26,14.2474,1.1172,6.351,8.0920
2007-02-27,2.9472,1.0889,5.849,6.1182
2007-02-28,4.0947,1.0584,5.420,3.0711
2007-03-01,8.8538,1.2986,8.403,6.3972
2007-03-02,13.0900,1.2171,7.282,11.0009
2007-03-03,1.4746,1.0595,4.872,3.5926
2007-03-04,8.5461,1.1775,6.748,5.9326
2007-03-05,0.0670,1.1322,6.043,1.8412
2007-03-06,3.6135,1.2885,7.848,1.4433
2007-03-07,10.7987,1.2533,6.990,2.3749
2007-03-08,4.9059,1.1904,6.119,7.8858
2007-03-09,0.2812,1.0757,4.659,1.8593
2007-03-10,3.0703,0.9891,3.715,0.9861
2007-03-11,0.2812,1.1002,4.190,0.9008
2007-03-12,0.0000,1.1226,4.553,0.6101
2007-03-13,0.2175,1.1634,5.173,0.5043
2007-03-14,0.1505,1.2223,5.783,0.4096
2007-03-15,0.3350,1.3343,6.955,0.3577
2007-03-16,0.0670,1.2473,5.789,0.3336
2007-03-17,0.0670,1.1873,5.411,0.2813
2007-03-18,0.3175,1.3024,7.149,0.2813
2007-03-19,7.3795,1.2621,6.383,0.4676
2007-03-20,5.4478,0.9292,1.326,1.6262
2007-03-21,2.4185,0.9419,1.854,0.9260
2007-03-22,0.3538,0.9950,2.527,0.5933
2007-03-23,4.0957,0.9649,1.721,1.0130
2007-03-24,1.0043,1.0072,2.592,0.8194
2007-03-25,0.5472,1.1329,3.986,0.6085
2007-03-26,0.5010,1.3793,6.501,0.4992
2007-03-27,0.0000,1.6203,8.183,0.3752
2007-03-28,0.0670,1.4890,7.567,0.3180
2007-03-29,1.4169,1.4977,7.865,0.2821
2007-03-30,1.9779,1.5193,7.879,0.2844
2007-03-31,1.7350,1.4308,7.163,0.2809
2007-04-01,3.9535,1.4637,7.256,0.2634
2007-04-02,0.2680,1.7872,9.738,0.2854
2007-04-03,0.0000,1.8084,9.521,0.2520
2007-04-04,0.0769,1.4092,6.815,0.2380
2007-04-05,0.0000,1.4202,6.234,0.1896
2007-04-06,0.0000,1.5203,6.840,0.1681
2007-04-07,0.2010,1.7955,9.740,0.1577
2007-04-08,0.0670,1.5783,7.752,0.1501
2007-04-09,0.0670,1.5747,7.560,0.1490
2007-04-10,0.0670,1.7514,9.497,0.1499
2007-04-11,0.0099,1.7572,9.351,0.1386
2007-04-12,0.0000,1.8768,10.453,0.1312
2007-04-13,0.0000,2.3418,13.259,0.1328
2007-04-14,0.0670,2.5511,15.353,0.1312
2007-04-15,0.0000,2.8406,17.096,0.1312
2007-04-16,0.2010,2.7937,16.721,0.1263
2007-04-17,0.0670,2.6703,16.166,0.1246
2007-04-18,0.0000,2.2511,13.088,0.1255
2007-04-19,0.0000,1.7198,7.771,0.1292
2007-04-20,0.0670,1.7704,8.793,0.1312
2007-04-21,0.0198,1.8812,9.370,0.1269
2007-04-22,0.1340,1.8329,8.994,0.1199
2007-04-23,0.0000,2.1509,11.912,0.1125
2007-04-24,0.0000,2.5099,14.766,0.1107
2007-04-25,0.0000,3.0208,17.039,0.1052
2007-04-26,0.0670,3.2720,18.067,0.1043
2007-04-27,0.0670,2.8984,16.520,0.1007
2007-04-28,0.3350,2.8440,16.032,0.0920
2007-04-29,0.5360,2.7576,15.857,0.0923
2007-04-30,1.8697,2.6953,15.268,0.0947
2007-05-01,0.2010,2.5435,13.728,0.0921
2007-05-02,0.0000,2.5219,12.877,0.0855
2007-05-03,0.0670,2.3783,12.100,0.0841
2007-05-04,0.2010,2.3167,12.132,0.0822
2007-05-05,1.6033,2.3348,12.016,0.0873
2007-05-06,0.1901,2.9810,14.854,0.0839
2007-05-07,0.0670,2.7994,14.729,0.0750
2007-05-08,10.9961,2.3597,12.611,0.0871
2007-05-09,8.4934,2.4321,12.977,0.1318
2007-05-10,11.2564,2.2966,12.035,0.1105
2007-05-11,0.0000,2.8330,15.281,0.0951
2007-05-12,0.8802,2.4307,12.765,0.0869
2007-05-13,2.3330,2.4321,12.695,0.0937
2007-05-14,3.4558,2.5648,13.706,0.0912
2007-05-15,1.3221,2.4917,12.947,0.0838
2007-05-16,4.1614,2.1539,10.441,0.0816
2007-05-17,11.7330,2.0913,9.986,0.0994
2007-05-18,7.0944,2.2564,10.938,0.1404
2007-05-19,0.2010,2.4719,12.370,0.0978
2007-05-20,0.8148,2.9000,14.945,0.0937
2007-05-21,4.7259,3.2027,16.609,0.0972
2007-05-22,0.0000,3.5716,18.364,0.0957
2007-05-23,0.0670,3.6477,18.728,0.0828
2007-05-24,0.0000,3.4391,17.048,0.0845
2007-05-25,0.0670,3.8935,19.210,0.0822
2007-05-26,1.5839,4.0399,20.178,0.0779
2007-05-27,19.4498,3.4363,17.326,0.1000
2007-05-28,5.4571,2.6380,13.220,0.1203
2007-05-29,1.1076,2.2975,10.631,0.0937
2007-05-30,0.3977,2.1122,9.442,0.0916
2007-05-31,0.7561,2.3191,10.987,0.0787
2007-06-01,5.0238,2.8870,14.119,0.0923
2007-06-02,21.9826,2.5967,12.598,0.4545
2007-06-03,0.5185,3.3459,15.786,0.2267
2007-06-04,0.0000,3.3880,16.235,0.1353
2007-06-05,0.0099,3.5580,17.102,0.1191
2007-06-06,0.0000,3.8270,18.289,0.1054
2007-06-07,0.0670,4.3072,19.519,0.1000
2007-06-08,2.1773,4.4454,20.824,0.0920
2007-06-09,7.4864,4.0696,19.975,0.0943
2007-06-10,13.6488,4.0465,19.109,0.1609
2007-06-11,0.9337,3.6533,17.241,0.1191
2007-06-12,0.5181,3.8292,18.133,0.1015
2007-06-13,0.4020,3.6848,17.861,0.0937
2007-06-14,0.2010,3.5489,17.114,0.0871
2007-06-15,2.7466,3.7923,18.406,0.0914
2007-06-16,1.5835,3.3908,16.545,0.0871
2007-06-17,0.8241,2.9870,14.553,0.0750
2007-06-18,2.5152,3.3517,16.416,0.0750
2007-06-19,0.9911,3.5903,17.427,0.0750
2007-06-20,0.1340,4.2753,20.059,0.0746
2007-06-21,5.6720,3.9762,18.772,0.0804
2007-06-22,1.7825,3.4144,16.241,0.0750
2007-06-23,4.3397,2.8792,14.234,0.0750
2007-06-24,22.9296,2.8901,14.215,0.1726
2007-06-25,16.8722,3.4220,16.553,0.1000
2007-06-26,13.3462,2.8217,14.168,0.7885
2007-06-27,11.0947,2.4642,11.746,0.8926
2007-06-28,0.3043,2.4674,11.483,0.2901
2007-06-29,3.4819,2.6860,12.935,0.1652
2007-06-30,1.5254,2.8133,13.823,0.1365
2007-07-01,0.2373,3.2247,15.892,0.1185
2007-07-02,0.1571,3.4443,16.960,0.1125
2007-07-03,6.3100,3.0876,15.206,0.1169
2007-07-04,20.0908,2.5810,12.510,0.5082
2007-07-05,6.2066,2.6187,12.887,2.0411
2007-07-06,6.2000,2.7545,13.538,0.8059
2007-07-07,2.5825,2.9813,14.670,0.4660
2007-07-08,0.1340,2.8189,13.612,0.2499
2007-07-09,2.3172,3.1150,15.376,0.1823
2007-07-10,1.1931,2.6869,12.986,0.1519
2007-07-11,0.8894,2.7186,12.857,0.1257
2007-07-12,0.1330,2.5239,12.140,0.1095
2007-07-13,0.9416,2.9371,14.811,0.0988
2007-07-14,0.1066,4.0145,19.367,0.0890
2007-07-15,0.0802,4.5314,21.448,0.0841
2007-07-16,0.0802,5.0155,23.185,0.0787
2007-07-17,0.0769,4.6067,22.258,0.0656
2007-07-18,1.2680,3.8652,18.693,0.0617
2007-07-19,0.0099,3.6818,18.122,0.0656
2007-07-20,4.5901,3.4366,17.094,0.0644
2007-07-21,4.9716,3.5198,17.251,0.0593
2007-07-22,0.2010,3.1505,16.203,0.0603
2007-07-23,0.4363,3.1383,15.477,0.0560
2007-07-24,1.5987,2.6840,13.823,0.0697
2007-07-25,1.7429,3.0132,15.441,0.0646
2007-07-26,0.2680,3.2016,16.070,0.0588
2007-07-27,0.0000,3.5292,18.322,0.0500
2007-07-28,0.2680,3.5107,18.082,0.0506
2007-07-29,5.1983,3.2722,17.354,0.0642
2007-07-30,2.6277,2.7605,14.312,0.0662
2007-07-31,0.0000,2.5450,12.619,0.0537
2007-08-01,0.0000,2.5061,11.837,0.0496
2007-08-02,0.2010,2.9372,14.758,0.0490
2007-08-03,7.6509,3.0392,16.106,0.0652
2007-08-04,0.1340,3.2662,16.693,0.0642
2007-08-05,0.0670,3.3531,17.102,0.0590
2007-08-06,0.0670,3.8605,19.608,0.0685
2007-08-07,7.6552,3.6428,19.096,0.0818
2007-08-08,1.0449,3.0623,16.070,0.0804
2007-08-09,2.1858,2.7781,14.633,0.0510
2007-08-10,1.8657,2.5094,13.222,0.0549
2007-08-11,1.9667,3.2389,17.175,0.0564
2007-08-12,0.0000,3.4017,17.763,0.0541
2007-08-13,5.6416,3.1564,17.010,0.0513
2007-08-14,3.2271,3.0741,16.438,0.0631
2007-08-15,0.2264,3.2348,17.507,0.0492
2007-08-16,15.4648,3.4716,19.339,0.0709
2007-08-17,1.6429,2.7801,15.454,0.0652
2007-08-18,0.5396,2.5148,13.474,0.0498
2007-08-19,0.0670,2.5053,13.554,0.0560
2007-08-20,1.9868,2.7549,15.299,0.0515
2007-08-21,1.1155,2.3873,12.969,0.0562
2007-08-22,2.4733,2.6383,14.320,0.0551
2007-08-23,19.3554,2.4290,14.048,0.1156
2007-08-24,0.1330,2.8401,15.856,0.0568
2007-08-25,0.1340,3.0215,16.801,0.0562
2007-08-26,0.1340,3.2969,18.108,0.0484
2007-08-27,0.2010,3.2305,17.827,0.0465
2007-08-28,0.0000,2.8476,15.998,0.0375
2007-08-29,0.2010,2.2793,12.843,0.0385
2007-08-30,0.2010,2.4690,13.364,0.0375
2007-08-31,0.0670,2.2861,12.637,0.0375
2007-09-01,0.0670,2.6617,15.845,0.0375
2007-09-02,0.1340,2.5989,15.326,0.0375
2007-09-03,0.2010,2.4156,14.620,0.0375
2007-09-04,8.7660,2.2207,12.737,0.0375
2007-09-05,0.1759,1.8702,9.921,0.0375
2007-09-06,0.2320,1.8095,9.751,0.0375
2007-09-07,0.0429,2.3879,13.984,0.0375
2007-09-08,0.0000,2.3712,14.169,0.0375
2007-09-09,0.4020,2.3855,14.341,0.0375
2007-09-10,0.2680,2.2836,13.655,0.0375
2007-09-11,0.5779,1.8803,11.424,0.0375
2007-09-12,0.0769,2.0551,12.195,0.0375
2007-09-13,0.0670,2.0684,11.747,0.0375
2007-09-14,0.1340,1.9537,11.842,0.0375
2007-09-15,0.0000,2.0492,13.074,0.0375
2007-09-16,0.2680,2.2154,13.325,0.0375
2007-09-17,0.3350,2.0009,12.747,0.0375
2007-09-18,2.1172,2.0771,13.730,0.0375
2007-09-19,2.0845,1.6584,9.669,0.0375
2007-09-20,0.0000,1.4173,7.749,0.0375
2007-09-21,0.0769,1.7134,10.378,0.0379
2007-09-22,0.0000,1.7160,10.610,0.0375
2007-09-23,0.2680,1.9483,12.425,0.0375
2007-09-24,0.2680,2.2584,15.000,0.0375
2007-09-25,2.5947,2.0013,13.476,0.0375
2007-09-26,0.3350,1.6548,10.312,0.0375
2007-09-27,3.5353,1.4789,8.639,0.0375
2007-09-28,15.6010,1.5206,9.266,0.0375
2007-09-29,1.1495,1.5566,9.501,0.0375
2007-09-30,1.5954,1.6018,10.474,0.0375
2007-10-01,0.0901,1.8218,11.615,0.0375
2007-10-02,0.1538,1.9110,13.175,0.0375
2007-10-03,0.0670,2.3391,16.095,0.0375
2007-10-04,0.5647,2.2798,16.111,0.0375
2007-10-05,0.0000,2.2711,15.374,0.0375
2007-10-06,0.0670,1.8004,12.023,0.0375
2007-10-07,0.2010,1.5872,9.606,0.0375
2007-10-08,0.2010,1.4079,8.796,0.0375
2007-10-09,0.0000,1.4078,8.805,0.0375
2007-10-10,0.4482,1.4785,9.996,0.0375
2007-10-11,7.4287,1.5654,10.321,0.0375
2007-10-12,0.1340,1.4129,8.944,0.0375
2007-10-13,0.0670,1.4206,9.443,0.0375
2007-10-14,0.0670,1.4115,9.281,0.0375
2007-10-15,0.2010,1.3213,8.169,0.0375
2007-10-16,0.0670,1.3321,8.960,0.0373
2007-10-17,0.0000,1.5145,10.703,0.0375
2007-10-18,0.6363,1.3210,9.491,0.0375
2007-10-19,0.0000,1.1956,6.965,0.0375
2007-10-20,0.0000,0.9941,4.802,0.0375
2007-10-21,0.0000,0.9254,3.190,0.0375
2007-10-22,1.0604,0.8712,3.493,0.0375
2007-10-23,0.0000,0.9186,3.117,0.0377
2007-10-24,0.0000,0.9142,3.034,0.0375
2007-10-25,0.0000,0.9609,4.625,0.0375
2007-10-26,0.1340,1.1485,7.372,0.0390
2007-10-27,0.0000,1.1447,7.322,0.0375
2007-10-28,0.2010,1.1222,7.091,0.0375
2007-10-29,0.2010,1.0597,6.386,0.0375
2007-10-30,14.8911,1.0712,6.729,0.0406
2007-10-31,0.4142,1.0807,6.654,0.0404
2007-11-01,0.2010,0.8699,3.551,0.0375
2007-11-02,0.0670,0.9151,4.484,0.0375
2007-11-03,0.0000,1.3255,9.813,0.0375
2007-11-04,0.0000,1.3810,10.897,0.0375
2007-11-05,0.4020,1.1827,8.300,0.0402
2007-11-06,0.0000,1.0524,6.670,0.0412
2007-11-07,7.1637,0.9894,6.458,0.0447
2007-11-08,0.3297,0.9551,6.228,0.0408
2007-11-09,7.9686,1.1000,8.343,0.0572
2007-11-10,12.2508,0.7768,3.075,0.2515
2007-11-11,2.1914,0.8975,5.668,0.1302
2007-11-12,1.5046,1.0498,7.556,0.1296
2007-11-13,0.0000,0.7598,2.475,0.0966
2007-11-14,2.7792,0.7299,2.581,0.0707
2007-11-15,0.2561,0.7117,1.786,0.1080
2007-11-16,0.0000,0.6310,-0.325,0.0791
2007-11-17,0.0000,0.5477,-1.985,0.0603
2007-11-18,0.0670,0.6118,0.297,0.0562
2007-11-19,0.4020,0.6262,0.710,0.0592
2007-11-20,6.3640,0.6702,1.403,0.0576
2007-11-21,3.4891,0.8734,4.733,0.1736
2007-11-22,4.5795,0.9562,6.571,0.2048
2007-11-23,0.2010,1.0217,7.858,0.1626
2007-11-24,0.5845,0.9140,6.260,0.1072
2007-11-25,0.1340,0.6137,0.336,0.0767
2007-11-26,1.9277,0.7302,3.521,0.0750
2007-11-27,2.6888,0.7178,3.091,0.0814
2007-11-28,0.3353,0.7514,3.319,0.0984
2007-11-29,0.1340,0.6027,-0.115,0.0912
2007-11-30,1.7739,0.5585,-0.299,0.0750
2007-12-01,0.3505,0.7763,4.645,0.0914
2007-12-02,9.0359,0.8895,6.474,0.3313
2007-12-03,26.8916,0.9461,7.706,3.8023
2007-12-04,7.9914,0.8326,5.872,8.5180
2007-12-05,2.7102,0.7837,4.824,4.6437
2007-12-06,5.3812,1.0084,8.775,1.5745
2007-12-07,8.6986,0.9922,8.631,4.2349
2007-12-08,10.6946,0.9967,8.597,9.9619
2007-12-09,6.4607,0.7202,3.757,3.4893
2007-12-10,11.5950,0.8410,6.114,7.5862
2007-12-11,1.5145,0.8034,5.341,7.2115
2007-12-12,0.6241,0.7235,3.423,2.1825
2007-12-13,0.0670,0.6547,1.873,0.8481
2007-12-14,0.0670,0.7352,3.661,0.5386
2007-12-15,0.0670,0.5656,0.044,0.3963
2007-12-16,0.4020,0.5305,-0.961,0.3016
2007-12-17,0.5360,0.4869,-2.604,0.2351
2007-12-18,0.0000,0.4699,-2.495,0.1941
2007-12-19,0.2010,0.4802,-3.078,0.1538
2007-12-20,0.0000,0.4961,-3.005,0.1326
2007-12-21,0.0868,0.4393,-3.599,0.1185
2007-12-22,0.0000,0.3844,-5.530,0.1125
2007-12-23,0.2010,0.3451,-6.737,0.1007
2007-12-24,0.0670,0.3718,-5.787,0.0937
2007-12-25,0.0000,0.4076,-4.387,0.0937
2007-12-26,0.0000,0.4069,-4.559,0.0927
2007-12-27,2.1066,0.4829,-1.779,0.0822
2007-12-28,0.3957,0.6035,1.008,0.0838
2007-12-29,0.3495,0.6236,1.712,0.0986
2007-12-30,3.4970,0.6364,2.084,0.2019
2007-12-31,1.1508,0.6876,3.325,0.2183
2008-01-01,0.0000,0.6219,1.681,0.1845
2008-01-02,0.0000,0.5845,0.482,0.1683
2008-01-03,0.0000,0.4673,-2.568,0.1415
2008-01-04,1.9304,0.5013,-1.381,0.1306
2008-01-05,0.0868,0.5590,-0.025,0.1173
2008-01-06,11.4558,0.7876,4.922,3.4747
2008-01-07,2.8327,0.6959,3.044,4.6002
2008-01-08,2.9320,0.7887,5.413,2.5922
2008-01-09,0.1099,0.7427,3.431,1.2266
2008-01-10,2.5815,0.6748,2.915,0.9100
2008-01-11,0.9683,0.8309,5.540,1.0550
2008-01-12,7.4617,1.0369,8.712,1.1807
2008-01-13,0.9129,0.7670,3.887,4.9071
2008-01-14,0.1439,0.6156,0.291,1.1190
2008-01-15,0.9069,0.6886,2.823,0.7179
2008-01-16,5.6161,0.8901,6.279,1.1405
2008-01-17,8.9264,0.8798,5.910,7.0056
2008-01-18,7.8822,0.8657,5.741,2.7539
2008-01-19,2.7950,0.9968,8.044,4.1341
2008-01-20,0.7782,1.1721,10.422,2.3941
2008-01-21,0.2878,1.1286,9.712,1.0417
2008-01-22,3.5092,1.0149,7.984,0.6271
2008-01-23,5.1541,0.8115,3.941,2.6036
2008-01-24,0.0000,0.6428,1.354,0.7725
2008-01-25,0.4066,0.7812,4.417,0.5400
2008-01-26,0.0099,0.6254,0.988,0.4143
2008-01-27,0.0000,0.7023,2.378,0.3621
2008-01-28,0.1340,0.7245,2.979,0.3075
2008-01-29,0.0000,0.7971,4.395,0.2837
2008-01-30,0.0000,0.6987,2.989,0.2764
2008-01-31,1.2376,0.6267,0.453,0.2557
2008-02-01,3.6280,0.6489,0.594,0.2770
2008-02-02,19.5312,0.7491,2.427,8.0846
2008-02-03,0.0967,0.6599,0.272,2.9491
2008-02-04,0.1703,0.6299,-0.161,0.7571
2008-02-05,8.5399,0.8295,3.151,2.8095
2008-02-06,13.2775,0.8953,4.862,6.6881
2008-02-07,17.0135,1.0212,6.607,15.2797
2008-02-08,0.0670,0.6629,-0.208,3.1723
2008-02-09,0.0000,0.7084,0.073,1.3840
2008-02-10,0.1703,0.7958,1.681,0.8489
2008-02-11,0.2977,0.8153,2.162,0.6079
2008-02-12,0.2307,0.9416,3.641,0.4965
2008-02-13,0.0264,0.8856,3.362,0.4199
2008-02-14,0.0396,0.6741,-0.033,0.3608
2008-02-15,0.0264,0.6989,-0.398,0.3292
2008-02-16,0.1340,0.7226,0.441,0.2860
2008-02-17,0.1340,0.6553,-1.544,0.2397
2008-02-18,0.0670,0.6778,-1.820,0.2167
2008-02-19,0.0967,0.7049,-0.755,0.2062
2008-02-20,0.0429,0.7162,-0.564,0.1913
2008-02-21,2.1221,0.7443,1.173,0.2071
2008-02-22,0.0000,0.9791,5.132,0.2327
2008-02-23,0.0000,1.1920,7.860,0.2440
2008-02-24,0.0802,1.1856,7.166,0.2317
2008-02-25,0.0000,1.0001,4.599,0.2253
2008-02-26,2.0749,1.2019,7.929,0.2352
2008-02-27,3.8046,1.2852,8.444,0.2680
2008-02-28,0.0000,1.0557,5.514,0.3336
2008-02-29,7.3122,1.1044,5.900,0.3344
2008-03-01,12.6986,1.2979,8.695,5.0689
2008-03-02,13.7108,1.3110,8.511,11.8589
2008-03-03,1.9901,1.3180,8.685,2.0655
2008-03-04,1.7845,1.1446,5.667,1.5540
2008-03-05,5.0099,0.8298,1.063,1.7225
2008-03-06,0.1340,0.8048,-0.032,0.9970
2008-03-07,0.1340,0.7896,0.547,0.5593
2008-03-08,0.0670,1.0515,4.470,0.4867
2008-03-09,0.1340,1.0800,4.710,0.4022
2008-03-10,0.5637,1.1732,5.967,0.3563
2008-03-11,8.1224,1.1255,5.244,0.5755
2008-03-12,17.0163,1.2420,6.849,8.9422
2008-03-13,6.6980,1.2914,7.194,9.6386
2008-03-14,1.6363,1.1758,5.785,1.8998
2008-03-15,3.9607,1.4238,8.516,2.5916
2008-03-16,1.6812,1.5094,9.149,1.5646
2008-03-17,12.2306,1.3935,7.932,6.3258
2008-03-18,0.7373,1.1126,4.221,4.0482
2008-03-19,0.9611,1.0050,2.135,1.1995
2008-03-20,0.0967,0.9537,1.613,0.7159
2008-03-21,4.2039,0.9723,2.119,0.5884
2008-03-22,14.6768,1.0122,2.719,8.2146
2008-03-23,3.2739,0.9656,1.863,4.2892
2008-03-24,0.0670,0.8544,-0.644,1.9080
2008-03-25,3.2092,0.8129,-0.447,1.0560
2008-03-26,0.3000,0.8734,0.384,0.9810
2008-03-27,1.0772,1.0758,3.290,0.8533
2008-03-28,4.2356,1.0477,2.923,1.0234
2008-03-29,6.3759,1.2539,5.270,1.5901
2008-03-30,0.5637,1.4250,6.999,3.1881
2008-03-31,2.6736,1.5847,8.661,0.9010
2008-04-01,0.4241,1.5587,8.073,0.8451
2008-04-02,0.1340,1.3735,6.709,0.5529
2008-04-03,0.1340,1.4683,7.808,0.4404
2008-04-04,0.2010,1.3903,6.416,0.3766
2008-04-05,0.1340,1.4244,6.379,0.3454
2008-04-06,2.6934,1.3772,6.058,0.3594
2008-04-07,7.2171,1.1114,2.539,0.3908
2008-04-08,2.0947,0.9884,0.625,2.6733
2008-04-09,0.0000,1.0645,1.526,1.6147
2008-04-10,3.1020,1.2085,3.640,0.7407
2008-04-11,0.0670,1.4079,5.643,0.7694
2008-04-12,0.5505,1.5075,6.703,0.5109
2008-04-13,1.1591,1.3573,5.799,0.3762
2008-04-14,11.2952,1.5364,7.133,1.2614
2008-04-15,8.5495,1.3656,5.241,6.1136
2008-04-16,1.3670,1.3755,4.885,3.9826
2008-04-17,0.2142,1.2211,3.059,1.0976
2008-04-18,0.0670,1.2546,3.761,0.6411
2008-04-19,0.0000,1.7428,8.589,0.4892
2008-04-20,3.1739,1.6609,7.735,0.4275
2008-04-21,0.2680,1.9512,10.065,0.4178
2008-04-22,1.6987,2.0490,10.805,0.3602
2008-04-23,0.0670,2.1743,11.778,0.3483
2008-04-24,10.4144,2.0255,10.548,0.7872
2008-04-25,1.3548,2.0740,11.138,1.6715
2008-04-26,0.2010,1.9100,9.509,0.5400
2008-04-27,0.2142,2.1573,11.082,0.3864
2008-04-28,0.3482,2.3355,12.990,0.3311
2008-04-29,11.6855,2.0600,10.738,0.5095
2008-04-30,3.7885,1.8697,9.098,0.8278
2008-05-01,2.7003,1.8637,8.420,0.9084
2008-05-02,1.1294,1.6909,7.564,0.5830
2008-05-03,0.1330,2.0759,10.175,0.4135
2008-05-04,0.0000,2.2654,11.671,0.3083
2008-05-05,0.1340,2.4991,12.734,0.2497
2008-05-06,0.0670,2.4543,12.781,0.2192
2008-05-07,0.0670,2.7608,14.629,0.2040
2008-05-08,0.4020,2.7724,14.746,0.1859
2008-05-09,0.0000,2.7526,14.725,0.1716
2008-05-10,0.0000,2.8561,15.473,0.1611
2008-05-11,0.0670,3.0759,16.416,0.1495
2008-05-12,0.0934,2.9466,15.440,0.1417
2008-05-13,0.1472,2.9496,15.707,0.1365
2008-05-14,0.0967,3.0957,16.151,0.1296
2008-05-15,0.2680,3.0834,16.440,0.1320
2008-05-16,1.9426,2.9179,15.295,0.1294
2008-05-17,5.2423,3.0286,15.750,0.1357
2008-05-18,6.0558,2.6390,13.456,0.1433
2008-05-19,1.5755,2.3394,11.034,0.1326
2008-05-20,0.1340,2.3832,11.080,0.1212
2008-05-21,0.2680,2.4237,10.964,0.1123
2008-05-22,0.0670,2.4613,11.410,0.1084
2008-05-23,0.0000,2.6063,12.537,0.1056
2008-05-24,0.0000,2.8680,14.332,0.1033
2008-05-25,1.1997,2.6293,13.263,0.1021
2008-05-26,2.3155,3.3509,16.861,0.0996
2008-05-27,1.2627,3.5232,17.599,0.0937
2008-05-28,2.2317,3.6557,18.041,0.0976
2008-05-29,1.2280,3.7611,18.417,0.0921
2008-05-30,79.1634,3.5093,17.984,7.0881
2008-05-31,7.7456,3.6976,18.393,1.8549
2008-06-01,0.2010,3.3687,16.744,0.4810
2008-06-02,0.0670,3.4546,17.377,0.2778
2008-06-03,2.7489,3.9719,19.758,0.2122
2008-06-04,0.3274,3.4558,17.333,0.1671
2008-06-05,0.1340,3.1411,15.657,0.1427
2008-06-06,7.1997,3.0788,15.074,0.1353
2008-06-07,24.8470,3.1328,15.363,1.3613
2008-06-08,1.8007,2.7878,13.641,1.2315
2008-06-09,0.0670,3.7558,17.299,0.3254
2008-06-10,0.0000,4.1597,19.116,0.1960
2008-06-11,0.0670,4.0729,19.189,0.1550
2008-06-12,0.0670,3.1363,14.728,0.1376
2008-06-13,7.6032,2.2319,10.149,0.1394
2008-06-14,0.2122,2.3209,10.238,0.1302
2008-06-15,1.1000,2.3398,10.510,0.1193
2008-06-16,7.5000,2.4629,11.574,0.1181
2008-06-17,0.6000,2.8203,12.965,0.1177
2008-06-18,0.2000,3.0416,13.856,0.1037
2008-06-19,0.1000,3.1195,15.436,0.0941
2008-06-20,3.4000,3.2241,16.141,0.0910
2008-06-21,0.1000,3.1218,15.303,0.0871
2008-06-22,0.6000,3.9574,18.878,0.0830
2008-06-23,4.7000,3.9215,19.670,0.0843
2008-06-24,0.3000,3.1189,17.000,0.0793
2008-06-25,0.1000,3.9323,19.388,0.0703
2008-06-26,6.2000,3.9277,18.984,0.0769
2008-06-27,0.2000,3.2642,15.884,0.0713
2008-06-28,0.9000,2.9401,14.933,0.0750
2008-06-29,0.2000,3.4927,17.365,0.0715
2008-06-30,0.2000,3.6310,18.024,0.0664
2008-07-01,0.1000,3.5093,17.123,0.0646
2008-07-02,0.4000,3.9878,19.053,0.0605
2008-07-03,8.1000,4.3058,21.130,0.0599
2008-07-04,10.5000,3.1734,15.908,0.0896
2008-07-05,2.4000,2.9947,14.360,0.0779
2008-07-06,0.6000,3.2298,15.894,0.0633
2008-07-07,0.1000,3.3011,16.279,0.0562
2008-07-08,2.2000,2.9062,14.678,0.0568
2008-07-09,1.2000,2.7964,14.043,0.0595
2008-07-10,0.2109,3.0338,15.301,0.0562
2008-07-11,0.2010,3.8401,19.116,0.0562
2008-07-12,3.3284,3.2498,16.424,0.0562
2008-07-13,0.6868,2.9868,14.835,0.0562
2008-07-14,0.1340,2.9363,13.994,0.0562
2008-07-15,0.0000,3.0063,14.789,0.0562
2008-07-16,0.0670,3.3906,17.144,0.0511
2008-07-17,0.4967,3.1888,16.288,0.0506
2008-07-18,0.5845,2.9746,14.795,0.0469
2008-07-19,0.4284,3.0806,15.764,0.0562
2008-07-20,5.8185,3.2612,16.960,0.0562
2008-07-21,0.6383,2.5973,13.090,0.0453
2008-07-22,0.5812,2.3078,11.461,0.0385
2008-07-23,0.0670,2.8121,14.034,0.0377
2008-07-24,0.1340,3.2771,16.250,0.0476
2008-07-25,0.0670,3.5375,17.856,0.0556
2008-07-26,0.0000,3.9271,19.483,0.0511
2008-07-27,3.3934,3.9874,20.058,0.0554
2008-07-28,6.2421,3.7980,19.553,0.0701
2008-07-29,8.1380,4.3381,21.278,0.0902
2008-07-30,0.2010,3.8300,19.488,0.0699
2008-07-31,0.2680,4.0942,20.317,0.0656
2008-08-01,0.2010,4.4892,22.128,0.0535
2008-08-02,1.2274,3.6560,19.069,0.0629
2008-08-03,0.3670,3.2357,17.549,0.0586
2008-08-04,5.3513,3.5309,19.042,0.0605
2008-08-05,24.1528,3.2896,17.479,0.1577
2008-08-06,0.2010,3.0590,16.211,0.0597
2008-08-07,3.9530,3.8162,19.705,0.0562
2008-08-08,1.6373,3.3730,18.494,0.0521
2008-08-09,11.2518,2.9225,15.995,0.0527
2008-08-10,0.2010,3.0659,16.205,0.0375
2008-08-11,0.7548,3.0446,16.761,0.0375
2008-08-12,0.5855,3.0177,16.640,0.0418
2008-08-13,2.4178,3.1474,17.439,0.0426
2008-08-14,0.2901,2.8455,15.774,0.0375
2008-08-15,0.4690,2.6394,14.381,0.0375
2008-08-16,0.0670,2.5815,13.923,0.0431
2008-08-17,0.2010,2.5735,14.125,0.0392
2008-08-18,1.2469,2.6449,15.007,0.0552
2008-08-19,0.0670,3.1514,17.893,0.0490
2008-08-20,3.3418,3.0576,17.325,0.0472
2008-08-21,0.3934,2.5463,14.581,0.0420
2008-08-22,0.0000,2.6595,15.243,0.0381
2008-08-23,13.5314,2.4728,14.269,0.0629
2008-08-24,0.1505,2.3363,13.431,0.0410
2008-08-25,4.5449,2.2804,13.191,0.0510
2008-08-26,0.3274,2.5439,14.543,0.0418
2008-08-27,0.0769,2.7363,16.127,0.0375
2008-08-28,0.0670,2.4228,14.497,0.0402
2008-08-29,0.1340,2.7089,15.998,0.0375
2008-08-30,0.0000,2.8341,16.269,0.0375
2008-08-31,0.0000,2.9630,17.427,0.0375
2008-09-01,0.1340,3.1368,18.708,0.0375
2008-09-02,0.0000,2.7653,16.665,0.0375
2008-09-03,9.0332,2.5911,16.141,0.0396
2008-09-04,5.4604,2.0272,11.814,0.0806
2008-09-05,0.0000,2.0875,12.051,0.0562
2008-09-06,21.0400,2.2341,13.993,0.0818
2008-09-07,1.7591,2.4912,15.375,0.1005
2008-09-08,1.6023,2.1835,13.294,0.0463
2008-09-09,0.2010,2.2232,13.519,0.0545
2008-09-10,0.3241,2.3579,14.609,0.0523
2008-09-11,0.1340,2.7118,17.029,0.0732
2008-09-12,0.6346,2.5718,16.170,0.1085
2008-09-13,28.6960,2.1924,14.089,0.3694
2008-09-14,22.4203,1.8020,10.898,0.9476
2008-09-15,0.4690,1.6560,8.713,0.8738
2008-09-16,0.1340,1.5691,8.356,0.1536
2008-09-17,0.1340,1.7232,9.660,0.1017
2008-09-18,0.0000,1.5386,8.247,0.0861
2008-09-19,0.4690,1.4408,7.315,0.0750
2008-09-20,0.0000,1.6243,8.865,0.0738
2008-09-21,0.1340,1.5000,8.261,0.0701
2008-09-22,0.0670,1.4628,7.971,0.0654
2008-09-23,0.0670,1.5435,8.884,0.0750
2008-09-24,1.3845,1.5572,9.363,0.0720
2008-09-25,0.0670,1.7431,10.593,0.0718
2008-09-26,0.0000,1.7780,10.770,0.0742
2008-09-27,0.0000,1.6916,9.595,0.0742
2008-09-28,0.4020,1.5665,9.171,0.0750
2008-09-29,0.0670,1.4790,8.741,0.0750
2008-09-30,0.1538,1.4035,8.565,0.0750
2008-10-01,7.3795,1.4235,8.806,0.0962
2008-10-02,7.3600,1.6038,10.725,0.1818
2008-10-03,7.0162,1.3316,7.803,0.2157
2008-10-04,1.7449,1.2079,6.225,0.1706
2008-10-05,0.2779,1.2820,7.109,0.1607
2008-10-06,14.0791,1.3572,8.608,0.2649
2008-10-07,18.9455,1.7967,12.892,4.0086
2008-10-08,0.9627,1.8518,13.316,1.0738
2008-10-09,2.6670,1.6934,11.949,0.4678
2008-10-10,0.1340,1.5420,10.004,0.3190
2008-10-11,0.1340,1.5057,10.056,0.2341
2008-10-12,0.6030,1.4643,10.015,0.2056
2008-10-13,0.2680,1.6401,11.785,0.1769
2008-10-14,0.3350,1.6845,12.230,0.1788
2008-10-15,0.0000,1.7236,12.826,0.1710
2008-10-16,3.7828,1.6076,12.201,0.1816
2008-10-17,3.1274,1.3593,9.140,0.2636
2008-10-18,0.3350,1.0614,5.153,0.2349
2008-10-19,0.1340,0.9860,4.376,0.1868
2008-10-20,0.0000,1.0174,5.059,0.1531
2008-10-21,0.0000,1.1929,7.701,0.1886
2008-10-22,5.1868,1.4851,11.069,0.2181
2008-10-23,0.0670,1.1283,6.751,0.2772
2008-10-24,0.0670,1.0494,5.465,0.2257
2008-10-25,0.4835,1.0461,5.903,0.2124
2008-10-26,0.4020,1.3280,9.291,0.1876
2008-10-27,0.0769,1.2042,8.620,0.1794
2008-10-28,18.6274,1.2142,8.328,2.8923
2008-10-29,0.0802,0.8992,3.811,0.8248
2008-10-30,0.6251,0.8252,2.493,0.3348
2008-10-31,4.2749,0.8488,3.165,0.4961
2008-11-01,5.2792,0.9492,5.103,1.7358
2008-11-02,5.7888,1.0656,7.039,1.2018
2008-11-03,0.2010,1.2127,8.281,1.7695
2008-11-04,0.2010,1.2100,8.585,0.6197
2008-11-05,0.1340,1.2291,8.949,0.4055
2008-11-06,0.3680,1.2202,9.231,0.3270
2008-11-07,0.0000,1.1064,7.525,0.2669
2008-11-08,0.0000,1.0763,7.499,0.2407
2008-11-09,0.2109,1.0670,7.015,0.2173
2008-11-10,11.4039,1.1450,8.834,1.2422
2008-11-11,3.5185,1.3532,11.700,2.1284
2008-11-12,4.2475,1.2171,9.885,2.9786
2008-11-13,2.6482,0.9846,6.533,1.3176
2008-11-14,0.0000,0.9073,5.210,0.8959
2008-11-15,0.0670,0.8128,3.794,0.4890
2008-11-16,0.5459,1.0496,7.927,0.3627
2008-11-17,0.5538,1.1314,9.122,0.3301
2008-11-18,0.0000,0.7221,2.059,0.3094
2008-11-19,0.3637,0.7669,3.767,0.3026
2008-11-20,0.0000,0.9330,6.309,0.2821
2008-11-21,0.2297,1.0171,8.119,0.2788
2008-11-22,1.2838,0.8412,5.018,0.2718
2008-11-23,3.2736,0.5958,0.055,0.3067
2008-11-24,4.9098,0.5636,-0.643,0.3249
2008-11-25,2.0623,0.6263,0.997,1.9152
2008-11-26,0.1802,0.5753,-0.931,1.2131
2008-11-27,0.0000,0.5838,-0.206,0.5437
2008-11-28,0.3350,0.5874,-0.097,0.4807
2008-11-29,0.0000,0.5019,-2.066,0.4100
2008-11-30,0.3350,0.5312,-1.505,0.3594
2008-12-01,6.4689,0.6036,0.401,0.7419
2008-12-02,5.7257,0.5807,0.068,2.4825
2008-12-03,3.5640,0.6438,1.620,5.0736
2008-12-04,8.8068,0.5694,0.151,8.0002
2008-12-05,8.4854,0.5931,0.388,7.0581
2008-12-06,9.8210,0.7686,4.089,9.2073
2008-12-07,3.4063,0.7174,3.517,6.8658
2008-12-08,0.1736,0.6801,2.110,1.9130
2008-12-09,0.1340,0.4743,-2.484,0.8924
2008-12-10,0.8584,0.5283,-0.900,0.6979
2008-12-11,0.2000,0.5824,-0.016,0.6325
2008-12-12,0.0670,0.5523,-0.311,0.5546
2008-12-13,0.0000,0.5419,-0.715,0.4539
2008-12-14,0.6030,0.4913,-1.846,0.4129
2008-12-15,1.0089,0.5969,0.735,0.3889
2008-12-16,0.0000,0.6299,0.173,0.3434
2008-12-17,0.0000,0.5125,-1.291,0.2946
2008-12-18,2.1264,0.4948,-1.531,0.3169
2008-12-19,0.6792,0.5711,0.409,0.4000
2008-12-20,0.2528,0.6786,3.009,0.6847
2008-12-21,1.9904,0.8044,6.022,0.7126
2008-12-22,0.2264,0.9259,7.959,0.9681
2008-12-23,0.2538,0.8907,7.191,0.5943
2008-12-24,0.0670,0.7652,3.984,0.4758
2008-12-25,0.0000,0.6401,2.163,0.4449
2008-12-26,0.0000,0.6911,2.971,0.3979
2008-12-27,0.0670,0.5303,-0.837,0.3087
2008-12-28,0.0000,0.4579,-2.866,0.2559
2008-12-29,0.2680,0.4542,-3.300,0.2290
2008-12-30,0.0000,0.4023,-5.051,0.1944
2008-12-31,0.0670,0.3799,-5.711,0.1663
2009-01-01,1.0792,0.4982,-1.589,0.1755
2009-01-02,0.0000,0.5284,-1.075,0.1876
2009-01-03,0.0000,0.4171,-4.006,0.1678
2009-01-04,0.2010,0.4748,-3.130,0.1617
2009-01-05,0.1340,0.4247,-4.009,0.1469
2009-01-06,0.2825,0.4707,-2.753,0.1481
2009-01-07,0.0670,0.3720,-6.542,0.1309
2009-01-08,0.0670,0.2920,-8.994,0.1255
2009-01-09,0.0670,0.4078,-5.015,0.1099
2009-01-10,0.0670,0.3043,-8.787,0.1094
2009-01-11,0.3350,0.3108,-8.257,0.1056
2009-01-12,0.1340,0.3181,-7.866,0.1017
2009-01-13,0.2010,0.3597,-6.336,0.0993
2009-01-14,0.0000,0.5957,-0.288,0.0993
2009-01-15,0.4561,0.6022,0.370,0.0982
2009-01-16,0.1340,0.5321,-1.511,0.0992
2009-01-17,0.6264,0.5584,-0.479,0.1026
2009-01-18,1.5406,0.6814,2.114,0.1203
2009-01-19,15.8986,0.7308,3.027,6.4102
2009-01-20,7.2481,0.8144,4.701,7.3360
2009-01-21,0.9947,0.6632,1.265,3.5088
2009-01-22,0.3878,0.6236,0.356,0.7214
2009-01-23,2.7336,0.6472,1.089,1.0099
2009-01-24,26.9613,0.7915,4.119,19.1118
2009-01-25,0.5360,0.6569,0.518,3.1660
2009-01-26,0.0670,0.5700,-0.804,0.7892
2009-01-27,0.0099,0.5522,-1.420,0.4285
2009-01-28,0.1340,0.5510,-1.505,0.3232
2009-01-29,0.0670,0.5109,-3.219,0.2636
2009-01-30,0.0000,0.5766,-1.547,0.2308
2009-01-31,0.0000,0.5665,-2.153,0.1960
2009-02-01,0.3350,0.5220,-3.015,0.1736
2009-02-02,0.4020,0.5541,-2.402,0.1597
2009-02-03,3.6135,0.6130,-0.797,0.1577
2009-02-04,1.7759,0.6787,0.488,0.1602
2009-02-05,0.5868,0.6664,0.278,0.1883
2009-02-06,0.6597,0.7442,1.624,0.3781
2009-02-07,0.0000,0.8125,2.867,0.4395
2009-02-08,0.5449,0.7806,2.362,0.4382
2009-02-09,0.3350,0.6782,0.309,0.2951
2009-02-10,11.8428,0.6766,0.278,0.2760
2009-02-11,14.5105,0.8421,3.293,17.2200
2009-02-12,4.3921,0.6998,0.696,3.9177
2009-02-13,1.4591,0.6416,-0.981,1.5996
2009-02-14,1.3753,0.6505,-0.580,1.0464
2009-02-15,0.2680,0.6711,-0.823,0.8955
2009-02-16,0.4604,0.5526,-3.033,0.5839
2009-02-17,2.5815,0.7636,1.516,0.7695
2009-02-18,0.5990,0.9284,4.374,3.2995
2009-02-19,0.2680,0.6205,-2.092,1.3345
2009-02-20,0.3581,0.6515,-1.154,0.6573
2009-02-21,0.0000,0.8463,2.553,0.6343
2009-02-22,0.3680,0.9237,3.313,0.6698
2009-02-23,0.5637,0.9416,4.110,0.6513
2009-02-24,0.6551,0.9503,3.946,0.6795
2009-02-25,0.0000,0.9155,2.776,0.6068
2009-02-26,0.0000,0.7840,1.047,0.4471
2009-02-27,0.0000,0.9588,4.218,0.4277
2009-02-28,0.0330,1.0071,4.865,0.3924
2009-03-01,0.0670,1.1915,6.671,0.3829
2009-03-02,1.3789,1.0888,5.780,0.3650
2009-03-03,0.1439,1.1503,5.850,0.3630
2009-03-04,0.1703,0.8627,2.294,0.3103
2009-03-05,9.4376,0.9743,3.514,0.5637
2009-03-06,1.3990,0.9226,2.697,1.6684
2009-03-07,0.8825,0.9523,3.097,1.0528
2009-03-08,0.3350,0.9398,3.106,0.5470
2009-03-09,4.1412,1.1434,5.847,0.7238
2009-03-10,2.1277,0.9732,3.368,1.0638
2009-03-11,5.7722,1.0159,3.801,2.1720
2009-03-12,0.4934,1.0489,3.741,2.1214
2009-03-13,0.2670,1.0200,4.267,0.8370
2009-03-14,0.4297,1.2939,7.172,0.6994
2009-03-15,0.1340,1.2832,7.345,0.5538
2009-03-16,0.7370,1.3597,7.829,0.4394
2009-03-17,0.0000,1.3623,6.983,0.3821
2009-03-18,0.1340,1.1662,4.991,0.3385
2009-03-19,0.0000,1.1590,4.395,0.2962
2009-03-20,0.0231,1.1030,3.847,0.2691
2009-03-21,0.0000,0.9839,1.752,0.2373
2009-03-22,0.2142,1.0101,2.081,0.2238
2009-03-23,0.1538,1.0310,3.123,0.2196
2009-03-24,5.7059,1.2078,5.664,0.2435
2009-03-25,2.1815,1.0451,3.035,0.3338
2009-03-26,8.6933,0.9791,2.061,0.9757
2009-03-27,4.4676,1.1755,4.909,1.7645
2009-03-28,5.0574,1.2494,5.520,3.0973
2009-03-29,3.8759,1.2441,5.430,4.2671
2009-03-30,0.0769,1.2390,4.987,1.6909
2009-03-31,0.0000,1.2578,4.295,0.6966
2009-04-01,0.1472,1.3215,5.496,0.4994
2009-04-02,0.3350,1.6354,7.764,0.3966
2009-04-03,0.0000,1.9985,10.988,0.3321
2009-04-04,0.0670,1.9275,11.859,0.2916
2009-04-05,0.2680,1.8460,10.843,0.2976
2009-04-06,0.4020,1.7295,9.433,0.2707
2009-04-07,0.0000,1.8797,10.985,0.2680
2009-04-08,0.2769,1.7265,9.844,0.2546
2009-04-09,0.7142,1.7518,9.988,0.2388
2009-04-10,0.4023,2.0915,12.327,0.2401
2009-04-11,0.1538,2.3793,14.563,0.2312
2009-04-12,0.9677,2.3652,14.227,0.2134
2009-04-13,0.2208,2.2737,13.090,0.2025
2009-04-14,0.3581,2.2788,13.224,0.1957
2009-04-15,0.9380,2.3006,13.490,0.1883
2009-04-16,0.2109,2.3718,14.215,0.1784
2009-04-17,2.5868,1.9100,10.580,0.1744
2009-04-18,12.8383,1.6911,8.484,0.2192
2009-04-19,3.6188,1.7410,8.725,0.2674
2009-04-20,0.2736,2.1390,11.301,0.2297
2009-04-21,0.2010,2.2290,12.247,0.1774
2009-04-22,0.0000,2.3246,12.651,0.1597
2009-04-23,0.0670,2.0790,10.278,0.1438
2009-04-24,0.0099,1.6486,7.155,0.1319
2009-04-25,0.0670,1.7949,8.664,0.1275
2009-04-26,0.4515,1.8653,9.665,0.1286
2009-04-27,5.9660,2.3188,12.704,0.1344
2009-04-28,2.4703,1.9837,10.148,0.1482
2009-04-29,2.9855,1.7862,8.037,0.1464
2009-04-30,0.8416,1.5902,6.794,0.1318
2009-05-01,0.2680,1.9310,9.176,0.1235
2009-05-02,0.0000,2.3378,12.585,0.1167
2009-05-03,0.0000,2.7089,14.095,0.1098
2009-05-04,0.0000,2.0779,11.003,0.1095
2009-05-05,0.0000,1.9021,8.461,0.1084
2009-05-06,0.1165,1.8189,8.843,0.1103
2009-05-07,0.0000,2.1227,10.838,0.1042
2009-05-08,0.0000,2.3693,12.606,0.0980
2009-05-09,3.2869,2.4341,12.988,0.1062
2009-05-10,8.5143,2.0946,10.453,0.1124
2009-05-11,5.9492,2.4535,12.664,0.1225
2009-05-12,8.6748,2.4208,12.616,0.1888
2009-05-13,6.5524,2.1459,10.858,0.2074
2009-05-14,0.0000,2.6110,13.625,0.1714
2009-05-15,18.3981,2.7753,14.538,0.8119
2009-05-16,4.3740,2.4470,12.506,3.5074
2009-05-17,0.1439,2.1975,10.606,1.1640
2009-05-18,1.0736,2.4565,12.405,0.3981
2009-05-19,0.0670,2.3390,11.717,0.2616
2009-05-20,0.1858,2.5612,13.082,0.2259
2009-05-21,0.1340,2.9582,14.983,0.1963
2009-05-22,0.8043,3.0574,16.142,0.1835
2009-05-23,0.0670,2.7341,13.915,0.1596
2009-05-24,0.1340,2.9079,14.657,0.1468
2009-05-25,0.0967,3.9133,19.248,0.1334
2009-05-26,0.0000,4.2019,20.623,0.1262
2009-05-27,0.4690,2.9445,15.695,0.1290
2009-05-28,0.0000,2.1743,11.091,0.1178
2009-05-29,0.6089,2.6221,13.740,0.1175
2009-05-30,0.0670,2.9316,15.080,0.1119
2009-05-31,0.1340,2.8956,14.241,0.1153
2009-06-01,0.2010,2.8923,14.043,0.1210
2009-06-02,0.8710,3.3100,16.208,0.1193
2009-06-03,0.2010,3.6073,17.128,0.1135
2009-06-04,0.0670,2.8965,13.588,0.1027
2009-06-05,0.0000,2.3290,10.067,0.0862
2009-06-06,0.3350,2.3040,9.939,0.0868
2009-06-07,1.9736,2.1075,8.943,0.0937
2009-06-08,5.0492,2.4104,11.472,0.0943
2009-06-09,0.7911,2.6554,12.928,0.0869
2009-06-10,3.4808,3.0034,15.042,0.0888
2009-06-11,18.2104,2.7895,13.936,0.1328
2009-06-12,7.9234,2.7033,13.010,0.2269
2009-06-13,0.3350,2.7060,12.789,0.1114
2009-06-14,0.1340,3.0549,14.871,0.0965
2009-06-15,1.1152,3.6469,18.123,0.0883
2009-06-16,34.0011,3.0543,15.177,1.2717
2009-06-17,0.5416,2.9168,14.137,1.5869
2009-06-18,0.0670,3.1651,15.441,0.2853
2009-06-19,0.1340,3.1656,16.131,0.1862
2009-06-20,0.2680,2.8996,13.913,0.1479
2009-06-21,1.4884,2.4246,11.232,0.1310
2009-06-22,6.6973,2.3066,10.638,0.1438
2009-06-23,0.2680,2.5703,11.230,0.1307
2009-06-24,0.0000,3.0380,14.446,0.1139
2009-06-25,0.0670,3.6663,16.974,0.1061
2009-06-26,0.1340,4.0809,18.747,0.1004
2009-06-27,1.2730,3.8964,18.905,0.0946
2009-06-28,3.5749,3.5167,17.324,0.0969
2009-06-29,0.0000,3.8518,18.684,0.0935
2009-06-30,0.4020,4.3255,20.046,0.0860
2009-07-01,0.0670,4.5907,20.973,0.0797
2009-07-02,0.0000,4.6120,21.409,0.0757
2009-07-03,0.0000,4.9235,22.299,0.0716
2009-07-04,1.3357,4.3935,21.115,0.0655
2009-07-05,0.0670,4.3462,20.189,0.0615
2009-07-06,0.2010,4.2491,20.250,0.0627
2009-07-07,1.7469,3.6125,17.654,0.0722
2009-07-08,7.2179,2.8891,14.485,0.0936
2009-07-09,3.6122,2.9871,14.880,0.0874
2009-07-10,5.3000,2.5776,12.466,0.0927
2009-07-11,0.1340,2.5051,12.613,0.0904
2009-07-12,0.3350,2.7865,14.578,0.0816
2009-07-13,3.8627,3.1235,16.414,0.0851
2009-07-14,2.0554,3.6153,19.161,0.0758
2009-07-15,0.2010,3.8029,19.570,0.0673
2009-07-16,0.1340,3.7883,19.568,0.0609
2009-07-17,0.0000,3.8445,20.364,0.0573
2009-07-18,5.8459,3.3267,17.645,0.0711
2009-07-19,0.8023,2.8914,15.321,0.0688
2009-07-20,2.9063,2.9877,15.850,0.0714
2009-07-21,0.0132,3.3156,17.474,0.0685
2009-07-22,0.8251,4.3111,22.173,0.0631
2009-07-23,11.4659,4.2819,22.099,0.0646
2009-07-24,7.8096,3.4672,18.508,0.0673
2009-07-25,4.0936,3.1128,16.866,0.0707
2009-07-26,0.7287,2.9648,15.566,0.0606
2009-07-27,0.2010,3.3033,17.620,0.0513
2009-07-28,2.1581,3.1645,17.192,0.0554
2009-07-29,0.0670,3.0473,15.400,0.0569
2009-07-30,3.7594,3.5826,18.138,0.0543
2009-07-31,0.3878,3.1238,16.019,0.0465
2009-08-01,0.1340,2.9611,15.002,0.0457
2009-08-02,0.2010,3.4878,17.962,0.0462
2009-08-03,12.6661,3.0438,16.479,0.0763
2009-08-04,0.4020,2.9680,15.136,0.0753
2009-08-05,0.1340,3.0885,15.661,0.0690
2009-08-06,0.0000,3.3942,17.586,0.0631
2009-08-07,0.0670,3.8236,19.566,0.0603
2009-08-08,3.4094,3.8633,20.105,0.0678
2009-08-09,0.9396,3.5490,18.391,0.0532
2009-08-10,0.1340,3.5264,18.396,0.0522
2009-08-11,0.6700,3.7364,19.315,0.0483
2009-08-12,1.1208,3.3562,17.684,0.0417
2009-08-13,0.2680,3.3434,18.115,0.0437
2009-08-14,26.3962,3.1298,16.700,0.1078
2009-08-15,0.2680,2.9444,15.544,0.0654
2009-08-16,0.2010,3.1722,17.057,0.0481
2009-08-17,0.0670,3.7045,20.134,0.0494
2009-08-18,0.0670,3.4530,19.067,0.0533
2009-08-19,0.0670,3.1224,17.261,0.0574
2009-08-20,0.1340,3.6648,19.739,0.0461
2009-08-21,0.6700,4.4151,23.898,0.0379
2009-08-22,5.6967,2.8934,16.972,0.0655
2009-08-23,0.2010,2.7893,16.506,0.0639
2009-08-24,0.2010,2.8304,17.029,0.0568
2009-08-25,0.1472,3.2388,18.624,0.0522
2009-08-26,16.4507,3.1135,17.932,0.0730
2009-08-27,0.2680,2.8996,16.559,0.0440
2009-08-28,0.0670,3.1625,18.467,0.0459
2009-08-29,0.1340,2.6831,15.846,0.0496
2009-08-30,0.1340,2.2445,12.914,0.0502
2009-08-31,0.2010,2.1669,12.346,0.0515
2009-09-01,0.2680,2.6504,15.316,0.0497
2009-09-02,11.1779,2.5581,15.936,0.0716
2009-09-03,0.1066,2.5215,15.050,0.0653
2009-09-04,5.7395,2.4438,14.716,0.0849
2009-09-05,15.3373,1.9319,11.233,0.1010
2009-09-06,0.2680,2.0435,11.956,0.0590
2009-09-07,0.1340,1.9514,11.401,0.0467
2009-09-08,0.0670,2.2768,13.512,0.0471
2009-09-09,0.2010,2.5164,14.946,0.0464
2009-09-10,0.0670,2.6706,15.948,0.0378
2009-09-11,0.6076,2.5248,15.639,0.0387
2009-09-12,0.0000,2.3043,13.818,0.0371
2009-09-13,0.0000,2.2555,12.956,0.0369
2009-09-14,0.0000,1.8910,11.447,0.0384
2009-09-15,0.8756,1.8574,10.926,0.0397
2009-09-16,0.0000,2.0433,12.412,0.0376
2009-09-17,0.0000,2.3365,15.235,0.0373
2009-09-18,0.0000,2.4884,16.046,0.0365
2009-09-19,0.0000,2.4316,15.699,0.0365
2009-09-20,0.0000,2.4250,15.867,0.0384
2009-09-21,4.1951,2.5417,16.534,0.0441
2009-09-22,0.0000,2.5132,16.263,0.0421
2009-09-23,0.0000,2.1304,14.103,0.0384
2009-09-24,0.0000,2.0481,13.775,0.0327
2009-09-25,0.0000,2.1367,14.494,0.0341
2009-09-26,0.0000,1.8077,11.416,0.0345
2009-09-27,0.0000,1.7447,11.023,0.0332
2009-09-28,0.0000,1.8065,11.468,0.0329
2009-09-29,0.0000,1.7374,11.597,0.0347
2009-09-30,0.0000,1.9004,13.339,0.0346
2009-10-01,0.0000,2.0889,14.046,0.0361
2009-10-02,0.0000,1.7044,11.783,0.0394
2009-10-03,0.0132,1.3984,8.664,0.0389
2009-10-04,0.0000,1.3614,8.949,0.0386
2009-10-05,0.1462,1.7367,12.221,0.0376
2009-10-06,14.5165,1.6111,10.982,0.0505
2009-10-07,3.8538,2.1742,15.876,0.0455
2009-10-08,0.2165,2.5148,17.765,0.0423
2009-10-09,10.8543,2.1068,15.436,0.0787
2009-10-10,0.0297,1.6517,11.493,0.0571
2009-10-11,6.9350,1.7632,12.655,0.0849
2009-10-12,13.3941,1.5233,11.018,0.0830
2009-10-13,2.0541,1.4259,9.238,0.1077
2009-10-14,0.0000,1.2637,7.298,0.0513
2009-10-15,0.0231,0.9227,2.335,0.0403
2009-10-16,0.0330,0.8372,1.229,0.0382
2009-10-17,0.8528,1.0140,5.007,0.0457
2009-10-18,0.6069,1.1193,5.749,0.0592
2009-10-19,0.0198,0.9196,2.888,0.0585
2009-10-20,0.0000,0.8474,1.956,0.0491
2009-10-21,0.0000,1.0170,4.591,0.0386
2009-10-22,0.0132,1.3749,9.165,0.0358
2009-10-23,0.2505,1.2160,8.010,0.0357
2009-10-24,0.0670,1.1769,7.208,0.0356
2009-10-25,3.1558,1.2665,8.860,0.0365
2009-10-26,0.5594,1.3610,10.150,0.0400
2009-10-27,0.1132,1.2510,8.829,0.0411
2009-10-28,0.0670,1.2862,9.074,0.0401
2009-10-29,0.0000,1.0155,7.528,0.0379
2009-10-30,0.0000,1.0512,6.395,0.0414
2009-10-31,0.0000,1.1290,7.451,0.0441
2009-11-01,0.0000,1.0323,6.166,0.0448
2009-11-02,9.6927,1.1565,8.483,0.0560
2009-11-03,8.2221,1.1441,8.003,0.1479
2009-11-04,6.7105,1.0248,6.731,0.0828
2009-11-05,16.8606,1.0585,7.154,0.3674
2009-11-06,2.5940,1.0124,6.621,0.3119
2009-11-07,0.3825,1.0273,6.818,0.1254
2009-11-08,5.0858,0.9695,5.904,0.1801
2009-11-09,0.0000,0.9081,4.513,0.1350
2009-11-10,0.8020,0.9467,5.712,0.0925
2009-11-11,1.2076,0.9019,5.105,0.0935
2009-11-12,0.0000,0.8027,3.408,0.0813
2009-11-13,0.4396,0.8808,5.141,0.0717
2009-11-14,0.0363,1.2665,10.375,0.0713
2009-11-15,1.4782,1.2671,10.561,0.0739
2009-11-16,0.7571,1.1369,8.989,0.0784
2009-11-17,11.0765,1.2137,10.473,0.4517
2009-11-18,10.3538,1.1386,9.216,0.9808
2009-11-19,0.0000,1.0748,8.560,0.5541
2009-11-20,0.0670,0.9915,6.960,0.1948
2009-11-21,0.0000,0.9228,6.639,0.1317
2009-11-22,0.0099,1.1271,9.582,0.1119
2009-11-23,2.5168,1.1243,9.630,0.1150
2009-11-24,12.2381,1.0633,8.845,0.6746
2009-11-25,4.2755,1.1471,10.056,2.2991
2009-11-26,3.6785,1.0827,9.166,1.0090
2009-11-27,1.4650,0.9824,7.819,0.8338
2009-11-28,7.0036,0.9251,6.816,3.1418
2009-11-29,10.3580,0.9302,7.047,4.0080
2009-11-30,4.0541,0.9664,7.440,3.4015
2009-12-01,0.0099,0.8106,4.703,1.9670
2009-12-02,1.1502,0.7298,3.622,0.6795
2009-12-03,2.7439,0.7424,3.823,0.5250
2009-12-04,10.3194,0.8859,6.493,3.1163
2009-12-05,0.1264,0.6863,2.600,3.6246
2009-12-06,6.5032,0.7672,4.587,1.3221
2009-12-07,7.7448,0.9796,8.019,4.4289
2009-12-08,1.4099,0.8021,5.293,2.6261
2009-12-09,5.9052,0.8043,5.276,3.5377
2009-12-10,1.4155,0.7993,5.338,1.7776
2009-12-11,7.6102,0.9395,7.911,4.5474
2009-12-12,0.4891,0.8306,5.731,1.8244
2009-12-13,0.5812,0.6604,2.231,0.9079
2009-12-14,0.1736,0.5729,0.253,0.6220
2009-12-15,0.0000,0.4644,-2.636,0.4276
2009-12-16,0.0000,0.4829,-2.088,0.3291
2009-12-17,0.0000,0.4668,-2.904,0.2778
2009-12-18,0.0000,0.4010,-4.891,0.2120
2009-12-19,0.0000,0.4174,-4.324,0.1713
2009-12-20,0.0891,0.2637,-11.030,0.1420
2009-12-21,13.4439,0.3118,-7.623,0.1301
2009-12-22,3.6442,0.4667,-2.478,0.1348
2009-12-23,11.4709,0.6197,1.538,2.0297
2009-12-24,0.0198,0.5674,0.289,1.3925
2009-12-25,7.0327,0.5963,0.908,1.7036
2009-12-26,6.3798,0.6521,2.598,10.5588
2009-12-27,0.0231,0.5833,-0.265,2.1551
2009-12-28,7.7946,0.5283,-0.339,1.0031
2009-12-29,0.0099,0.5967,1.030,3.2037
2009-12-30,13.6534,0.6006,1.493,5.8761
2009-12-31,4.5429,0.9727,8.006,8.8085
